county,administered_date,total_doses,cumulative_total_doses,pfizer_doses,cumulative_pfizer_doses,moderna_doses,cumulative_moderna_doses,jj_doses,cumulative_jj_doses,partially_vaccinated,total_partially_vaccinated,fully_vaccinated,cumulative_fully_vaccinated,at_least_one_dose,cumulative_at_least_one_dose,california_flag
All CA Counties,2020-12-15,1134,1134,1134,1134,0,0,0,0,1134,1134,0,0,1134,1134,
All CA Counties,2020-12-16,8119,9253,8119,9253,0,0,0,0,8119,9253,0,0,8119,9253,
All CA Counties,2020-12-17,25719,34972,25719,34972,0,0,0,0,25721,34974,0,0,25721,34974,
All CA Counties,2020-12-18,43750,78722,43696,78668,54,54,0,0,43751,78725,0,0,43751,78725,
All CA Counties,2020-12-19,25203,103925,25180,103848,23,77,0,0,25202,103926,1,1,25202,103927,
All CA Counties,2020-12-20,18945,122870,18913,122761,32,109,0,0,18944,122869,1,2,18944,122871,
All CA Counties,2020-12-21,49540,172410,49458,172219,82,191,0,0,49543,172411,1,3,49543,172414,
All CA Counties,2020-12-22,49858,222268,47746,219965,2112,2303,0,0,49856,222266,1,4,49856,222270,
All CA Counties,2020-12-23,50255,272523,41545,261510,8710,11013,0,0,50251,272517,0,4,50251,272521,
All CA Counties,2020-12-24,24019,296542,16322,277832,7697,18710,0,0,24016,296532,1,5,24016,296537,
All CA Counties,2020-12-25,2334,298876,2013,279845,321,19031,0,0,2334,298866,0,5,2334,298871,
All CA Counties,2020-12-26,14608,313484,9436,289281,5172,24203,0,0,14607,313472,1,6,14607,313478,
All CA Counties,2020-12-27,9389,322873,5566,294847,3823,28026,0,0,9388,322859,1,7,9388,322866,
All CA Counties,2020-12-28,45656,368529,29273,324120,16383,44409,0,0,45654,368510,3,10,45654,368520,
All CA Counties,2020-12-29,51033,419562,28515,352635,22518,66927,0,0,51029,419536,3,13,51029,419549,
All CA Counties,2020-12-30,62923,482485,35647,388282,27276,94203,0,0,62917,482450,3,16,62917,482466,
All CA Counties,2020-12-31,29295,511780,10844,399126,18451,112654,0,0,29287,511732,5,21,29287,511753,
All CA Counties,2021-01-01,4000,515780,1766,400892,2234,114888,0,0,3996,515725,3,24,3996,515749,
All CA Counties,2021-01-02,18471,534251,10246,411138,8225,123113,0,0,18470,534195,0,24,18470,534219,
All CA Counties,2021-01-03,6148,540399,3478,414616,2670,125783,0,0,6119,540302,12,36,6119,540338,
All CA Counties,2021-01-04,43519,583918,22072,436688,21447,147230,0,0,43440,583699,43,79,43440,583778,
All CA Counties,2021-01-05,56322,640240,29650,466338,26672,173902,0,0,50886,629291,5380,5459,50972,634750,
All CA Counties,2021-01-06,73233,713473,40442,506780,32791,206693,0,0,57943,672149,15113,20572,57971,692721,
All CA Counties,2021-01-07,91780,805253,52178,558958,39602,246295,0,0,61257,703093,30359,50931,61303,754024,
All CA Counties,2021-01-08,106437,911690,63972,622930,42465,288760,0,0,65386,727619,40919,91850,65445,819469,
All CA Counties,2021-01-09,44171,955861,25447,648377,18724,307484,0,0,27691,738877,16458,108308,27716,847185,
All CA Counties,2021-01-10,24267,980128,14828,663205,9439,316923,0,0,13049,740741,11202,119510,13066,860251,
All CA Counties,2021-01-11,104213,1084341,69341,732546,34872,351795,0,0,60503,757738,43671,163181,60668,920919,
All CA Counties,2021-01-12,112554,1196895,66459,799005,46095,397890,0,0,71616,788720,40859,204040,71841,992760,
All CA Counties,2021-01-13,118624,1315519,61465,860470,57159,455049,0,0,85003,840262,33536,237576,85078,1077838,
All CA Counties,2021-01-14,123341,1438860,49522,909992,73819,528868,0,0,103823,924815,19416,256992,103969,1181807,
All CA Counties,2021-01-15,141696,1580556,52067,962059,89629,618497,0,0,126702,1036801,14902,271894,126888,1308695,
All CA Counties,2021-01-16,80349,1660905,27382,989441,52967,671464,0,0,72825,1102175,7499,279393,72873,1381568,
All CA Counties,2021-01-17,48045,1708950,16784,1006225,31261,702725,0,0,44414,1143011,3623,283016,44459,1426027,
All CA Counties,2021-01-18,87668,1796618,45619,1051844,42049,744774,0,0,68526,1192633,19062,302078,68684,1494711,
All CA Counties,2021-01-19,141546,1938164,73401,1125245,68145,812919,0,0,110474,1272440,30980,333058,110787,1605498,
All CA Counties,2021-01-20,159190,2097354,81289,1206534,77901,890820,0,0,125765,1365239,33212,366270,126011,1731509,
All CA Counties,2021-01-21,172767,2270121,76695,1283229,96072,986892,0,0,153780,1500560,18784,385054,154105,1885614,
All CA Counties,2021-01-22,168924,2439045,69034,1352263,99890,1086782,0,0,154698,1641326,14096,399150,154862,2040476,
All CA Counties,2021-01-23,111030,2550075,49432,1401695,61598,1148380,0,0,98483,1727434,12489,411639,98597,2139073,
All CA Counties,2021-01-24,60895,2610970,29483,1431178,31412,1179792,0,0,56264,1779150,4600,416239,56316,2195389,
All CA Counties,2021-01-25,143886,2754856,64924,1496102,78962,1258754,0,0,109188,1854105,34578,450817,109533,2304922,
All CA Counties,2021-01-26,167691,2922547,82394,1578496,85297,1344051,0,0,130555,1947904,37011,487828,130810,2435732,
All CA Counties,2021-01-27,179632,3102179,87968,1666464,91664,1435715,0,0,140461,2049797,38769,526597,140662,2576394,
All CA Counties,2021-01-28,186924,3289103,86059,1752523,100865,1536580,0,0,153095,2169535,33546,560143,153284,2729678,
All CA Counties,2021-01-29,182663,3471766,87968,1840491,94695,1631275,0,0,148281,2284148,33818,593961,148431,2878109,
All CA Counties,2021-01-30,122726,3594492,55147,1895638,67579,1698854,0,0,107732,2377185,14832,608793,107869,2985978,
All CA Counties,2021-01-31,69196,3663688,38907,1934545,30289,1729143,0,0,64134,2436352,5016,613809,64183,3050161,
All CA Counties,2021-02-01,158222,3821910,72911,2007456,85311,1814454,0,0,120075,2518553,38003,651812,120204,3170365,
All CA Counties,2021-02-02,185732,4007642,79473,2086929,106259,1920713,0,0,139984,2613356,45397,697209,140200,3310565,
All CA Counties,2021-02-03,210015,4217657,94990,2181919,115025,2035738,0,0,156040,2716148,53479,750688,156271,3466836,
All CA Counties,2021-02-04,227478,4445135,99845,2281764,127633,2163371,0,0,166902,2823357,60036,810724,167245,3634081,
All CA Counties,2021-02-05,245376,4690511,106293,2388057,139083,2302454,0,0,166823,2912874,77801,888525,167318,3801399,
All CA Counties,2021-02-06,154464,4844975,74695,2462752,79769,2382223,0,0,119805,2998672,34492,923017,120290,3921689,
All CA Counties,2021-02-07,66644,4911619,43085,2505837,23559,2405782,0,0,50237,3033035,16321,939338,50684,3972373,
All CA Counties,2021-02-08,179996,5091615,88373,2594210,91623,2497405,0,0,118867,3091944,60676,1000014,119585,4091958,
All CA Counties,2021-02-09,210372,5301987,101658,2695868,108714,2606119,0,0,126287,3135712,83645,1083659,127413,4219371,
All CA Counties,2021-02-10,247823,5549810,119674,2815542,128149,2734268,0,0,137699,3165566,109298,1192957,139152,4358523,
All CA Counties,2021-02-11,263625,5813435,130642,2946184,132983,2867251,0,0,144734,3194222,117842,1310799,146498,4505021,
All CA Counties,2021-02-12,271284,6084719,118904,3065088,152380,3019631,0,0,146622,3219322,123855,1434654,148955,4653976,
All CA Counties,2021-02-13,166375,6251094,77056,3142144,89319,3108950,0,0,91994,3239289,73966,1508620,93933,4747909,
All CA Counties,2021-02-14,95208,6346302,47456,3189600,47752,3156702,0,0,51580,3248927,43477,1552097,53115,4801024,
All CA Counties,2021-02-15,141611,6487913,62294,3251894,79317,3236019,0,0,78377,3267550,62870,1614967,81493,4882517,
All CA Counties,2021-02-16,247908,6735821,117618,3369512,130290,3366309,0,0,132904,3288865,114649,1729616,135964,5018481,
All CA Counties,2021-02-17,257527,6993348,128166,3497678,129361,3495670,0,0,128364,3291746,128664,1858280,131545,5150026,
All CA Counties,2021-02-18,271475,7264823,141699,3639377,129776,3625446,0,0,131824,3288749,138991,1997271,135994,5286020,
All CA Counties,2021-02-19,251522,7516345,145977,3785354,105545,3730991,0,0,130034,3299816,121022,2118293,132089,5418109,
All CA Counties,2021-02-20,151717,7668062,97157,3882511,54560,3785551,0,0,83421,3317144,68050,2186343,85378,5503487,
All CA Counties,2021-02-21,73245,7741307,59277,3941788,13968,3799519,0,0,35823,3317296,37196,2223539,37348,5540835,
All CA Counties,2021-02-22,162778,7904085,109187,4050975,53591,3853110,0,0,81639,3319811,80819,2304358,83334,5624169,
All CA Counties,2021-02-23,221852,8125937,116606,4167581,105246,3958356,0,0,103006,3310473,118299,2422657,108961,5733130,
All CA Counties,2021-02-24,280952,8406889,141793,4309374,139159,4097515,0,0,134015,3305666,146341,2568998,141534,5874664,
All CA Counties,2021-02-25,315783,8722672,154356,4463730,161427,4258942,0,0,165020,3329049,150118,2719116,173501,6048165,
All CA Counties,2021-02-26,349979,9072651,163133,4626863,186846,4445788,0,0,195945,3379033,153178,2872294,203162,6251327,
All CA Counties,2021-02-27,246509,9319160,118235,4745098,128256,4574044,18,18,139285,3416056,106658,2978952,143681,6395008,
All CA Counties,2021-02-28,129925,9449085,77673,4822771,52249,4626293,3,21,75979,3441311,53556,3032508,78811,6473819,
All CA Counties,2021-03-01,236507,9685592,125422,4948193,111030,4737323,55,76,136834,3483144,99027,3131535,140860,6614679,
All CA Counties,2021-03-02,275413,9961005,134023,5082216,141374,4878697,16,92,163968,3542993,110984,3242519,170833,6785512,
All CA Counties,2021-03-03,327236,10288241,161639,5243855,165556,5044253,41,133,187936,3599553,138665,3381184,195225,6980737,
All CA Counties,2021-03-04,346396,10634637,174384,5418239,171927,5216180,85,218,203018,3666968,142672,3523856,210087,7190824,
All CA Counties,2021-03-05,331519,10966156,161120,5579359,169289,5385469,1110,1328,205307,3755129,125455,3649311,213616,7404440,
All CA Counties,2021-03-06,255351,11221507,130248,5709607,117312,5502781,7791,9119,158263,3829154,96702,3746013,170727,7575167,
All CA Counties,2021-03-07,124170,11345677,75498,5785105,44622,5547403,4050,13169,77186,3867233,46813,3792826,84892,7660059,
All CA Counties,2021-03-08,215153,11560830,103508,5888613,101281,5648684,10364,23533,140263,3948271,74538,3867364,155576,7815635,
All CA Counties,2021-03-09,266528,11827358,115732,6004345,135017,5783701,15779,39312,143910,3989833,122180,3989544,163742,7979377,
All CA Counties,2021-03-10,313439,12140797,153787,6158132,135382,5919083,24270,63582,168350,4042121,144491,4134035,196779,8176156,
All CA Counties,2021-03-11,372569,12513366,179735,6337867,159647,6078730,33187,96769,191557,4090952,180138,4314173,228969,8405125,
All CA Counties,2021-03-12,388228,12901594,172775,6510642,169465,6248195,45988,142757,189579,4132635,197917,4512090,239600,8644725,
All CA Counties,2021-03-13,278300,13179894,121870,6632512,125656,6373851,30774,173531,150192,4190173,127691,4639781,185229,8829954,
All CA Counties,2021-03-14,152562,13332456,81424,6713936,56272,6430123,14866,188397,82275,4219553,70028,4709809,99408,8929362,
All CA Counties,2021-03-15,287471,13619927,136845,6850781,130271,6560394,20355,208752,157118,4270730,129672,4839481,180849,9110211,
All CA Counties,2021-03-16,366704,13986631,171639,7022420,177969,6738363,17096,225848,214649,4354311,151363,4990844,234944,9345155,
All CA Counties,2021-03-17,378724,14365355,186996,7209416,173407,6911770,18321,244169,235130,4467437,142855,5133699,255981,9601136,
All CA Counties,2021-03-18,394325,14759680,200446,7409862,176176,7087946,17703,261872,236709,4567314,156610,5290309,256487,9857623,
All CA Counties,2021-03-19,403568,15163248,211017,7620879,171219,7259165,21332,283204,236591,4661130,166075,5456384,259891,10117514,
All CA Counties,2021-03-20,289822,15453070,151960,7772839,122191,7381356,15671,298875,186193,4761399,103030,5559414,203299,10320813,
All CA Counties,2021-03-21,141261,15594331,97197,7870036,36679,7418035,7385,306260,89195,4807565,51760,5611174,97926,10418739,
All CA Counties,2021-03-22,268550,15862881,156556,8026592,101090,7519125,10904,317164,177612,4908786,90288,5701462,191509,10610248,
All CA Counties,2021-03-23,352394,16215275,193537,8220129,148100,7667225,10757,327921,226760,5024048,124810,5826272,240072,10850320,
All CA Counties,2021-03-24,381843,16597118,218939,8439068,150823,7818048,12081,340002,224937,5107365,155790,5982062,239107,11089427,
All CA Counties,2021-03-25,409809,17006927,225239,8664307,170232,7988280,14338,354340,236103,5187448,172517,6154579,252600,11342027,
All CA Counties,2021-03-26,426626,17433553,227505,8891812,183378,8171658,15743,370083,236108,5252712,189417,6343996,254681,11596708,
All CA Counties,2021-03-27,306508,17740061,162892,9054704,132321,8303979,11295,381378,157613,5275697,148153,6492149,171138,11767846,
All CA Counties,2021-03-28,165999,17906060,105949,9160653,56484,8360463,3566,384944,90918,5297406,74700,6566849,96409,11864255,
All CA Counties,2021-03-29,306280,18212340,165127,9325780,132611,8493074,8542,393486,174564,5351946,131050,6697899,185590,12049845,
All CA Counties,2021-03-30,393581,18605921,198910,9524690,177018,8670092,17653,411139,239607,5457715,153278,6851177,259047,12308892,
All CA Counties,2021-03-31,419354,19025275,227915,9752605,170291,8840383,21148,432287,241037,5543484,177465,7028642,263234,12572126,
All CA Counties,2021-04-01,480936,19506211,245701,9998306,196440,9036823,38795,471082,266783,5637146,213126,7241768,306788,12878914,
All CA Counties,2021-04-02,463751,19969962,226358,10224664,195772,9232595,41621,512703,253784,5725349,208879,7450647,297082,13175996,
All CA Counties,2021-04-03,323058,20293020,164163,10388827,118674,9351269,40221,552924,162305,5768874,160185,7610832,203710,13379706,
All CA Counties,2021-04-04,131314,20424334,68539,10457366,43987,9395256,18788,571712,58651,5774049,72417,7683249,77592,13457298,
All CA Counties,2021-04-05,348534,20772868,179677,10637043,129925,9525181,38932,610644,173638,5814748,174319,7857568,215018,13672316,
All CA Counties,2021-04-06,453117,21225985,230186,10867229,158222,9683403,64709,675353,221683,5872460,230613,8088181,288325,13960641,
All CA Counties,2021-04-07,466165,21692150,242563,11109792,154652,9838055,68950,744303,229089,5935297,236250,8324431,299087,14259728,
All CA Counties,2021-04-08,492527,22184677,249037,11358829,160302,9998357,83188,827491,233376,5995995,258137,8582568,318835,14578563,
All CA Counties,2021-04-09,483012,22667689,240410,11599239,164104,10162461,78498,905989,224143,6043761,257942,8840510,305708,14884271,
All CA Counties,2021-04-10,360887,23028576,165418,11764657,122739,10285200,72730,978719,152853,6064657,207391,9047901,228287,15112558,
All CA Counties,2021-04-11,184359,23212935,102976,11867633,47610,10332810,33773,1012492,76394,6069994,107657,9155558,112994,15225552,
All CA Counties,2021-04-12,335600,23548535,172807,12040440,125466,10458276,37327,1049819,156626,6089332,178132,9333690,197470,15423022,
All CA Counties,2021-04-13,426142,23974677,237684,12278124,187540,10645816,918,1050737,237911,6143790,187351,9521041,241809,15664831,
All CA Counties,2021-04-14,443705,24418382,249552,12527676,193886,10839702,267,1051004,233325,6172474,209347,9730388,238031,15902862,
All CA Counties,2021-04-15,482609,24900991,281537,12809213,200845,11040547,227,1051231,272111,6238372,209215,9939603,275113,16177975,
All CA Counties,2021-04-16,465982,25366973,262706,13071919,202974,11243521,302,1051533,249744,6275621,215170,10154773,252419,16430394,
All CA Counties,2021-04-17,332359,25699332,186862,13258781,145457,11388978,40,1051573,188182,6323423,143513,10298286,191315,16621709,
All CA Counties,2021-04-18,151399,25850731,95871,13354652,55514,11444492,14,1051587,78907,6333174,72146,10370432,81897,16703606,
All CA Counties,2021-04-19,314058,26164789,181535,13536187,132443,11576935,80,1051667,149190,6320192,164097,10534529,151115,16854721,
All CA Counties,2021-04-20,401840,26566629,213879,13750066,187913,11764848,48,1051715,200841,6324010,200094,10734623,203912,17058633,
All CA Counties,2021-04-21,414896,26981525,235380,13985446,179264,11944112,252,1051967,200629,6314867,213068,10947691,203925,17262558,
All CA Counties,2021-04-22,437671,27419196,248713,14234159,188886,12132998,72,1052039,196861,6275336,239593,11187284,200062,17462620,
All CA Counties,2021-04-23,429823,27849019,245405,14479564,184337,12317335,81,1052120,195795,6241631,232831,11420115,199126,17661746,
All CA Counties,2021-04-24,318550,28167569,201779,14681343,116614,12433949,157,1052277,162790,6252870,154902,11575017,166141,17827887,
All CA Counties,2021-04-25,148001,28315570,97674,14779017,50266,12484215,61,1052338,79528,6265766,68091,11643108,80987,17908874,
All CA Counties,2021-04-26,267712,28583282,156419,14935436,109887,12594102,1406,1053744,116214,6236983,150696,11793804,121913,18030787,
All CA Counties,2021-04-27,336039,28919321,185810,15121246,144911,12739013,5318,1059062,135074,6180361,199983,11993787,143361,18174148,
All CA Counties,2021-04-28,343522,29262843,197128,15318374,138733,12877746,7661,1066723,139906,6127505,202697,12196484,149841,18323989,
All CA Counties,2021-04-29,350958,29613801,202693,15521067,140582,13018328,7683,1074406,126377,6039798,223579,12420063,135872,18459861,
All CA Counties,2021-04-30,363208,29977009,208507,15729574,146130,13164458,8571,1082977,137741,5963564,224431,12644494,148197,18608058,
All CA Counties,2021-05-01,242900,30219909,155400,15884974,81678,13246136,5822,1088799,89214,5907773,153035,12797529,97244,18705302,
All CA Counties,2021-05-02,114885,30334794,80057,15965031,31070,13277206,3758,1092557,40563,5878497,73963,12871492,44687,18749989,
All CA Counties,2021-05-03,245089,30579883,150412,16115443,86224,13363430,8453,1101010,74386,5792234,169971,13041463,83708,18833697,
All CA Counties,2021-05-04,319911,30899794,195409,16310852,115085,13478515,9417,1110427,94111,5672053,224856,13266319,104675,18938372,
All CA Counties,2021-05-05,301909,31201703,192942,16503794,99333,13577848,9634,1120061,84948,5551663,215939,13482258,95549,19033921,
All CA Counties,2021-05-06,306260,31507963,203094,16706888,93332,13671180,9834,1129895,77687,5413349,227515,13709773,89201,19123122,
All CA Counties,2021-05-07,226575,31734538,144589,16851477,76911,13748091,5075,1134970,58503,5310513,167289,13877062,64453,19187575,
All CA Counties,2021-05-08,134940,31869478,90385,16941862,41516,13789607,3039,1138009,28343,5239585,106145,13983207,35217,19222792,
All CA and Non-CA Counties,2020-12-15,1141,1141,1141,1141,0,0,0,0,1141,1141,0,0,1141,1141,
All CA and Non-CA Counties,2020-12-16,8384,9525,8384,9525,0,0,0,0,8384,9525,0,0,8384,9525,
All CA and Non-CA Counties,2020-12-17,27321,36846,27321,36846,0,0,0,0,27321,36846,0,0,27321,36846,
All CA and Non-CA Counties,2020-12-18,46315,83161,46254,83100,61,61,0,0,46315,83161,0,0,46315,83161,
All CA and Non-CA Counties,2020-12-19,26323,109484,26299,109399,24,85,0,0,26322,109482,1,1,26322,109483,
All CA and Non-CA Counties,2020-12-20,19644,129128,19609,129008,35,120,0,0,19643,129124,1,2,19643,129126,
All CA and Non-CA Counties,2020-12-21,51730,180858,51645,180653,85,205,0,0,51728,180851,1,3,51728,180854,
All CA and Non-CA Counties,2020-12-22,51923,232781,49737,230390,2186,2391,0,0,51921,232771,1,4,51921,232775,
All CA and Non-CA Counties,2020-12-23,51772,284553,42928,273318,8844,11235,0,0,51768,284539,0,4,51768,284543,
All CA and Non-CA Counties,2020-12-24,24822,309375,16933,290251,7889,19124,0,0,24819,309357,1,5,24819,309362,
All CA and Non-CA Counties,2020-12-25,2367,311742,2042,292293,325,19449,0,0,2367,311724,0,5,2367,311729,
All CA and Non-CA Counties,2020-12-26,14915,326657,9640,301933,5275,24724,0,0,14914,326637,1,6,14914,326643,
All CA and Non-CA Counties,2020-12-27,9578,336235,5639,307572,3939,28663,0,0,9577,336213,1,7,9577,336220,
All CA and Non-CA Counties,2020-12-28,47072,383307,30171,337743,16901,45564,0,0,47069,383279,3,10,47069,383289,
All CA and Non-CA Counties,2020-12-29,52584,435891,29534,367277,23050,68614,0,0,52580,435856,3,13,52580,435869,
All CA and Non-CA Counties,2020-12-30,64902,500793,36933,404210,27969,96583,0,0,64894,500747,3,16,64894,500763,
All CA and Non-CA Counties,2020-12-31,30415,531208,11443,415653,18972,115555,0,0,30405,531146,6,22,30405,531168,
All CA and Non-CA Counties,2021-01-01,4111,535319,1789,417442,2322,117877,0,0,4107,535250,3,25,4107,535275,
All CA and Non-CA Counties,2021-01-02,18709,554028,10377,427819,8332,126209,0,0,18707,553956,1,26,18707,553982,
All CA and Non-CA Counties,2021-01-03,6318,560346,3568,431387,2750,128959,0,0,6289,560233,12,38,6289,560271,
All CA and Non-CA Counties,2021-01-04,44667,605013,22587,453974,22080,151039,0,0,44583,604773,43,81,44583,604854,
All CA and Non-CA Counties,2021-01-05,57862,662875,30461,484435,27401,178440,0,0,52236,651526,5569,5650,52322,657176,
All CA and Non-CA Counties,2021-01-06,75968,738843,42065,526500,33903,212343,0,0,59922,695611,15865,21515,59950,717126,
All CA and Non-CA Counties,2021-01-07,96030,834873,54818,581318,41212,253555,0,0,63815,727425,32049,53564,63863,780989,
All CA and Non-CA Counties,2021-01-08,110981,945854,66917,648235,44064,297619,0,0,68030,752708,42809,96373,68092,849081,
All CA and Non-CA Counties,2021-01-09,45490,991344,25975,674210,19515,317134,0,0,28686,764639,16782,113155,28713,877794,
All CA and Non-CA Counties,2021-01-10,24568,1015912,15008,689218,9560,326694,0,0,13231,766566,11321,124476,13248,891042,
All CA and Non-CA Counties,2021-01-11,107539,1123451,71373,760591,36166,362860,0,0,62493,784218,45006,169482,62658,953700,
All CA and Non-CA Counties,2021-01-12,116441,1239892,68778,829369,47663,410523,0,0,73960,816008,42397,211879,74187,1027887,
All CA and Non-CA Counties,2021-01-13,122322,1362214,63280,892649,59042,469565,0,0,87527,868901,34711,246590,87604,1115491,
All CA and Non-CA Counties,2021-01-14,127083,1489297,50799,943448,76284,545849,0,0,106926,955933,20042,266632,107074,1222565,
All CA and Non-CA Counties,2021-01-15,145964,1635261,53065,996513,92899,638748,0,0,130502,1071264,15357,281989,130688,1353253,
All CA and Non-CA Counties,2021-01-16,83050,1718311,27769,1024282,55281,694029,0,0,75357,1139003,7666,289655,75405,1428658,
All CA and Non-CA Counties,2021-01-17,48542,1766853,16935,1041217,31607,725636,0,0,44862,1180238,3672,293327,44907,1473565,
All CA and Non-CA Counties,2021-01-18,88917,1855770,46440,1087657,42477,768113,0,0,69317,1230195,19519,312846,69476,1543041,
All CA and Non-CA Counties,2021-01-19,145601,2001371,74740,1162397,70861,838974,0,0,113635,1312273,31873,344719,113951,1656992,
All CA and Non-CA Counties,2021-01-20,163657,2165028,82776,1245173,80881,919855,0,0,129248,1407574,34194,378913,129495,1786487,
All CA and Non-CA Counties,2021-01-21,176949,2341977,77869,1323042,99080,1018935,0,0,157400,1545966,19333,398246,157725,1944212,
All CA and Non-CA Counties,2021-01-22,173578,2515555,70141,1393183,103437,1122372,0,0,158958,1690603,14486,412732,159123,2103335,
All CA and Non-CA Counties,2021-01-23,113289,2628844,49767,1442950,63522,1185894,0,0,100581,1778648,12650,425382,100695,2204030,
All CA and Non-CA Counties,2021-01-24,61500,2690344,29730,1472680,31770,1217664,0,0,56792,1830814,4678,430060,56844,2260874,
All CA and Non-CA Counties,2021-01-25,148363,2838707,66895,1539575,81468,1299132,0,0,112798,1908517,35441,465501,113144,2374018,
All CA and Non-CA Counties,2021-01-26,173731,3012438,85379,1624954,88352,1387484,0,0,135752,2006675,37856,503357,136014,2510032,
All CA and Non-CA Counties,2021-01-27,184466,3196904,90658,1715612,93808,1481292,0,0,144681,2112179,39379,542736,144883,2654915,
All CA and Non-CA Counties,2021-01-28,192367,3389271,89090,1804702,103277,1584569,0,0,157956,2236204,34120,576856,158145,2813060,
All CA and Non-CA Counties,2021-01-29,187753,3577024,91212,1895914,96541,1681110,0,0,152590,2354347,34599,611455,152742,2965802,
All CA and Non-CA Counties,2021-01-30,127245,3704269,57620,1953534,69625,1750735,0,0,112026,2451453,15058,626513,112164,3077966,
All CA and Non-CA Counties,2021-01-31,72380,3776649,41672,1995206,30708,1781443,0,0,67261,2513690,5074,631587,67311,3145277,
All CA and Non-CA Counties,2021-02-01,163727,3940376,75503,2070709,88224,1869667,0,0,124874,2599990,38703,670290,125003,3270280,
All CA and Non-CA Counties,2021-02-02,192558,4132934,81704,2152413,110854,1980521,0,0,146083,2700173,46116,716406,146299,3416579,
All CA and Non-CA Counties,2021-02-03,217383,4350317,97117,2249530,120266,2100787,0,0,162531,2808589,54347,770753,162763,3579342,
All CA and Non-CA Counties,2021-02-04,234329,4584646,102071,2351601,132258,2233045,0,0,172760,2920673,61020,831773,173104,3752446,
All CA and Non-CA Counties,2021-02-05,252193,4836839,108520,2460121,143673,2376718,0,0,172573,3014874,78867,910640,173068,3925514,
All CA and Non-CA Counties,2021-02-06,158927,4995766,76873,2536994,82054,2458772,0,0,123803,3104214,34951,945591,124291,4049805,
All CA and Non-CA Counties,2021-02-07,68898,5064664,44954,2581948,23944,2482716,0,0,52412,3140675,16400,961991,52861,4102666,
All CA and Non-CA Counties,2021-02-08,185443,5250107,91854,2673802,93589,2576305,0,0,123219,3202851,61761,1023752,123937,4226603,
All CA and Non-CA Counties,2021-02-09,214730,5464837,103640,2777442,111090,2687395,0,0,129323,3248358,84956,1108708,130463,4357066,
All CA and Non-CA Counties,2021-02-10,253388,5718225,121568,2899010,131820,2819215,0,0,140800,3278899,111754,1220462,142295,4499361,
All CA and Non-CA Counties,2021-02-11,268429,5986654,132874,3031884,135555,2954770,0,0,148191,3309690,119181,1339643,149972,4649333,
All CA and Non-CA Counties,2021-02-12,276526,6263180,120855,3152739,155671,3110441,0,0,150030,3336371,125686,1465329,152367,4801700,
All CA and Non-CA Counties,2021-02-13,168789,6431969,77754,3230493,91035,3201476,0,0,93865,3357675,74512,1539841,95816,4897516,
All CA and Non-CA Counties,2021-02-14,96540,6528509,47856,3278349,48684,3250160,0,0,52670,3368167,43715,1583556,54207,4951723,
All CA and Non-CA Counties,2021-02-15,144159,6672668,63840,3342189,80319,3330479,0,0,79604,3386715,64176,1647732,82724,5034447,
All CA and Non-CA Counties,2021-02-16,254439,6927107,120597,3462786,133842,3464321,0,0,135546,3406799,118527,1766259,138611,5173058,
All CA and Non-CA Counties,2021-02-17,263424,7190531,131106,3593892,132318,3596639,0,0,130195,3407455,132724,1898983,133380,5306438,
All CA and Non-CA Counties,2021-02-18,277962,7468493,145487,3739379,132475,3729114,0,0,133880,3402101,143405,2042388,138051,5444489,
All CA and Non-CA Counties,2021-02-19,257431,7725924,150128,3889507,107303,3836417,0,0,132495,3412188,124464,2166852,134551,5579040,
All CA and Non-CA Counties,2021-02-20,155036,7880960,99819,3989326,55217,3891634,0,0,84623,3428608,70161,2237013,86581,5665621,
All CA and Non-CA Counties,2021-02-21,75072,7956032,60888,4050214,14184,3905818,0,0,36455,3428201,38387,2275400,37980,5703601,
All CA and Non-CA Counties,2021-02-22,166243,8122275,111723,4161937,54520,3960338,0,0,83263,3430506,82658,2358058,84963,5788564,
All CA and Non-CA Counties,2021-02-23,227750,8350025,119887,4281824,107863,4068201,0,0,105325,3419929,121871,2479929,111294,5899858,
All CA and Non-CA Counties,2021-02-24,287311,8637336,145299,4427123,142012,4210213,0,0,136508,3413759,150202,2630131,144032,6043890,
All CA and Non-CA Counties,2021-02-25,322745,8960081,157898,4585021,164847,4375060,0,0,168165,3436505,153904,2784035,176650,6220540,
All CA and Non-CA Counties,2021-02-26,356816,9316897,166762,4751783,190054,4565114,0,0,199136,3486114,156745,2940780,206354,6426894,
All CA and Non-CA Counties,2021-02-27,251842,9568739,120823,4872606,131000,4696114,19,19,141156,3521561,110109,3050889,145556,6572450,
All CA and Non-CA Counties,2021-02-28,132367,9701106,79454,4952060,52909,4749023,4,23,76783,3545988,55190,3106079,79617,6652067,
All CA and Non-CA Counties,2021-03-01,241267,9942373,128372,5080432,112839,4861862,56,79,138161,3585729,102452,3208531,142193,6794260,
All CA and Non-CA Counties,2021-03-02,281609,10223982,136033,5216465,145560,5007422,16,95,165852,3643164,115284,3323815,172719,6966979,
All CA and Non-CA Counties,2021-03-03,334989,10558971,164600,5381065,170346,5177768,43,138,190530,3697178,143811,3467626,197825,7164804,
All CA and Non-CA Counties,2021-03-04,353165,10912136,177266,5558331,175810,5353578,89,227,205371,3762551,147073,3614699,212446,7377250,
All CA and Non-CA Counties,2021-03-05,336574,11248710,163572,5721903,171878,5525456,1124,1351,207914,3850892,127903,3742602,216244,7593494,
All CA and Non-CA Counties,2021-03-06,259955,11508665,132368,5854271,119639,5645095,7948,9299,160600,3925154,98967,3841569,173229,7766723,
All CA and Non-CA Counties,2021-03-07,125721,11634386,76477,5930748,45141,5690236,4103,13402,78116,3963598,47432,3889001,85876,7852599,
All CA and Non-CA Counties,2021-03-08,218163,11852549,105254,6036002,102299,5792535,10610,24012,142367,4046114,75417,3964418,157933,8010532,
All CA and Non-CA Counties,2021-03-09,270833,12123382,117774,6153776,136955,5929490,16104,40116,146343,4088565,124049,4088467,166500,8177032,
All CA and Non-CA Counties,2021-03-10,317636,12441018,155718,6309494,137142,6066632,24776,64892,170889,4142254,146142,4234609,199831,8376863,
All CA and Non-CA Counties,2021-03-11,378713,12819731,182852,6492346,161984,6228616,33877,98769,194863,4192252,182968,4417577,232966,8609829,
All CA and Non-CA Counties,2021-03-12,394632,13214363,176607,6668953,171306,6399922,46719,145488,193078,4235271,200812,4618389,243831,8853660,
All CA and Non-CA Counties,2021-03-13,282035,13496398,124013,6792966,126783,6526705,31239,176727,152782,4294728,128830,4747219,188287,9041947,
All CA and Non-CA Counties,2021-03-14,154327,13650725,82324,6875290,56811,6583516,15192,191919,83322,4324763,70747,4817966,100782,9142729,
All CA and Non-CA Counties,2021-03-15,291416,13942141,138875,7014165,131743,6715259,20798,212717,159208,4376626,131524,4949490,183387,9326116,
All CA and Non-CA Counties,2021-03-16,373971,14316112,175762,7189927,180742,6896001,17467,230184,218621,4461255,154655,5104145,239284,9565400,
All CA and Non-CA Counties,2021-03-17,386761,14702873,192043,7381970,176031,7072032,18687,248871,239841,4576139,146175,5250320,261059,9826459,
All CA and Non-CA Counties,2021-03-18,402491,15105364,205452,7587422,178814,7250846,18225,267096,241455,4677872,160022,5410342,261755,10088214,
All CA and Non-CA Counties,2021-03-19,410844,15516208,215324,7802746,173650,7424496,21870,288966,240985,4773741,168957,5579299,264826,10353040,
All CA and Non-CA Counties,2021-03-20,294530,15810738,155035,7957781,123738,7548234,15757,304723,189812,4876634,104111,5683410,207004,10560044,
All CA and Non-CA Counties,2021-03-21,143279,15954017,98559,8056340,37248,7585482,7472,312195,90814,4924111,52156,5735566,99633,10659677,
All CA and Non-CA Counties,2021-03-22,271794,16225811,158506,8214846,102296,7687778,10992,323187,179851,5026666,91281,5826847,193836,10853513,
All CA and Non-CA Counties,2021-03-23,358391,16584202,196593,8411439,150763,7838541,11035,334222,230965,5144634,126588,5953435,244556,11098069,
All CA and Non-CA Counties,2021-03-24,389090,16973292,222665,8634104,153921,7992462,12504,346726,230019,5231296,157948,6111383,244610,11342679,
All CA and Non-CA Counties,2021-03-25,418025,17391317,229085,8863189,174116,8166578,14824,361550,242153,5315761,174671,6286054,259136,11601815,
All CA and Non-CA Counties,2021-03-26,433229,17824546,230977,9094166,186332,8352910,15920,377470,240603,5383614,191499,6477553,259352,11861167,
All CA and Non-CA Counties,2021-03-27,311798,18136344,165911,9260077,134493,8487403,11394,388864,161023,5408230,150029,6627582,174645,12035812,
All CA and Non-CA Counties,2021-03-28,169024,18305368,107548,9367625,57753,8545156,3723,392587,92946,5431133,75691,6703273,98594,12134406,
All CA and Non-CA Counties,2021-03-29,311319,18616687,167342,9534967,135104,8680260,8873,401460,177577,5486995,133073,6836346,188935,12323341,
All CA and Non-CA Counties,2021-03-30,400357,19017044,202475,9737442,179687,8859947,18195,419655,243818,5594970,155833,6992179,263808,12587149,
All CA and Non-CA Counties,2021-03-31,425574,19442618,231648,9969090,172021,9031968,21905,441560,244542,5682287,180176,7172355,267493,12854642,
All CA and Non-CA Counties,2021-04-01,488096,19930714,249915,10219005,198767,9230735,39414,480974,271036,5777913,216029,7388384,311655,13166297,
All CA and Non-CA Counties,2021-04-02,471883,20402597,230545,10449550,198587,9429322,42751,523725,258138,5867828,212651,7601035,302566,13468863,
All CA and Non-CA Counties,2021-04-03,329118,20731715,167765,10617315,119988,9549310,41365,565090,165486,5912803,163060,7764095,208035,13676898,
All CA and Non-CA Counties,2021-04-04,133086,20864801,69405,10686720,44659,9593969,19022,584112,59643,5918423,73197,7837292,78817,13755715,
All CA and Non-CA Counties,2021-04-05,352498,21217299,181604,10868324,131313,9725282,39581,623693,175566,5959666,176353,8013645,217596,13973311,
All CA and Non-CA Counties,2021-04-06,459841,21677140,233756,11102080,159822,9885104,66263,689956,224428,6017701,234585,8248230,292620,14265931,
All CA and Non-CA Counties,2021-04-07,473890,22151030,246879,11348959,156406,10041510,70605,760561,232237,6080756,240824,8489054,303879,14569810,
All CA and Non-CA Counties,2021-04-08,500344,22651374,253085,11602044,162169,10203679,85090,845651,236563,6141908,262765,8751819,323917,14893727,
All CA and Non-CA Counties,2021-04-09,490293,23141667,244081,11846125,165805,10369484,80407,926058,227069,6190160,262293,9014112,310545,15204272,
All CA and Non-CA Counties,2021-04-10,366924,23508591,168468,12014593,123882,10493366,74574,1000632,154580,6210305,211710,9225822,231855,15436127,
All CA and Non-CA Counties,2021-04-11,187181,23695772,104495,12119088,48282,10541648,34404,1035036,77419,6215504,109452,9335274,114651,15550778,
All CA and Non-CA Counties,2021-04-12,339458,24035230,174909,12293997,126694,10668342,37855,1072891,158364,6234985,180254,9515528,199735,15750513,
All CA and Non-CA Counties,2021-04-13,431669,24466899,241176,12535173,189551,10857893,942,1073833,240675,6289466,190116,9705644,244597,15995110,
All CA and Non-CA Counties,2021-04-14,448786,24915685,252736,12787909,195780,11053673,270,1074103,236072,6318560,211687,9917331,240781,16235891,
All CA and Non-CA Counties,2021-04-15,488511,25404196,285110,13073019,203167,11256840,234,1074337,275318,6385023,211865,10129196,278328,16514219,
All CA and Non-CA Counties,2021-04-16,471860,25876056,266106,13339125,205445,11462285,309,1074646,253113,6423148,217671,10346867,255796,16770015,
All CA and Non-CA Counties,2021-04-17,337509,26213565,189900,13529025,147568,11609853,41,1074687,191113,6471670,145725,10492592,194247,16964262,
All CA and Non-CA Counties,2021-04-18,153485,26367050,97027,13626052,56443,11666296,15,1074702,79906,6481340,73228,10565820,82898,17047160,
All CA and Non-CA Counties,2021-04-19,318205,26685255,183517,13809569,134607,11800903,81,1074783,151371,6468587,166052,10731872,153299,17200459,
All CA and Non-CA Counties,2021-04-20,407275,27092530,216423,14025992,190804,11991707,48,1074831,203167,6471629,203196,10935068,206238,17406697,
All CA and Non-CA Counties,2021-04-21,421423,27513953,238235,14264227,182934,12174641,254,1075085,203142,6461001,217069,11152137,206441,17613138,
All CA and Non-CA Counties,2021-04-22,444729,27958682,252519,14516746,192135,12366776,75,1075160,199762,6420225,243743,11395880,202967,17816105,
All CA and Non-CA Counties,2021-04-23,435856,28394538,248550,14765296,187224,12554000,82,1075242,198491,6385895,236155,11632035,201825,18017930,
All CA and Non-CA Counties,2021-04-24,323472,28718010,205216,14970512,118095,12672095,161,1075403,165052,6396748,157557,11789592,168410,18186340,
All CA and Non-CA Counties,2021-04-25,150184,28868194,98973,15069485,51148,12723243,63,1075466,80673,6409758,69126,11858718,82136,18268476,
All CA and Non-CA Counties,2021-04-26,271230,29139424,157948,15227433,111854,12835097,1428,1076894,117827,6380712,152594,12011312,123548,18392024,
All CA and Non-CA Counties,2021-04-27,341108,29480532,187527,15414960,147974,12983071,5607,1082501,136996,6323166,203123,12214435,145577,18537601,
All CA and Non-CA Counties,2021-04-28,348400,29828932,199224,15614184,141118,13124189,8058,1090559,141922,6269873,205549,12419984,152256,18689857,
All CA and Non-CA Counties,2021-04-29,355777,30184709,204880,15819064,142785,13266974,8112,1098671,128291,6181624,226465,12646449,138216,18828073,
All CA and Non-CA Counties,2021-04-30,368091,30552800,210875,16029939,148228,13415202,8988,1107659,139675,6104803,227370,12873819,150549,18978622,
All CA and Non-CA Counties,2021-05-01,246049,30798849,157230,16187169,82565,13497767,6254,1113913,90510,6048893,154881,13028700,98971,19077593,
All CA and Non-CA Counties,2021-05-02,116754,30915603,81139,16268308,31733,13529500,3882,1117795,41427,6019602,74966,13103666,45675,19123268,
All CA and Non-CA Counties,2021-05-03,248061,31163664,152097,16420405,87215,13616715,8749,1126544,75709,5933312,171616,13275282,85326,19208594,
All CA and Non-CA Counties,2021-05-04,324128,31487792,197724,16618129,116516,13733231,9888,1136432,95928,5813025,227249,13502531,106962,19315556,
All CA and Non-CA Counties,2021-05-05,306445,31794237,195567,16813696,100836,13834067,10042,1146474,86978,5692578,218436,13720967,97989,19413545,
All CA and Non-CA Counties,2021-05-06,310752,32104989,205853,17019549,94687,13928754,10212,1156686,79705,5554197,229980,13950947,91599,19505144,
All CA and Non-CA Counties,2021-05-07,229705,32334694,146426,17165975,77955,14006709,5324,1162010,59778,5451031,169141,14120088,65975,19571119,
All CA and Non-CA Counties,2021-05-08,137148,32471842,91974,17257949,41985,14048694,3189,1165199,29284,5379930,107409,14227497,36308,19607427,
Outside California,2020-12-15,7,7,7,7,0,0,0,0,7,7,0,0,7,7,Not in California
Outside California,2020-12-16,265,272,265,272,0,0,0,0,265,272,0,0,265,272,Not in California
Outside California,2020-12-17,1600,1872,1600,1872,0,0,0,0,1600,1872,0,0,1600,1872,Not in California
Outside California,2020-12-18,2556,4428,2549,4421,7,7,0,0,2556,4428,0,0,2556,4428,Not in California
Outside California,2020-12-19,1039,5467,1038,5459,1,8,0,0,1039,5467,0,0,1039,5467,Not in California
Outside California,2020-12-20,675,6142,672,6131,3,11,0,0,675,6142,0,0,675,6142,Not in California
Outside California,2020-12-21,2185,8327,2182,8313,3,14,0,0,2185,8327,0,0,2185,8327,Not in California
Outside California,2020-12-22,2061,10388,1987,10300,74,88,0,0,2061,10388,0,0,2061,10388,Not in California
Outside California,2020-12-23,1517,11905,1383,11683,134,222,0,0,1517,11905,0,0,1517,11905,Not in California
Outside California,2020-12-24,803,12708,611,12294,192,414,0,0,803,12708,0,0,803,12708,Not in California
Outside California,2020-12-25,33,12741,29,12323,4,418,0,0,33,12741,0,0,33,12741,Not in California
Outside California,2020-12-26,306,13047,203,12526,103,521,0,0,306,13047,0,0,306,13047,Not in California
Outside California,2020-12-27,189,13236,73,12599,116,637,0,0,189,13236,0,0,189,13236,Not in California
Outside California,2020-12-28,1412,14648,894,13493,518,1155,0,0,1412,14648,0,0,1412,14648,Not in California
Outside California,2020-12-29,1548,16196,1016,14509,532,1687,0,0,1548,16196,0,0,1548,16196,Not in California
Outside California,2020-12-30,1920,18116,1230,15739,690,2377,0,0,1920,18116,0,0,1920,18116,Not in California
Outside California,2020-12-31,1118,19234,599,16338,519,2896,0,0,1117,19232,1,1,1117,19233,Not in California
Outside California,2021-01-01,111,19345,23,16361,88,2984,0,0,111,19343,0,1,111,19344,Not in California
Outside California,2021-01-02,237,19582,131,16492,106,3090,0,0,236,19578,1,2,236,19580,Not in California
Outside California,2021-01-03,170,19752,90,16582,80,3170,0,0,170,19748,0,2,170,19750,Not in California
Outside California,2021-01-04,1145,20897,512,17094,633,3803,0,0,1141,20889,0,2,1141,20891,Not in California
Outside California,2021-01-05,1539,22436,811,17905,728,4531,0,0,1348,22048,189,191,1348,22239,Not in California
Outside California,2021-01-06,2705,25141,1595,19500,1110,5641,0,0,1973,23292,729,920,1973,24212,Not in California
Outside California,2021-01-07,4140,29281,2533,22033,1607,7248,0,0,2486,24128,1652,2572,2488,26700,Not in California
Outside California,2021-01-08,4518,33799,2924,24957,1594,8842,0,0,2639,24901,1869,4441,2642,29342,Not in California
Outside California,2021-01-09,1316,35115,526,25483,790,9632,0,0,991,25570,324,4765,993,30335,Not in California
Outside California,2021-01-10,301,35416,180,25663,121,9753,0,0,182,25633,119,4884,182,30517,Not in California
Outside California,2021-01-11,3303,38719,2009,27672,1294,11047,0,0,1972,26274,1331,6215,1972,32489,Not in California
Outside California,2021-01-12,3877,42596,2311,29983,1566,12613,0,0,2336,27074,1537,7752,2337,34826,Not in California
Outside California,2021-01-13,3687,46283,1804,31787,1883,14496,0,0,2512,28413,1175,8927,2514,37340,Not in California
Outside California,2021-01-14,3738,50021,1274,33061,2464,16960,0,0,3099,30888,626,9553,3101,40441,Not in California
Outside California,2021-01-15,4263,54284,994,34055,3269,20229,0,0,3795,34228,455,10008,3795,44236,Not in California
Outside California,2021-01-16,2694,56978,380,34435,2314,22543,0,0,2526,36588,166,10174,2526,46762,Not in California
Outside California,2021-01-17,494,57472,148,34583,346,22889,0,0,445,36984,49,10223,445,47207,Not in California
Outside California,2021-01-18,1195,58667,767,35350,428,23317,0,0,739,37269,455,10678,740,47947,Not in California
Outside California,2021-01-19,4032,62699,1317,36667,2715,26032,0,0,3140,39520,892,11570,3143,51090,Not in California
Outside California,2021-01-20,4388,67087,1408,38075,2980,29012,0,0,3455,42046,930,12500,3456,54546,Not in California
Outside California,2021-01-21,4122,71209,1116,39191,3006,32018,0,0,3559,45057,548,13048,3559,58105,Not in California
Outside California,2021-01-22,4618,75827,1076,40267,3542,35560,0,0,4224,48892,390,13438,4225,62330,Not in California
Outside California,2021-01-23,2248,78075,330,40597,1918,37478,0,0,2087,50818,161,13599,2087,64417,Not in California
Outside California,2021-01-24,603,78678,245,40842,358,37836,0,0,525,51265,78,13677,525,64942,Not in California
Outside California,2021-01-25,4456,83134,1953,42795,2503,40339,0,0,3593,53999,860,14537,3594,68536,Not in California
Outside California,2021-01-26,5942,89076,2891,45686,3051,43390,0,0,5096,58257,845,15382,5103,73639,Not in California
Outside California,2021-01-27,4817,93893,2673,48359,2144,45534,0,0,4204,61853,609,15991,4205,77844,Not in California
Outside California,2021-01-28,5288,99181,2879,51238,2409,47943,0,0,4763,66102,514,16505,4763,82607,Not in California
Outside California,2021-01-29,4943,104124,3098,54336,1845,49788,0,0,4158,69482,780,17285,4160,86767,Not in California
Outside California,2021-01-30,4509,108633,2465,56801,2044,51832,0,0,4281,73539,225,17510,4282,91049,Not in California
Outside California,2021-01-31,3168,111801,2749,59550,419,52251,0,0,3111,76594,57,17567,3112,94161,Not in California
Outside California,2021-02-01,5469,117270,2558,62108,2911,55162,0,0,4778,80689,683,18250,4778,98939,Not in California
Outside California,2021-02-02,6756,124026,2163,64271,4593,59755,0,0,6036,86012,713,18963,6036,104975,Not in California
Outside California,2021-02-03,7318,131344,2081,66352,5237,64992,0,0,6452,91608,857,19820,6453,111428,Not in California
Outside California,2021-02-04,6790,138134,2170,68522,4620,69612,0,0,5802,96432,979,20799,5803,117231,Not in California
Outside California,2021-02-05,6795,144929,2212,70734,4583,74195,0,0,5732,101105,1059,21858,5732,122963,Not in California
Outside California,2021-02-06,4444,149373,2164,72898,2280,76475,0,0,3983,104639,452,22310,3986,126949,Not in California
Outside California,2021-02-07,2246,151619,1861,74759,385,76860,0,0,2169,106733,77,22387,2171,129120,Not in California
Outside California,2021-02-08,5394,157013,3431,78190,1963,78823,0,0,4338,110025,1046,23433,4338,133458,Not in California
Outside California,2021-02-09,4339,161352,1964,80154,2375,81198,0,0,3032,111775,1296,24729,3046,136504,Not in California
Outside California,2021-02-10,5530,166882,1864,82018,3666,84864,0,0,3092,112479,2430,27159,3134,139638,Not in California
Outside California,2021-02-11,4711,171593,2140,84158,2571,87435,0,0,3414,114622,1288,28447,3431,143069,Not in California
Outside California,2021-02-12,5200,176793,1917,86075,3283,90718,0,0,3391,116215,1802,30249,3395,146464,Not in California
Outside California,2021-02-13,2399,179192,695,86770,1704,92422,0,0,1854,117536,545,30794,1866,148330,Not in California
Outside California,2021-02-14,1325,180517,399,87169,926,93348,0,0,1085,118386,237,31031,1087,149417,Not in California
Outside California,2021-02-15,2505,183022,1509,88678,996,94344,0,0,1199,118296,1293,32324,1203,150620,Not in California
Outside California,2021-02-16,6427,189449,2884,91562,3543,97887,0,0,2611,117107,3805,36129,2616,153236,Not in California
Outside California,2021-02-17,5887,195336,2932,94494,2955,100842,0,0,1827,114883,4055,40184,1831,155067,Not in California
Outside California,2021-02-18,6382,201718,3688,98182,2694,103536,0,0,2037,112593,4328,44512,2038,157105,Not in California
Outside California,2021-02-19,5713,207431,3961,102143,1752,105288,0,0,2403,111692,3305,47817,2404,159509,Not in California
Outside California,2021-02-20,3307,210738,2657,104800,650,105938,0,0,1197,110784,2106,49923,1198,160707,Not in California
Outside California,2021-02-21,1809,212547,1593,106393,216,106154,0,0,628,110235,1177,51100,628,161335,Not in California
Outside California,2021-02-22,3456,216003,2527,108920,929,107083,0,0,1618,110022,1836,52936,1623,162958,Not in California
Outside California,2021-02-23,5835,221838,3230,112150,2605,109688,0,0,2304,108815,3525,56461,2318,165276,Not in California
Outside California,2021-02-24,6316,228154,3471,115621,2845,112533,0,0,2479,107467,3832,60293,2484,167760,Not in California
Outside California,2021-02-25,6886,235040,3482,119103,3404,115937,0,0,3118,106852,3737,64030,3122,170882,Not in California
Outside California,2021-02-26,6797,241837,3604,122707,3193,119130,0,0,3167,106468,3552,67582,3168,174050,Not in California
Outside California,2021-02-27,5305,247142,2573,125280,2731,121861,1,1,1851,104880,3443,71025,1855,175905,Not in California
Outside California,2021-02-28,2425,249567,1768,127048,656,122517,1,2,794,104047,1629,72654,796,176701,Not in California
Outside California,2021-03-01,4715,254282,2923,129971,1791,124308,1,3,1303,101951,3405,76059,1309,178010,Not in California
Outside California,2021-03-02,6177,260459,2003,131974,4174,128482,0,3,1872,99530,4295,80354,1874,179884,Not in California
Outside California,2021-03-03,7740,268199,2954,134928,4784,133266,2,5,2585,96978,5143,85497,2591,182475,Not in California
Outside California,2021-03-04,6716,274915,2833,137761,3879,137145,4,9,2331,94945,4370,89867,2337,184812,Not in California
Outside California,2021-03-05,5022,279937,2437,140198,2571,139716,14,23,2572,95096,2442,92309,2593,187405,Not in California
Outside California,2021-03-06,4572,284509,2109,142307,2308,142024,155,178,2314,95317,2256,94565,2477,189882,Not in California
Outside California,2021-03-07,1541,286050,978,143285,510,142534,53,231,924,95679,616,95181,978,190860,Not in California
Outside California,2021-03-08,2978,289028,1723,145008,1011,143545,244,475,2095,97171,854,96035,2346,193206,Not in California
Outside California,2021-03-09,4266,293294,2010,147018,1935,145480,321,796,2423,98076,1839,97874,2744,195950,Not in California
Outside California,2021-03-10,4188,297482,1925,148943,1759,147239,504,1300,2534,99475,1646,99520,3045,198995,Not in California
Outside California,2021-03-11,6107,303589,3104,152047,2327,149566,676,1976,3292,100635,2809,102329,3969,202964,Not in California
Outside California,2021-03-12,6322,309911,3776,155823,1820,151386,726,2702,3484,102015,2831,105160,4211,207175,Not in California
Outside California,2021-03-13,3711,313622,2139,157962,1111,152497,461,3163,2581,103937,1123,106283,3045,210220,Not in California
Outside California,2021-03-14,1748,315370,891,158853,533,153030,324,3487,1040,104594,708,106991,1365,211585,Not in California
Outside California,2021-03-15,3915,319285,2019,160872,1455,154485,441,3928,2070,105271,1839,108830,2516,214101,Not in California
Outside California,2021-03-16,7203,326488,4101,164973,2735,157220,367,4295,3928,106290,3273,112103,4292,218393,Not in California
Outside California,2021-03-17,7990,334478,5033,170006,2592,159812,365,4660,4671,108011,3316,115419,5037,223430,Not in California
Outside California,2021-03-18,8126,342604,4986,174992,2618,162430,522,5182,4718,109851,3400,118819,5240,228670,Not in California
Outside California,2021-03-19,7247,349851,4288,179280,2421,164851,538,5720,4370,111888,2874,121693,4911,233581,Not in California
Outside California,2021-03-20,4674,354525,3060,182340,1528,166379,86,5806,3599,114505,1068,122761,3685,237266,Not in California
Outside California,2021-03-21,1995,356520,1345,183685,563,166942,87,5893,1600,115800,393,123154,1688,238954,Not in California
Outside California,2021-03-22,3208,359728,1931,185616,1190,168132,87,5980,2221,117127,981,124135,2308,241262,Not in California
Outside California,2021-03-23,5974,365702,3047,188663,2654,170786,273,6253,4194,119828,1767,125902,4468,245730,Not in California
Outside California,2021-03-24,7221,372923,3717,192380,3081,173867,423,6676,5061,123157,2153,128055,5482,251212,Not in California
Outside California,2021-03-25,8168,381091,3812,196192,3870,177737,486,7162,6017,127520,2140,130195,6503,257715,Not in California
Outside California,2021-03-26,6566,387657,3452,199644,2942,180679,172,7334,4475,130100,2066,132261,4646,262361,Not in California
Outside California,2021-03-27,5251,392908,3006,202650,2146,182825,99,7433,3386,131727,1856,134117,3483,265844,Not in California
Outside California,2021-03-28,3009,395917,1590,204240,1262,184087,157,7590,2017,132914,987,135104,2174,268018,Not in California
Outside California,2021-03-29,5001,400918,2198,206438,2473,186560,330,7920,2988,134222,2011,137115,3319,271337,Not in California
Outside California,2021-03-30,6734,407652,3540,209978,2652,189212,542,8462,4184,136416,2540,139655,4734,276071,Not in California
Outside California,2021-03-31,6184,413836,3711,213689,1716,190928,757,9219,3480,137951,2699,142354,4234,280305,Not in California
Outside California,2021-04-01,7132,420968,4200,217889,2313,193241,619,9838,4229,139897,2897,145251,4843,285148,Not in California
Outside California,2021-04-02,8070,429038,4171,222060,2778,196019,1121,10959,4326,141606,3738,148989,5447,290595,Not in California
Outside California,2021-04-03,6041,435079,3593,225653,1304,197323,1144,12103,3171,143056,2865,151854,4315,294910,Not in California
Outside California,2021-04-04,1756,436835,862,226515,660,197983,234,12337,981,143495,775,152629,1214,296124,Not in California
Outside California,2021-04-05,3929,440764,1906,228421,1375,199358,648,12985,1906,144031,2019,154648,2555,298679,Not in California
Outside California,2021-04-06,6688,447452,3552,231973,1583,200941,1553,14538,2722,144349,3953,158601,4271,302950,Not in California
Outside California,2021-04-07,7687,455139,4291,236264,1741,202682,1655,16193,3113,144540,4566,163167,4757,307707,Not in California
Outside California,2021-04-08,7780,462919,4026,240290,1856,204538,1898,18091,3166,144991,4606,167773,5057,312764,Not in California
Outside California,2021-04-09,7240,470159,3646,243936,1685,206223,1909,20000,2897,145462,4337,172110,4808,317572,Not in California
Outside California,2021-04-10,6027,476186,3041,246977,1142,207365,1844,21844,1711,144702,4312,176422,3552,321124,Not in California
Outside California,2021-04-11,2808,478994,1509,248486,668,208033,631,22475,1020,144568,1786,178208,1652,322776,Not in California
Outside California,2021-04-12,3818,482812,2079,250565,1212,209245,527,23002,1713,144708,2099,180307,2239,325015,Not in California
Outside California,2021-04-13,5458,488270,3466,254031,1968,211213,24,23026,2728,144736,2724,183031,2752,327767,Not in California
Outside California,2021-04-14,5047,493317,3174,257205,1870,213083,3,23029,2728,145153,2314,185345,2731,330498,Not in California
Outside California,2021-04-15,5859,499176,3555,260760,2298,215381,6,23035,3188,145727,2621,187966,3195,333693,Not in California
Outside California,2021-04-16,5825,505001,3361,264121,2457,217838,7,23042,3338,146593,2480,190446,3346,337039,Not in California
Outside California,2021-04-17,5123,510124,3023,267144,2099,219937,1,23043,2922,147321,2194,192640,2922,339961,Not in California
Outside California,2021-04-18,2067,512191,1149,268293,917,220854,1,23044,992,147245,1070,193710,994,340955,Not in California
Outside California,2021-04-19,4111,516302,1960,270253,2150,223004,1,23045,2164,147475,1937,195647,2167,343122,Not in California
Outside California,2021-04-20,5410,521712,2530,272783,2880,225884,0,23045,2321,146714,3082,198729,2321,345443,Not in California
Outside California,2021-04-21,6489,528201,2839,275622,3648,229532,2,23047,2501,145243,3975,202704,2504,347947,Not in California
Outside California,2021-04-22,7035,535236,3792,279414,3240,232772,3,23050,2896,144011,4132,206836,2900,350847,Not in California
Outside California,2021-04-23,5999,541235,3130,282544,2868,235640,1,23051,2676,143379,3311,210147,2679,353526,Not in California
Outside California,2021-04-24,4884,546119,3414,285958,1466,237106,4,23055,2234,142975,2645,212792,2241,355767,Not in California
Outside California,2021-04-25,2160,548279,1290,287248,868,237974,2,23057,1133,143088,1024,213816,1137,356904,Not in California
Outside California,2021-04-26,3499,551778,1517,288765,1960,239934,22,23079,1607,142832,1885,215701,1629,358533,Not in California
Outside California,2021-04-27,5045,556823,1708,290473,3048,242982,289,23368,1915,141918,3123,218824,2209,360742,Not in California
Outside California,2021-04-28,4836,561659,2062,292535,2378,245360,396,23764,1997,141484,2829,221653,2395,363137,Not in California
Outside California,2021-04-29,4783,566442,2166,294701,2188,247548,429,24193,1900,140950,2864,224517,2330,365467,Not in California
Outside California,2021-04-30,4854,571296,2354,297055,2086,249634,414,24607,1918,140357,2926,227443,2333,367800,Not in California
Outside California,2021-05-01,3115,574411,1804,298859,880,250514,431,25038,1276,140231,1832,229275,1706,369506,Not in California
Outside California,2021-05-02,1855,576266,1075,299934,657,251171,123,25161,858,140217,995,230270,981,370487,Not in California
Outside California,2021-05-03,2752,579018,1528,301462,950,252121,274,25435,1157,140056,1591,231861,1430,371917,Not in California
Outside California,2021-05-04,3930,582948,2151,303613,1349,253470,430,25865,1602,139765,2322,234183,2031,373948,Not in California
Outside California,2021-05-05,4226,587174,2447,306060,1411,254881,368,26233,1790,139497,2427,236610,2159,376107,Not in California
Outside California,2021-05-06,4188,591362,2590,308650,1253,256134,345,26578,1786,139236,2394,239004,2133,378240,Not in California
Outside California,2021-05-07,3127,594489,1835,310485,1043,257177,249,26827,1275,138909,1849,240853,1522,379762,Not in California
Outside California,2021-05-08,2208,596697,1589,312074,469,257646,150,26977,941,138736,1264,242117,1091,380853,Not in California
Unknown,2020-12-17,2,2,2,2,0,0,0,0,0,0,0,0,0,0,Not in California
Unknown,2020-12-18,9,11,9,11,0,0,0,0,8,8,0,0,8,8,Not in California
Unknown,2020-12-19,81,92,81,92,0,0,0,0,81,89,0,0,81,89,Not in California
Unknown,2020-12-20,24,116,24,116,0,0,0,0,24,113,0,0,24,113,Not in California
Unknown,2020-12-21,5,121,5,121,0,0,0,0,0,113,0,0,0,113,Not in California
Unknown,2020-12-22,4,125,4,125,0,0,0,0,4,117,0,0,4,117,Not in California
Unknown,2020-12-26,1,126,1,126,0,0,0,0,1,118,0,0,1,118,Not in California
Unknown,2020-12-28,4,130,4,130,0,0,0,0,3,121,0,0,3,121,Not in California
Unknown,2020-12-29,3,133,3,133,0,0,0,0,3,124,0,0,3,124,Not in California
Unknown,2020-12-30,59,192,56,189,3,3,0,0,57,181,0,0,57,181,Not in California
Unknown,2020-12-31,2,194,0,189,2,5,0,0,1,182,0,0,1,182,Not in California
Unknown,2021-01-02,1,195,0,189,1,6,0,0,1,183,0,0,1,183,Not in California
Unknown,2021-01-04,3,198,3,192,0,6,0,0,2,185,0,0,2,185,Not in California
Unknown,2021-01-05,1,199,0,192,1,7,0,0,2,187,0,0,2,187,Not in California
Unknown,2021-01-06,30,229,28,220,2,9,0,0,6,170,23,23,6,193,Not in California
Unknown,2021-01-07,110,339,107,327,3,12,0,0,72,204,38,61,72,265,Not in California
Unknown,2021-01-08,26,365,21,348,5,17,0,0,5,188,21,82,5,270,Not in California
Unknown,2021-01-09,3,368,2,350,1,18,0,0,4,192,0,82,4,274,Not in California
Unknown,2021-01-11,23,391,23,373,0,18,0,0,18,206,4,86,18,292,Not in California
Unknown,2021-01-12,10,401,8,381,2,20,0,0,8,214,1,87,9,301,Not in California
Unknown,2021-01-13,11,412,11,392,0,20,0,0,12,226,0,87,12,313,Not in California
Unknown,2021-01-14,4,416,3,395,1,21,0,0,4,230,0,87,4,317,Not in California
Unknown,2021-01-15,5,421,4,399,1,22,0,0,5,235,0,87,5,322,Not in California
Unknown,2021-01-16,7,428,7,406,0,22,0,0,6,240,1,88,6,328,Not in California
Unknown,2021-01-17,3,431,3,409,0,22,0,0,3,243,0,88,3,331,Not in California
Unknown,2021-01-18,54,485,54,463,0,22,0,0,52,293,2,90,52,383,Not in California
Unknown,2021-01-19,23,508,22,485,1,23,0,0,21,313,1,91,21,404,Not in California
Unknown,2021-01-20,79,587,79,564,0,23,0,0,28,289,52,143,28,432,Not in California
Unknown,2021-01-21,60,647,58,622,2,25,0,0,61,349,1,144,61,493,Not in California
Unknown,2021-01-22,36,683,31,653,5,30,0,0,36,385,0,144,36,529,Not in California
Unknown,2021-01-23,11,694,5,658,6,36,0,0,11,396,0,144,11,540,Not in California
Unknown,2021-01-24,2,696,2,660,0,36,0,0,3,399,0,144,3,543,Not in California
Unknown,2021-01-25,21,717,18,678,3,39,0,0,17,413,3,147,17,560,Not in California
Unknown,2021-01-26,98,815,94,772,4,43,0,0,101,514,0,147,101,661,Not in California
Unknown,2021-01-27,17,832,17,789,0,43,0,0,16,529,1,148,16,677,Not in California
Unknown,2021-01-28,155,987,152,941,3,46,0,0,98,567,60,208,98,775,Not in California
Unknown,2021-01-29,147,1134,146,1087,1,47,0,0,151,717,1,209,151,926,Not in California
Unknown,2021-01-30,10,1144,8,1095,2,49,0,0,13,729,1,210,13,939,Not in California
Unknown,2021-01-31,16,1160,16,1111,0,49,0,0,16,744,1,211,16,955,Not in California
Unknown,2021-02-01,36,1196,34,1145,2,51,0,0,21,748,17,228,21,976,Not in California
Unknown,2021-02-02,70,1266,68,1213,2,53,0,0,63,805,6,234,63,1039,Not in California
Unknown,2021-02-03,50,1316,46,1259,4,57,0,0,39,833,11,245,39,1078,Not in California
Unknown,2021-02-04,61,1377,56,1315,5,62,0,0,56,884,5,250,56,1134,Not in California
Unknown,2021-02-05,22,1399,15,1330,7,69,0,0,18,895,7,257,18,1152,Not in California
Unknown,2021-02-06,19,1418,14,1344,5,74,0,0,15,903,7,264,15,1167,Not in California
Unknown,2021-02-07,8,1426,8,1352,0,74,0,0,6,907,2,266,6,1173,Not in California
Unknown,2021-02-08,53,1479,50,1402,3,77,0,0,14,882,39,305,14,1187,Not in California
Unknown,2021-02-09,19,1498,18,1420,1,78,0,0,4,871,15,320,4,1191,Not in California
Unknown,2021-02-10,35,1533,30,1450,5,83,0,0,9,854,26,346,9,1200,Not in California
Unknown,2021-02-11,93,1626,92,1542,1,84,0,0,43,846,51,397,43,1243,Not in California
Unknown,2021-02-12,42,1668,34,1576,8,92,0,0,17,834,29,426,17,1260,Not in California
Unknown,2021-02-13,15,1683,3,1579,12,104,0,0,17,850,1,427,17,1277,Not in California
Unknown,2021-02-14,7,1690,1,1580,6,110,0,0,5,854,1,428,5,1282,Not in California
Unknown,2021-02-15,43,1733,37,1617,6,116,0,0,28,869,13,441,28,1310,Not in California
Unknown,2021-02-16,104,1837,95,1712,9,125,0,0,31,827,73,514,31,1341,Not in California
Unknown,2021-02-17,10,1847,8,1720,2,127,0,0,4,826,5,519,4,1345,Not in California
Unknown,2021-02-18,105,1952,100,1820,5,132,0,0,19,759,86,605,19,1364,Not in California
Unknown,2021-02-19,196,2148,190,2010,6,138,0,0,58,680,137,742,58,1422,Not in California
Unknown,2021-02-20,12,2160,5,2015,7,145,0,0,5,680,5,747,5,1427,Not in California
Unknown,2021-02-21,18,2178,18,2033,0,145,0,0,4,670,14,761,4,1431,Not in California
Unknown,2021-02-22,9,2187,9,2042,0,145,0,0,6,673,3,764,6,1437,Not in California
Unknown,2021-02-23,63,2250,51,2093,12,157,0,0,15,641,47,811,15,1452,Not in California
Unknown,2021-02-24,43,2293,35,2128,8,165,0,0,14,626,29,840,14,1466,Not in California
Unknown,2021-02-25,76,2369,60,2188,16,181,0,0,27,604,49,889,27,1493,Not in California
Unknown,2021-02-26,40,2409,25,2213,15,196,0,0,24,613,15,904,24,1517,Not in California
Unknown,2021-02-27,28,2437,15,2228,13,209,0,0,20,625,8,912,20,1537,Not in California
Unknown,2021-02-28,17,2454,13,2241,4,213,0,0,10,630,5,917,10,1547,Not in California
Unknown,2021-03-01,45,2499,27,2268,18,231,0,0,24,634,20,937,24,1571,Not in California
Unknown,2021-03-02,19,2518,7,2275,12,243,0,0,12,641,5,942,12,1583,Not in California
Unknown,2021-03-03,13,2531,7,2282,6,249,0,0,9,647,3,945,9,1592,Not in California
Unknown,2021-03-04,53,2584,49,2331,4,253,0,0,22,638,31,976,22,1614,Not in California
Unknown,2021-03-05,33,2617,15,2346,18,271,0,0,35,667,6,982,35,1649,Not in California
Unknown,2021-03-06,32,2649,11,2357,19,290,2,2,23,683,9,991,25,1674,Not in California
Unknown,2021-03-07,10,2659,1,2358,9,299,0,2,6,686,3,994,6,1680,Not in California
Unknown,2021-03-08,32,2691,23,2381,7,306,2,4,9,672,25,1019,11,1691,Not in California
Unknown,2021-03-09,39,2730,32,2413,3,309,4,8,10,656,30,1049,14,1705,Not in California
Unknown,2021-03-10,9,2739,6,2419,1,310,2,10,5,658,5,1054,7,1712,Not in California
Unknown,2021-03-11,37,2776,13,2432,10,320,14,24,14,665,21,1075,28,1740,Not in California
Unknown,2021-03-12,82,2858,56,2488,21,341,5,29,15,621,64,1139,20,1760,Not in California
Unknown,2021-03-13,24,2882,4,2492,16,357,4,33,9,618,16,1155,13,1773,Not in California
Unknown,2021-03-14,17,2899,9,2501,6,363,2,35,7,616,11,1166,9,1782,Not in California
Unknown,2021-03-15,30,2929,11,2512,17,380,2,37,20,625,13,1179,22,1804,Not in California
Unknown,2021-03-16,64,2993,22,2534,38,418,4,41,44,654,19,1198,48,1852,Not in California
Unknown,2021-03-17,47,3040,14,2548,32,450,1,42,40,691,4,1202,41,1893,Not in California
Unknown,2021-03-18,40,3080,20,2568,20,470,0,42,28,707,12,1214,28,1921,Not in California
Unknown,2021-03-19,29,3109,19,2587,10,480,0,42,24,723,8,1222,24,1945,Not in California
Unknown,2021-03-20,34,3143,15,2602,19,499,0,42,20,730,13,1235,20,1965,Not in California
Unknown,2021-03-21,23,3166,17,2619,6,505,0,42,19,746,3,1238,19,1984,Not in California
Unknown,2021-03-22,36,3202,19,2638,16,521,1,43,18,753,12,1250,19,2003,Not in California
Unknown,2021-03-23,23,3225,9,2647,9,530,5,48,11,758,11,1261,16,2019,Not in California
Unknown,2021-03-24,26,3251,9,2656,17,547,0,48,21,774,5,1266,21,2040,Not in California
Unknown,2021-03-25,48,3299,34,2690,14,561,0,48,33,793,14,1280,33,2073,Not in California
Unknown,2021-03-26,37,3336,20,2710,12,573,5,53,20,802,16,1296,25,2098,Not in California
Unknown,2021-03-27,39,3375,13,2723,26,599,0,53,24,806,20,1316,24,2122,Not in California
Unknown,2021-03-28,16,3391,9,2732,7,606,0,53,11,813,4,1320,11,2133,Not in California
Unknown,2021-03-29,38,3429,17,2749,20,626,1,54,25,827,12,1332,26,2159,Not in California
Unknown,2021-03-30,42,3471,25,2774,17,643,0,54,27,839,15,1347,27,2186,Not in California
Unknown,2021-03-31,36,3507,22,2796,14,657,0,54,25,852,12,1359,25,2211,Not in California
Unknown,2021-04-01,28,3535,14,2810,14,671,0,54,24,870,6,1365,24,2235,Not in California
Unknown,2021-04-02,62,3597,16,2826,37,708,9,63,28,873,34,1399,37,2272,Not in California
Unknown,2021-04-03,19,3616,9,2835,10,718,0,63,10,873,10,1409,10,2282,Not in California
Unknown,2021-04-04,16,3632,4,2839,12,730,0,63,11,879,5,1414,11,2293,Not in California
Unknown,2021-04-05,35,3667,21,2860,13,743,1,64,22,887,15,1429,23,2316,Not in California
Unknown,2021-04-06,36,3703,18,2878,17,760,1,65,23,892,19,1448,24,2340,Not in California
Unknown,2021-04-07,38,3741,25,2903,13,773,0,65,35,919,8,1456,35,2375,Not in California
Unknown,2021-04-08,37,3778,22,2925,11,784,4,69,21,922,22,1478,25,2400,Not in California
Unknown,2021-04-09,41,3819,25,2950,16,800,0,69,29,937,14,1492,29,2429,Not in California
Unknown,2021-04-10,10,3829,9,2959,1,801,0,69,16,946,7,1499,16,2445,Not in California
Unknown,2021-04-11,14,3843,10,2969,4,805,0,69,5,942,9,1508,5,2450,Not in California
Unknown,2021-04-12,40,3883,23,2992,16,821,1,70,25,945,23,1531,26,2476,Not in California
Unknown,2021-04-13,69,3952,26,3018,43,864,0,70,36,940,41,1572,36,2512,Not in California
Unknown,2021-04-14,34,3986,10,3028,24,888,0,70,19,933,26,1598,19,2531,Not in California
Unknown,2021-04-15,43,4029,18,3046,24,912,1,71,19,924,29,1627,20,2551,Not in California
Unknown,2021-04-16,53,4082,39,3085,14,926,0,71,31,934,21,1648,31,2582,Not in California
Unknown,2021-04-17,27,4109,15,3100,12,938,0,71,9,926,18,1666,10,2592,Not in California
Unknown,2021-04-18,19,4128,7,3107,12,950,0,71,7,921,12,1678,7,2599,Not in California
Unknown,2021-04-19,36,4164,22,3129,14,964,0,71,17,920,18,1696,17,2616,Not in California
Unknown,2021-04-20,25,4189,14,3143,11,975,0,71,5,905,20,1716,5,2621,Not in California
Unknown,2021-04-21,38,4227,16,3159,22,997,0,71,12,891,26,1742,12,2633,Not in California
Unknown,2021-04-22,23,4250,14,3173,9,1006,0,71,5,878,18,1760,5,2638,Not in California
Unknown,2021-04-23,34,4284,15,3188,19,1025,0,71,20,885,13,1773,20,2658,Not in California
Unknown,2021-04-24,38,4322,23,3211,15,1040,0,71,28,903,10,1783,28,2686,Not in California
Unknown,2021-04-25,23,4345,9,3220,14,1054,0,71,12,904,11,1794,12,2698,Not in California
Unknown,2021-04-26,19,4364,12,3232,7,1061,0,71,6,897,13,1807,6,2704,Not in California
Unknown,2021-04-27,24,4388,9,3241,15,1076,0,71,7,887,17,1824,7,2711,Not in California
Unknown,2021-04-28,42,4430,34,3275,7,1083,1,72,19,884,23,1847,20,2731,Not in California
Unknown,2021-04-29,36,4466,21,3296,15,1098,0,72,14,876,22,1869,14,2745,Not in California
Unknown,2021-04-30,29,4495,14,3310,12,1110,3,75,16,882,13,1882,19,2764,Not in California
Unknown,2021-05-01,34,4529,26,3336,7,1117,1,76,20,889,14,1896,21,2785,Not in California
Unknown,2021-05-02,14,4543,7,3343,6,1123,1,77,6,888,8,1904,7,2792,Not in California
Unknown,2021-05-03,220,4763,157,3500,41,1164,22,99,166,1022,54,1958,188,2980,Not in California
Unknown,2021-05-04,287,5050,164,3664,82,1246,41,140,215,1207,71,2029,256,3236,Not in California
Unknown,2021-05-05,310,5360,178,3842,92,1338,40,180,240,1418,70,2099,281,3517,Not in California
Unknown,2021-05-06,304,5664,169,4011,102,1440,33,213,232,1612,71,2170,265,3782,Not in California
Unknown,2021-05-07,3,5667,2,4013,1,1441,0,213,0,1609,3,2173,0,3782,Not in California
Alameda,2020-12-15,36,36,36,36,0,0,0,0,36,36,0,0,36,36,California
Alameda,2020-12-16,206,242,206,242,0,0,0,0,206,242,0,0,206,242,California
Alameda,2020-12-17,396,638,396,638,0,0,0,0,396,638,0,0,396,638,California
Alameda,2020-12-18,1773,2411,1773,2411,0,0,0,0,1773,2411,0,0,1773,2411,California
Alameda,2020-12-19,1352,3763,1352,3763,0,0,0,0,1352,3763,0,0,1352,3763,California
Alameda,2020-12-20,1162,4925,1161,4924,1,1,0,0,1161,4923,1,1,1161,4924,California
Alameda,2020-12-21,1861,6786,1859,6783,2,3,0,0,1860,6783,0,1,1860,6784,California
Alameda,2020-12-22,2100,8886,2047,8830,53,56,0,0,2100,8883,0,1,2100,8884,California
Alameda,2020-12-23,1943,10829,1685,10515,258,314,0,0,1944,10827,0,1,1944,10828,California
Alameda,2020-12-24,1219,12048,759,11274,460,774,0,0,1219,12046,0,1,1219,12047,California
Alameda,2020-12-25,165,12213,128,11402,37,811,0,0,165,12211,0,1,165,12212,California
Alameda,2020-12-26,870,13083,326,11728,544,1355,0,0,870,13081,0,1,870,13082,California
Alameda,2020-12-27,498,13581,256,11984,242,1597,0,0,498,13579,0,1,498,13580,California
Alameda,2020-12-28,1885,15466,959,12943,926,2523,0,0,1885,15464,0,1,1885,15465,California
Alameda,2020-12-29,2431,17897,1025,13968,1406,3929,0,0,2430,17894,0,1,2430,17895,California
Alameda,2020-12-30,3131,21028,1365,15333,1766,5695,0,0,3133,21027,0,1,3133,21028,California
Alameda,2020-12-31,1796,22824,443,15776,1353,7048,0,0,1794,22820,1,2,1794,22822,California
Alameda,2021-01-01,172,22996,70,15846,102,7150,0,0,171,22990,1,3,171,22993,California
Alameda,2021-01-02,724,23720,523,16369,201,7351,0,0,723,23713,0,3,723,23716,California
Alameda,2021-01-03,343,24063,222,16591,121,7472,0,0,340,24050,3,6,340,24056,California
Alameda,2021-01-04,1648,25711,943,17534,705,8177,0,0,1636,25675,11,17,1636,25692,California
Alameda,2021-01-05,2204,27915,1265,18799,939,9116,0,0,1968,27410,233,250,1968,27660,California
Alameda,2021-01-06,3248,31163,1781,20580,1467,10583,0,0,2428,29023,817,1067,2430,30090,California
Alameda,2021-01-07,3775,34938,2112,22692,1663,12246,0,0,2686,30633,1080,2147,2690,32780,California
Alameda,2021-01-08,4736,39674,2703,25395,2033,14279,0,0,3108,32121,1624,3771,3112,35892,California
Alameda,2021-01-09,2033,41707,1388,26783,645,14924,0,0,1172,32432,861,4632,1172,37064,California
Alameda,2021-01-10,1068,42775,846,27629,222,15146,0,0,428,32219,641,5273,428,37492,California
Alameda,2021-01-11,4648,47423,3514,31143,1134,16280,0,0,2855,33289,1792,7065,2862,40354,California
Alameda,2021-01-12,4830,52253,3250,34393,1580,17860,0,0,3438,35339,1391,8456,3441,43795,California
Alameda,2021-01-13,5045,57298,2665,37058,2380,20240,0,0,3856,38011,1185,9641,3857,47652,California
Alameda,2021-01-14,5638,62936,2772,39830,2866,23106,0,0,4752,41888,878,10519,4755,52407,California
Alameda,2021-01-15,5840,68776,2314,42144,3526,26632,0,0,5072,46203,761,11280,5076,57483,California
Alameda,2021-01-16,3007,71783,1409,43553,1598,28230,0,0,2738,48673,269,11549,2739,60222,California
Alameda,2021-01-17,1869,73652,1083,44636,786,29016,0,0,1662,50130,206,11755,1663,61885,California
Alameda,2021-01-18,3198,76850,2053,46689,1145,30161,0,0,2604,52149,590,12345,2609,64494,California
Alameda,2021-01-19,5526,82376,3331,50020,2195,32356,0,0,4334,55295,1190,13535,4336,68830,California
Alameda,2021-01-20,6775,89151,4109,54129,2666,35022,0,0,5478,59493,1284,14819,5482,74312,California
Alameda,2021-01-21,7776,96927,3405,57534,4371,39393,0,0,6939,65606,831,15650,6944,81256,California
Alameda,2021-01-22,6849,103776,2038,59572,4811,44204,0,0,5710,70186,1132,16782,5712,86968,California
Alameda,2021-01-23,3288,107064,946,60518,2342,46546,0,0,2734,72368,554,17336,2736,89704,California
Alameda,2021-01-24,2051,109115,655,61173,1396,47942,0,0,1775,73871,272,17608,1775,91479,California
Alameda,2021-01-25,5220,114335,1984,63157,3236,51178,0,0,3634,75928,1578,19186,3635,95114,California
Alameda,2021-01-26,7250,121585,2289,65446,4961,56139,0,0,5389,79464,1854,21040,5390,100504,California
Alameda,2021-01-27,6669,128254,2076,67522,4593,60732,0,0,4820,82449,1835,22875,4820,105324,California
Alameda,2021-01-28,7897,136151,2548,70070,5349,66081,0,0,5656,85881,2225,25100,5657,110981,California
Alameda,2021-01-29,7926,144077,3183,73253,4743,70824,0,0,6104,90174,1812,26912,6105,117086,California
Alameda,2021-01-30,3423,147500,1675,74928,1748,72572,0,0,2717,92191,700,27612,2717,119803,California
Alameda,2021-01-31,1906,149406,965,75893,941,73513,0,0,1662,93612,241,27853,1662,121465,California
Alameda,2021-02-01,5971,155377,3367,79260,2604,76117,0,0,4329,96306,1636,29489,4330,125795,California
Alameda,2021-02-02,7470,162847,4254,83514,3216,79333,0,0,4675,98196,2785,32274,4675,130470,California
Alameda,2021-02-03,7083,169930,3729,87243,3354,82687,0,0,4404,99932,2673,34947,4409,134879,California
Alameda,2021-02-04,9518,179448,4128,91371,5390,88077,0,0,6429,103296,3070,38017,6434,141313,California
Alameda,2021-02-05,10339,189787,5396,96767,4943,93020,0,0,6466,105901,3867,41884,6472,147785,California
Alameda,2021-02-06,6996,196783,4436,101203,2560,95580,0,0,5874,110653,1122,43006,5874,153659,California
Alameda,2021-02-07,3585,200368,2895,104098,690,96270,0,0,2642,112356,940,43946,2643,156302,California
Alameda,2021-02-08,8099,208467,5788,109886,2311,98581,0,0,5543,115356,2545,46491,5545,161847,California
Alameda,2021-02-09,9718,218185,5862,115748,3856,102437,0,0,6069,117784,3643,50134,6071,167918,California
Alameda,2021-02-10,11466,229651,6779,122527,4687,107124,0,0,6570,119484,4878,55012,6578,174496,California
Alameda,2021-02-11,13940,243591,7990,130517,5950,113074,0,0,8376,122317,5546,60558,8379,182875,California
Alameda,2021-02-12,12539,256130,5697,136214,6842,119916,0,0,7758,125311,4767,65325,7761,190636,California
Alameda,2021-02-13,7816,263946,4069,140283,3747,123663,0,0,5851,129204,1960,67285,5853,196489,California
Alameda,2021-02-14,4032,267978,2537,142820,1495,125158,0,0,2871,130920,1158,68443,2874,199363,California
Alameda,2021-02-15,5714,273692,3225,146045,2489,127647,0,0,3701,132615,2009,70452,3704,203067,California
Alameda,2021-02-16,12535,286227,6956,153001,5579,133226,0,0,9319,138733,3206,73658,9324,212391,California
Alameda,2021-02-17,14110,300337,8355,161356,5755,138981,0,0,10484,145611,3608,77266,10486,222877,California
Alameda,2021-02-18,15869,316206,10068,171424,5801,144782,0,0,11517,152789,4345,81611,11523,234400,California
Alameda,2021-02-19,17660,333866,11451,182875,6209,150991,0,0,11700,158555,5938,87549,11704,246104,California
Alameda,2021-02-20,11864,345730,9613,192488,2251,153242,0,0,9142,164985,2718,90267,9148,255252,California
Alameda,2021-02-21,6243,351973,5311,197799,932,154174,0,0,3764,166281,2468,92735,3764,259016,California
Alameda,2021-02-22,10712,362685,7930,205729,2782,156956,0,0,6749,169090,3949,96684,6758,265774,California
Alameda,2021-02-23,12732,375417,7729,213458,5003,161959,0,0,7920,172214,4803,101487,7927,273701,California
Alameda,2021-02-24,14667,390084,8215,221673,6452,168411,0,0,9510,176634,5096,106583,9516,283217,California
Alameda,2021-02-25,15636,405720,9129,230802,6507,174918,0,0,9958,180952,5646,112229,9964,293181,California
Alameda,2021-02-26,18110,423830,10644,241446,7466,182384,0,0,11711,186309,6358,118587,11715,304896,California
Alameda,2021-02-27,14725,438555,10828,252274,3895,186279,2,2,9119,189848,5584,124171,9123,314019,California
Alameda,2021-02-28,9159,447714,7719,259993,1440,187719,0,2,6079,192869,3059,127230,6080,320099,California
Alameda,2021-03-01,13268,460982,9216,269209,4047,191766,5,7,8220,196097,5003,132233,8231,328330,California
Alameda,2021-03-02,13839,474821,9620,278829,4219,195985,0,7,8891,200066,4929,137162,8898,337228,California
Alameda,2021-03-03,15415,490236,10010,288839,5404,201389,1,8,10500,205684,4887,142049,10505,347733,California
Alameda,2021-03-04,17320,507556,11076,299915,6242,207631,2,10,10884,210169,6401,148450,10886,358619,California
Alameda,2021-03-05,15866,523422,10244,310159,5613,213244,9,19,10640,215638,5186,153636,10655,369274,California
Alameda,2021-03-06,14262,537684,9982,320141,4018,217262,262,281,9364,220411,4855,158491,9628,378902,California
Alameda,2021-03-07,9354,547038,8134,328275,1139,218401,81,362,6580,224327,2747,161238,6663,385565,California
Alameda,2021-03-08,11670,558708,7181,335456,4110,222511,379,741,8666,230418,2954,164192,9045,394610,California
Alameda,2021-03-09,11404,570112,7044,342500,3932,226443,428,1169,6294,232065,5077,169269,6724,401334,California
Alameda,2021-03-10,16678,586790,11329,353829,4791,231234,558,1727,7555,231076,9098,178367,8109,409443,California
Alameda,2021-03-11,19775,606565,11563,365392,6506,237740,1706,3433,6767,226568,12978,191345,8470,417913,California
Alameda,2021-03-12,21155,627720,12318,377710,7184,244924,1653,5086,7469,222020,13663,205008,9115,427028,California
Alameda,2021-03-13,15844,643564,10103,387813,4755,249679,986,6072,5110,217415,10699,215707,6094,433122,California
Alameda,2021-03-14,10704,654268,7820,395633,2099,251778,785,6857,4651,216807,6036,221743,5428,438550,California
Alameda,2021-03-15,14312,668580,9327,404960,4468,256246,517,7374,6369,215774,7915,229658,6882,445432,California
Alameda,2021-03-16,17180,685760,11120,416080,5527,261773,533,7907,7575,214329,9554,239212,8109,453541,California
Alameda,2021-03-17,17382,703142,9789,425869,6899,268672,694,8601,8180,214035,9167,248379,8873,462414,California
Alameda,2021-03-18,19066,722208,10336,436205,7854,276526,876,9477,8778,213433,10260,258639,9658,472072,California
Alameda,2021-03-19,19120,741328,10352,446557,6983,283509,1785,11262,7651,211442,11421,270060,9430,481502,California
Alameda,2021-03-20,15633,756961,10201,456758,4609,288118,823,12085,6542,209742,9062,279122,7362,488864,California
Alameda,2021-03-21,9062,766023,7103,463861,1426,289544,533,12618,3776,208776,5276,284398,4310,493174,California
Alameda,2021-03-22,14890,780913,10008,473869,3905,293449,977,13595,7176,209236,7690,292088,8150,501324,California
Alameda,2021-03-23,19122,800035,11516,485385,6814,300263,792,14387,10737,212427,8343,300431,11534,512858,California
Alameda,2021-03-24,19010,819045,11447,496832,6571,306834,992,15379,8584,211628,10366,310797,9567,522425,California
Alameda,2021-03-25,20359,839404,11244,508076,7735,314569,1380,16759,9562,211828,10730,321527,10930,533355,California
Alameda,2021-03-26,20682,860086,12384,520460,6765,321334,1533,18292,8870,210454,11767,333294,10393,543748,California
Alameda,2021-03-27,18195,878281,12343,532803,4894,326228,958,19250,7854,208952,10295,343589,8793,552541,California
Alameda,2021-03-28,10426,888707,8446,541249,1777,328005,203,19453,3829,206407,6584,350173,4039,556580,California
Alameda,2021-03-29,14598,903305,9290,550539,4311,332316,997,20450,6279,205397,8285,358458,7275,563855,California
Alameda,2021-03-30,18459,921764,9683,560222,7080,339396,1696,22146,10834,210326,7596,366054,12525,576380,California
Alameda,2021-03-31,19228,940992,10123,570345,7040,346436,2065,24211,9535,212250,9670,375724,11594,587974,California
Alameda,2021-04-01,23042,964034,9968,580313,7582,354018,5492,29703,11007,216740,12001,387725,16491,604465,California
Alameda,2021-04-02,23811,987845,9899,590212,8236,362254,5676,35379,11584,221792,12192,399917,17244,621709,California
Alameda,2021-04-03,20101,1007946,9735,599947,5676,367930,4690,40069,10299,226996,9784,409701,14988,636697,California
Alameda,2021-04-04,9925,1017871,3961,603908,2283,370213,3681,43750,3512,227782,6401,416102,7187,643884,California
Alameda,2021-04-05,17780,1035651,7496,611404,5514,375727,4770,48520,7263,229313,10499,426601,12030,655914,California
Alameda,2021-04-06,22157,1057808,10694,622098,5643,381370,5820,54340,10097,233193,12027,438628,15907,671821,California
Alameda,2021-04-07,22467,1080275,11535,633633,5497,386867,5435,59775,11419,239030,11008,449636,16845,688666,California
Alameda,2021-04-08,25388,1105663,11484,645117,5951,392818,7953,67728,10842,243338,14477,464113,18785,707451,California
Alameda,2021-04-09,23239,1128902,10597,655714,7449,400267,5193,72921,12004,249329,11206,475319,17197,724648,California
Alameda,2021-04-10,18821,1147723,7412,663126,5588,405855,5821,78742,8173,252682,10627,485946,13980,738628,California
Alameda,2021-04-11,10974,1158697,4774,667900,2268,408123,3932,82674,4482,254611,6475,492421,8404,747032,California
Alameda,2021-04-12,17824,1176521,11706,679606,4292,412415,1826,84500,10113,258867,7679,500100,11935,758967,California
Alameda,2021-04-13,22978,1199499,14575,694181,8348,420763,55,84555,16921,269844,6010,506110,16987,775954,California
Alameda,2021-04-14,23102,1222601,15286,709467,7815,428578,1,84556,15682,278145,7389,513499,15690,791644,California
Alameda,2021-04-15,24056,1246657,15364,724831,8690,437268,2,84558,15986,286122,8018,521517,15995,807639,California
Alameda,2021-04-16,24313,1270970,14354,739185,9954,447222,5,84563,15672,293217,8592,530109,15687,823326,California
Alameda,2021-04-17,20718,1291688,14287,753472,6431,453653,0,84563,14269,301083,6417,536526,14283,837609,California
Alameda,2021-04-18,9879,1301567,7544,761016,2335,455988,0,84563,6849,304933,3004,539530,6854,844463,California
Alameda,2021-04-19,15568,1317135,9646,770662,5922,461910,0,84563,9016,307437,6522,546052,9026,853489,California
Alameda,2021-04-20,18076,1335211,11037,781699,7038,468948,1,84564,9895,309211,8142,554194,9916,863405,California
Alameda,2021-04-21,19100,1354311,11186,792885,7906,476854,8,84572,11139,312466,7911,562105,11166,874571,California
Alameda,2021-04-22,21279,1375590,13706,806591,7570,484424,3,84575,11301,313865,9931,572036,11330,885901,California
Alameda,2021-04-23,21501,1397091,14027,820618,7472,491896,2,84577,12047,316535,9403,581439,12073,897974,California
Alameda,2021-04-24,18947,1416038,14377,834995,4563,496459,7,84584,10023,317687,8888,590327,10040,908014,California
Alameda,2021-04-25,8780,1424818,6840,841835,1940,498399,0,84584,5700,320331,3066,593393,5710,913724,California
Alameda,2021-04-26,13175,1437993,9124,850959,4029,502428,22,84606,8227,323666,4922,598315,8257,921981,California
Alameda,2021-04-27,15107,1453100,8893,859852,5909,508337,305,84911,7121,323174,7941,606256,7449,929430,California
Alameda,2021-04-28,15914,1469014,10114,869966,5335,513672,465,85376,6190,320147,9696,615952,6669,936099,California
Alameda,2021-04-29,16495,1485509,9890,879856,6283,519955,322,85698,5816,315671,10635,626587,6159,942258,California
Alameda,2021-04-30,19359,1504868,11958,891814,7065,527020,336,86034,7833,312419,11456,638043,8204,950462,California
Alameda,2021-05-01,13928,1518796,9287,901101,4437,531457,204,86238,5175,309104,8726,646769,5411,955873,California
Alameda,2021-05-02,7032,1525828,4892,905993,1969,533426,171,86409,2863,307991,4152,650921,3039,958912,California
Alameda,2021-05-03,14310,1540138,10828,916821,3174,536600,308,86717,2814,299684,11459,662380,3152,962064,California
Alameda,2021-05-04,18174,1558312,13022,929843,4788,541388,364,87081,3602,289167,14510,676890,3993,966057,California
Alameda,2021-05-05,18292,1576604,13290,943133,4495,545883,507,87588,3745,278945,14488,691378,4266,970323,California
Alameda,2021-05-06,17990,1594594,13562,956695,3791,549674,637,88225,3556,268784,14368,705746,4207,974530,California
Alameda,2021-05-07,15427,1610021,10154,966849,5076,554750,197,88422,3352,260315,12024,717770,3555,978085,California
Alameda,2021-05-08,13581,1623602,9254,976103,4251,559001,76,88498,2112,251068,11444,729214,2197,980282,California
Alpine,2020-12-18,2,2,2,2,0,0,0,0,2,2,0,0,2,2,California
Alpine,2020-12-19,2,4,2,4,0,0,0,0,2,4,0,0,2,4,California
Alpine,2020-12-21,2,6,2,6,0,0,0,0,2,6,0,0,2,6,California
Alpine,2020-12-30,14,20,0,6,14,14,0,0,14,20,0,0,14,20,California
Alpine,2020-12-31,1,21,0,6,1,15,0,0,1,21,0,0,1,21,California
Alpine,2021-01-01,1,22,0,6,1,16,0,0,1,22,0,0,1,22,California
Alpine,2021-01-02,1,23,1,7,0,16,0,0,1,23,0,0,1,23,California
Alpine,2021-01-04,10,33,0,7,10,26,0,0,10,33,0,0,10,33,California
Alpine,2021-01-05,9,42,1,8,8,34,0,0,9,42,0,0,9,42,California
Alpine,2021-01-06,31,73,0,8,31,65,0,0,31,73,0,0,31,73,California
Alpine,2021-01-07,8,81,0,8,8,73,0,0,8,81,0,0,8,81,California
Alpine,2021-01-08,4,85,2,10,2,75,0,0,2,81,2,2,2,83,California
Alpine,2021-01-09,2,87,2,12,0,75,0,0,0,79,2,4,0,83,California
Alpine,2021-01-11,32,119,1,13,31,106,0,0,31,109,1,5,31,114,California
Alpine,2021-01-13,35,154,0,13,35,141,0,0,35,144,0,5,35,149,California
Alpine,2021-01-14,1,155,0,13,1,142,0,0,1,145,0,5,1,150,California
Alpine,2021-01-15,1,156,0,13,1,143,0,0,1,146,0,5,1,151,California
Alpine,2021-01-20,21,177,0,13,21,164,0,0,21,167,0,5,21,172,California
Alpine,2021-01-21,1,178,0,13,1,165,0,0,1,168,0,5,1,173,California
Alpine,2021-01-22,32,210,0,13,32,197,0,0,32,200,0,5,32,205,California
Alpine,2021-01-23,1,211,1,14,0,197,0,0,0,199,1,6,0,205,California
Alpine,2021-01-25,16,227,0,14,16,213,0,0,16,215,0,6,16,221,California
Alpine,2021-01-27,1,228,1,15,0,213,0,0,0,214,1,7,0,221,California
Alpine,2021-01-28,1,229,0,15,1,214,0,0,0,213,1,8,0,221,California
Alpine,2021-01-29,1,230,0,15,1,215,0,0,1,214,0,8,1,222,California
Alpine,2021-02-01,25,255,0,15,25,240,0,0,7,203,18,26,7,229,California
Alpine,2021-02-03,34,289,0,15,34,274,0,0,10,189,24,50,10,239,California
Alpine,2021-02-04,8,297,0,15,8,282,0,0,3,187,5,55,3,242,California
Alpine,2021-02-05,31,328,0,15,31,313,0,0,12,180,19,74,12,254,California
Alpine,2021-02-06,1,329,1,16,0,313,0,0,1,181,0,74,1,255,California
Alpine,2021-02-07,1,330,1,17,0,313,0,0,1,182,0,74,1,256,California
Alpine,2021-02-08,32,362,0,17,32,345,0,0,4,158,28,102,4,260,California
Alpine,2021-02-10,34,396,0,17,34,379,0,0,0,124,34,136,0,260,California
Alpine,2021-02-11,6,402,0,17,6,385,0,0,3,124,3,139,3,263,California
Alpine,2021-02-12,1,403,0,17,1,386,0,0,0,123,1,140,0,263,California
Alpine,2021-02-17,23,426,0,17,23,409,0,0,3,106,20,160,3,266,California
Alpine,2021-02-18,2,428,0,17,2,411,0,0,1,106,1,161,1,267,California
Alpine,2021-02-19,34,462,1,18,33,444,0,0,2,76,32,193,2,269,California
Alpine,2021-02-22,27,489,0,18,27,471,0,0,8,65,19,212,8,277,California
Alpine,2021-02-24,1,490,1,19,0,471,0,0,1,66,0,212,1,278,California
Alpine,2021-02-25,6,496,1,20,5,476,0,0,6,72,0,212,6,284,California
Alpine,2021-02-26,29,525,1,21,28,504,0,0,28,99,1,213,28,312,California
Alpine,2021-02-27,1,526,0,21,1,505,0,0,1,100,0,213,1,313,California
Alpine,2021-03-01,35,561,0,21,35,540,0,0,25,115,10,223,25,338,California
Alpine,2021-03-02,1,562,1,22,0,540,0,0,0,114,1,224,0,338,California
Alpine,2021-03-03,30,592,1,23,29,569,0,0,18,120,12,236,18,356,California
Alpine,2021-03-04,11,603,1,24,10,579,0,0,11,131,0,236,11,367,California
Alpine,2021-03-05,30,633,0,24,30,609,0,0,22,145,8,244,22,389,California
Alpine,2021-03-08,31,664,0,24,31,640,0,0,29,172,2,246,29,418,California
Alpine,2021-03-10,73,737,0,24,73,713,0,0,73,245,0,246,73,491,California
Alpine,2021-03-11,36,773,0,24,36,749,0,0,32,273,4,250,32,523,California
Alpine,2021-03-12,19,792,0,24,19,768,0,0,17,288,2,252,17,540,California
Alpine,2021-03-15,21,813,1,25,20,788,0,0,20,307,1,253,20,560,California
Alpine,2021-03-17,23,836,0,25,22,810,1,1,19,323,4,257,20,580,California
Alpine,2021-03-18,38,874,3,28,35,845,0,1,35,355,3,260,35,615,California
Alpine,2021-03-19,2,876,1,29,1,846,0,1,1,355,1,261,1,616,California
Alpine,2021-03-22,24,900,0,29,24,870,0,1,15,361,9,270,15,631,California
Alpine,2021-03-24,19,919,0,29,19,889,0,1,9,360,10,280,9,640,California
Alpine,2021-03-25,35,954,1,30,33,922,1,2,28,382,7,287,29,669,California
Alpine,2021-03-27,1,955,0,30,1,923,0,2,0,381,1,288,0,669,California
Alpine,2021-03-28,1,956,1,31,0,923,0,2,1,382,0,288,1,670,California
Alpine,2021-03-29,19,975,0,31,18,941,1,3,2,368,17,305,3,673,California
Alpine,2021-04-01,17,992,0,31,17,958,0,3,8,367,9,314,8,681,California
Alpine,2021-04-02,100,1092,1,32,99,1057,0,3,46,360,53,367,46,727,California
Alpine,2021-04-05,4,1096,1,33,3,1060,0,3,0,356,4,371,0,727,California
Alpine,2021-04-06,3,1099,2,35,1,1061,0,3,2,357,1,372,2,729,California
Alpine,2021-04-07,117,1216,0,35,116,1177,1,4,30,302,86,458,31,760,California
Alpine,2021-04-08,38,1254,0,35,36,1213,2,6,10,286,28,486,12,772,California
Alpine,2021-04-09,1,1255,0,35,1,1214,0,6,1,287,0,486,1,773,California
Alpine,2021-04-14,47,1302,0,35,47,1261,0,6,10,260,37,523,10,783,California
Alpine,2021-04-15,35,1337,0,35,35,1296,0,6,3,231,32,555,3,786,California
Alpine,2021-04-16,1,1338,0,35,1,1297,0,6,1,232,0,555,1,787,California
Alpine,2021-04-19,1,1339,0,35,1,1298,0,6,1,233,0,555,1,788,California
Alpine,2021-04-21,31,1370,0,35,31,1329,0,6,15,232,16,571,15,803,California
Alpine,2021-04-22,24,1394,0,35,24,1353,0,6,1,210,23,594,1,804,California
Alpine,2021-04-24,2,1396,2,37,0,1353,0,6,0,209,2,596,1,805,California
Alpine,2021-04-25,1,1397,1,38,0,1353,0,6,0,208,1,597,0,805,California
Alpine,2021-04-27,2,1399,1,39,1,1354,0,6,1,208,1,598,1,806,California
Alpine,2021-04-28,36,1435,0,39,36,1390,0,6,6,184,30,628,6,812,California
Alpine,2021-04-29,7,1442,1,40,6,1396,0,6,1,179,6,634,1,813,California
Alpine,2021-04-30,2,1444,1,41,0,1396,1,7,1,180,1,635,2,815,California
Alpine,2021-05-02,1,1445,0,41,0,1396,1,8,0,180,1,636,1,816,California
Alpine,2021-05-05,17,1462,0,41,17,1413,0,8,4,171,13,649,4,820,California
Alpine,2021-05-06,7,1469,0,41,7,1420,0,8,0,164,7,656,0,820,California
Amador,2020-12-16,2,2,2,2,0,0,0,0,2,2,0,0,2,2,California
Amador,2020-12-17,5,7,5,7,0,0,0,0,5,7,0,0,5,7,California
Amador,2020-12-18,45,52,45,52,0,0,0,0,45,52,0,0,45,52,California
Amador,2020-12-19,17,69,17,69,0,0,0,0,17,69,0,0,17,69,California
Amador,2020-12-20,4,73,4,73,0,0,0,0,4,73,0,0,4,73,California
Amador,2020-12-21,31,104,31,104,0,0,0,0,31,104,0,0,31,104,California
Amador,2020-12-22,35,139,34,138,1,1,0,0,35,139,0,0,35,139,California
Amador,2020-12-23,39,178,38,176,1,2,0,0,39,178,0,0,39,178,California
Amador,2020-12-24,5,183,3,179,2,4,0,0,5,183,0,0,5,183,California
Amador,2020-12-26,5,188,4,183,1,5,0,0,5,188,0,0,5,188,California
Amador,2020-12-27,1,189,0,183,1,6,0,0,1,189,0,0,1,189,California
Amador,2020-12-28,31,220,27,210,4,10,0,0,31,220,0,0,31,220,California
Amador,2020-12-29,26,246,19,229,7,17,0,0,26,246,0,0,26,246,California
Amador,2020-12-30,124,370,78,307,46,63,0,0,124,370,0,0,124,370,California
Amador,2020-12-31,191,561,166,473,25,88,0,0,191,561,0,0,191,561,California
Amador,2021-01-01,2,563,0,473,2,90,0,0,2,563,0,0,2,563,California
Amador,2021-01-02,56,619,56,529,0,90,0,0,56,619,0,0,56,619,California
Amador,2021-01-03,65,684,17,546,48,138,0,0,65,684,0,0,65,684,California
Amador,2021-01-04,124,808,1,547,123,261,0,0,124,808,0,0,124,808,California
Amador,2021-01-05,33,841,3,550,30,291,0,0,31,838,2,2,32,840,California
Amador,2021-01-06,40,881,10,560,30,321,0,0,36,870,4,6,36,876,California
Amador,2021-01-07,228,1109,69,629,159,480,0,0,216,1074,12,18,216,1092,California
Amador,2021-01-08,84,1193,70,699,14,494,0,0,40,1071,44,62,41,1133,California
Amador,2021-01-09,11,1204,11,710,0,494,0,0,2,1064,9,71,2,1135,California
Amador,2021-01-10,6,1210,4,714,2,496,0,0,2,1062,4,75,2,1137,California
Amador,2021-01-11,124,1334,44,758,80,576,0,0,88,1115,36,111,89,1226,California
Amador,2021-01-12,64,1398,49,807,15,591,0,0,40,1131,24,135,40,1266,California
Amador,2021-01-13,38,1436,23,830,15,606,0,0,26,1145,12,147,26,1292,California
Amador,2021-01-14,146,1582,20,850,126,732,0,0,136,1271,10,157,136,1428,California
Amador,2021-01-15,55,1637,24,874,31,763,0,0,48,1312,7,164,48,1476,California
Amador,2021-01-16,19,1656,12,886,7,770,0,0,13,1320,6,170,14,1490,California
Amador,2021-01-17,26,1682,6,892,20,790,0,0,26,1346,0,170,26,1516,California
Amador,2021-01-18,32,1714,28,920,4,794,0,0,10,1334,22,192,10,1526,California
Amador,2021-01-19,121,1835,96,1016,25,819,0,0,77,1367,44,236,77,1603,California
Amador,2021-01-20,184,2019,34,1050,150,969,0,0,168,1520,15,251,168,1771,California
Amador,2021-01-21,255,2274,224,1274,31,1000,0,0,145,1556,110,361,146,1917,California
Amador,2021-01-22,135,2409,73,1347,62,1062,0,0,128,1677,7,368,128,2045,California
Amador,2021-01-23,52,2461,32,1379,20,1082,0,0,50,1725,2,370,50,2095,California
Amador,2021-01-24,28,2489,12,1391,16,1098,0,0,25,1747,3,373,25,2120,California
Amador,2021-01-25,59,2548,28,1419,31,1129,0,0,42,1772,17,390,42,2162,California
Amador,2021-01-26,245,2793,17,1436,228,1357,0,0,235,1997,10,400,235,2397,California
Amador,2021-01-27,297,3090,31,1467,266,1623,0,0,250,2203,45,445,251,2648,California
Amador,2021-01-28,347,3437,77,1544,270,1893,0,0,286,2429,61,506,287,2935,California
Amador,2021-01-29,96,3533,31,1575,65,1958,0,0,81,2495,15,521,81,3016,California
Amador,2021-01-30,168,3701,35,1610,133,2091,0,0,163,2653,5,526,163,3179,California
Amador,2021-01-31,32,3733,28,1638,4,2095,0,0,31,2683,1,527,31,3210,California
Amador,2021-02-01,63,3796,23,1661,40,2135,0,0,36,2692,27,554,36,3246,California
Amador,2021-02-02,211,4007,63,1724,148,2283,0,0,126,2736,82,636,126,3372,California
Amador,2021-02-03,141,4148,38,1762,103,2386,0,0,90,2776,50,686,90,3462,California
Amador,2021-02-04,250,4398,74,1836,176,2562,0,0,164,2856,86,772,166,3628,California
Amador,2021-02-05,331,4729,63,1899,268,2830,0,0,315,3155,16,788,315,3943,California
Amador,2021-02-06,99,4828,80,1979,19,2849,0,0,95,3246,4,792,95,4038,California
Amador,2021-02-07,39,4867,35,2014,4,2853,0,0,35,3278,4,796,36,4074,California
Amador,2021-02-08,90,4957,62,2076,28,2881,0,0,73,3334,17,813,73,4147,California
Amador,2021-02-09,175,5132,83,2159,92,2973,0,0,110,3379,65,878,110,4257,California
Amador,2021-02-10,978,6110,80,2239,898,3871,0,0,945,4291,33,911,945,5202,California
Amador,2021-02-11,307,6417,119,2358,188,4059,0,0,201,4387,105,1016,201,5403,California
Amador,2021-02-12,327,6744,120,2478,207,4266,0,0,254,4568,73,1089,254,5657,California
Amador,2021-02-13,165,6909,81,2559,84,4350,0,0,139,4681,26,1115,139,5796,California
Amador,2021-02-14,123,7032,54,2613,69,4419,0,0,106,4770,17,1132,106,5902,California
Amador,2021-02-15,185,7217,60,2673,125,4544,0,0,168,4922,16,1148,168,6070,California
Amador,2021-02-16,464,7681,53,2726,411,4955,0,0,425,5309,39,1187,426,6496,California
Amador,2021-02-17,261,7942,82,2808,179,5134,0,0,165,5378,96,1283,165,6661,California
Amador,2021-02-18,398,8340,99,2907,299,5433,0,0,336,5653,62,1345,337,6998,California
Amador,2021-02-19,194,8534,77,2984,117,5550,0,0,111,5681,83,1428,111,7109,California
Amador,2021-02-20,94,8628,32,3016,62,5612,0,0,66,5719,28,1456,66,7175,California
Amador,2021-02-21,45,8673,34,3050,11,5623,0,0,15,5704,30,1486,15,7190,California
Amador,2021-02-22,64,8737,25,3075,39,5662,0,0,32,5705,31,1517,32,7222,California
Amador,2021-02-23,319,9056,54,3129,265,5927,0,0,139,5665,180,1697,140,7362,California
Amador,2021-02-24,394,9450,57,3186,337,6264,0,0,264,5803,126,1823,264,7626,California
Amador,2021-02-25,522,9972,117,3303,405,6669,0,0,280,5842,241,2064,280,7906,California
Amador,2021-02-26,609,10581,75,3378,534,7203,0,0,503,6240,106,2170,504,8410,California
Amador,2021-02-27,288,10869,93,3471,195,7398,0,0,100,6155,187,2357,102,8512,California
Amador,2021-02-28,102,10971,51,3522,51,7449,0,0,56,6167,46,2403,58,8570,California
Amador,2021-03-01,188,11159,66,3588,122,7571,0,0,119,6218,69,2472,120,8690,California
Amador,2021-03-02,379,11538,62,3650,317,7888,0,0,329,6498,50,2522,330,9020,California
Amador,2021-03-03,242,11780,79,3729,163,8051,0,0,167,6592,74,2596,168,9188,California
Amador,2021-03-04,496,12276,116,3845,380,8431,0,0,393,6883,102,2698,393,9581,California
Amador,2021-03-05,511,12787,77,3922,434,8865,0,0,293,6961,217,2915,295,9876,California
Amador,2021-03-06,99,12886,45,3967,53,8918,1,1,54,6971,45,2960,55,9931,California
Amador,2021-03-07,63,12949,42,4009,21,8939,0,1,20,6948,43,3003,20,9951,California
Amador,2021-03-08,152,13101,71,4080,80,9019,1,2,91,6979,61,3064,92,10043,California
Amador,2021-03-09,370,13471,50,4130,320,9339,0,2,292,7196,75,3139,292,10335,California
Amador,2021-03-10,511,13982,76,4206,433,9772,2,4,111,6910,400,3539,114,10449,California
Amador,2021-03-11,472,14454,116,4322,345,10117,11,15,299,7051,172,3711,313,10762,California
Amador,2021-03-12,568,15022,65,4387,495,10612,8,23,337,7171,230,3941,350,11112,California
Amador,2021-03-13,114,15136,18,4405,89,10701,7,30,74,7216,40,3981,85,11197,California
Amador,2021-03-14,89,15225,19,4424,67,10768,3,33,21,7172,68,4049,24,11221,California
Amador,2021-03-15,176,15401,25,4449,144,10912,7,40,53,7111,123,4172,62,11283,California
Amador,2021-03-16,447,15848,54,4503,383,11295,10,50,137,6950,308,4480,147,11430,California
Amador,2021-03-17,193,16041,43,4546,147,11442,3,53,116,6993,77,4557,120,11550,California
Amador,2021-03-18,476,16517,98,4644,374,11816,4,57,249,7024,227,4784,258,11808,California
Amador,2021-03-19,540,17057,56,4700,467,12283,17,74,391,7288,147,4931,411,12219,California
Amador,2021-03-20,110,17167,45,4745,64,12347,1,75,46,7274,63,4994,49,12268,California
Amador,2021-03-21,48,17215,36,4781,11,12358,1,76,31,7292,16,5010,34,12302,California
Amador,2021-03-22,113,17328,32,4813,52,12410,29,105,49,7306,64,5074,78,12380,California
Amador,2021-03-23,432,17760,47,4860,377,12787,8,113,275,7433,156,5230,283,12663,California
Amador,2021-03-24,341,18101,35,4895,54,12841,252,365,34,7413,306,5536,286,12949,California
Amador,2021-03-25,600,18701,81,4976,513,13354,6,371,389,7598,210,5746,395,13344,California
Amador,2021-03-26,740,19441,45,5021,689,14043,6,377,283,7435,455,6201,292,13636,California
Amador,2021-03-27,91,19532,15,5036,74,14117,2,379,27,7402,64,6265,31,13667,California
Amador,2021-03-28,67,19599,14,5050,51,14168,2,381,13,7365,53,6318,16,13683,California
Amador,2021-03-29,179,19778,26,5076,152,14320,1,382,81,7356,96,6414,87,13770,California
Amador,2021-03-30,527,20305,27,5103,499,14819,1,383,290,7411,236,6650,291,14061,California
Amador,2021-03-31,199,20504,56,5159,138,14957,5,388,43,7303,156,6806,48,14109,California
Amador,2021-04-01,612,21116,87,5246,525,15482,0,388,263,7221,347,7153,265,14374,California
Amador,2021-04-02,599,21715,36,5282,551,16033,12,400,380,7396,218,7371,393,14767,California
Amador,2021-04-03,83,21798,19,5301,44,16077,20,420,20,7375,63,7434,42,14809,California
Amador,2021-04-04,38,21836,3,5304,29,16106,6,426,15,7373,23,7457,21,14830,California
Amador,2021-04-05,143,21979,52,5356,74,16180,17,443,48,7346,94,7551,67,14897,California
Amador,2021-04-06,501,22480,37,5393,445,16625,19,462,221,7308,278,7829,240,15137,California
Amador,2021-04-07,99,22579,34,5427,46,16671,19,481,43,7316,54,7883,62,15199,California
Amador,2021-04-08,494,23073,84,5511,389,17060,21,502,221,7286,272,8155,242,15441,California
Amador,2021-04-09,480,23553,21,5532,440,17500,19,521,211,7246,268,8423,228,15669,California
Amador,2021-04-10,50,23603,14,5546,27,17527,9,530,22,7249,28,8451,31,15700,California
Amador,2021-04-11,49,23652,24,5570,21,17548,4,534,23,7250,26,8477,27,15727,California
Amador,2021-04-12,96,23748,24,5594,62,17610,10,544,40,7244,56,8533,50,15777,California
Amador,2021-04-13,343,24091,50,5644,293,17903,0,544,68,7038,274,8807,68,15845,California
Amador,2021-04-14,276,24367,26,5670,250,18153,0,544,175,7113,100,8907,175,16020,California
Amador,2021-04-15,329,24696,72,5742,257,18410,0,544,73,6935,251,9158,73,16093,California
Amador,2021-04-16,482,25178,29,5771,453,18863,0,544,384,7223,96,9254,384,16477,California
Amador,2021-04-17,61,25239,35,5806,26,18889,0,544,27,7216,34,9288,27,16504,California
Amador,2021-04-18,25,25264,5,5811,20,18909,0,544,11,7213,14,9302,11,16515,California
Amador,2021-04-19,69,25333,27,5838,42,18951,0,544,31,7209,37,9339,33,16548,California
Amador,2021-04-20,436,25769,54,5892,382,19333,0,544,111,7004,318,9657,113,16661,California
Amador,2021-04-21,86,25855,34,5926,52,19385,0,544,44,7007,41,9698,44,16705,California
Amador,2021-04-22,491,26346,73,5999,417,19802,1,545,106,6736,378,10076,107,16812,California
Amador,2021-04-23,356,26702,44,6043,312,20114,0,545,286,6955,69,10145,288,17100,California
Amador,2021-04-24,45,26747,23,6066,22,20136,0,545,25,6960,20,10165,25,17125,California
Amador,2021-04-25,37,26784,19,6085,18,20154,0,545,25,6973,12,10177,25,17150,California
Amador,2021-04-26,80,26864,25,6110,54,20208,1,546,39,6973,40,10217,40,17190,California
Amador,2021-04-27,482,27346,36,6146,446,20654,0,546,85,6664,395,10612,86,17276,California
Amador,2021-04-28,66,27412,28,6174,34,20688,4,550,38,6678,28,10640,42,17318,California
Amador,2021-04-29,218,27630,66,6240,44,20732,108,658,61,6689,157,10797,168,17486,California
Amador,2021-04-30,336,27966,26,6266,306,21038,4,662,97,6551,239,11036,101,17587,California
Amador,2021-05-01,42,28008,16,6282,22,21060,4,666,22,6559,18,11054,26,17613,California
Amador,2021-05-02,26,28034,14,6296,9,21069,3,669,9,6555,17,11071,13,17626,California
Amador,2021-05-03,66,28100,32,6328,24,21093,10,679,27,6553,39,11110,37,17663,California
Amador,2021-05-04,460,28560,23,6351,432,21525,5,684,68,6234,392,11502,73,17736,California
Amador,2021-05-05,180,28740,154,6505,19,21544,7,691,156,6373,24,11526,163,17899,California
Amador,2021-05-06,87,28827,53,6558,31,21575,3,694,53,6396,33,11559,56,17955,California
Amador,2021-05-07,90,28917,27,6585,60,21635,3,697,47,6403,43,11602,50,18005,California
Amador,2021-05-08,27,28944,6,6591,18,21653,3,700,7,6393,20,11622,10,18015,California
Butte,2020-12-16,3,3,3,3,0,0,0,0,3,3,0,0,3,3,California
Butte,2020-12-17,21,24,21,24,0,0,0,0,21,24,0,0,21,24,California
Butte,2020-12-18,50,74,50,74,0,0,0,0,50,74,0,0,50,74,California
Butte,2020-12-19,7,81,7,81,0,0,0,0,7,81,0,0,7,81,California
Butte,2020-12-20,10,91,10,91,0,0,0,0,10,91,0,0,10,91,California
Butte,2020-12-21,634,725,634,725,0,0,0,0,634,725,0,0,634,725,California
Butte,2020-12-22,618,1343,616,1341,2,2,0,0,618,1343,0,0,618,1343,California
Butte,2020-12-23,869,2212,853,2194,16,18,0,0,869,2212,0,0,869,2212,California
Butte,2020-12-24,159,2371,155,2349,4,22,0,0,159,2371,0,0,159,2371,California
Butte,2020-12-26,93,2464,91,2440,2,24,0,0,93,2464,0,0,93,2464,California
Butte,2020-12-27,35,2499,34,2474,1,25,0,0,35,2499,0,0,35,2499,California
Butte,2020-12-28,279,2778,273,2747,6,31,0,0,279,2778,0,0,279,2778,California
Butte,2020-12-29,203,2981,179,2926,24,55,0,0,203,2981,0,0,203,2981,California
Butte,2020-12-30,513,3494,291,3217,222,277,0,0,513,3494,0,0,513,3494,California
Butte,2020-12-31,211,3705,18,3235,193,470,0,0,211,3705,0,0,211,3705,California
Butte,2021-01-01,8,3713,1,3236,7,477,0,0,8,3713,0,0,8,3713,California
Butte,2021-01-02,41,3754,38,3274,3,480,0,0,41,3754,0,0,41,3754,California
Butte,2021-01-03,4,3758,1,3275,3,483,0,0,4,3758,0,0,4,3758,California
Butte,2021-01-04,208,3966,175,3450,33,516,0,0,208,3966,0,0,208,3966,California
Butte,2021-01-05,196,4162,151,3601,45,561,0,0,195,4160,1,1,195,4161,California
Butte,2021-01-06,623,4785,397,3998,226,787,0,0,618,4774,5,6,619,4780,California
Butte,2021-01-07,761,5546,369,4367,392,1179,0,0,741,5495,20,26,741,5521,California
Butte,2021-01-08,668,6214,529,4896,139,1318,0,0,622,6071,46,72,622,6143,California
Butte,2021-01-09,12,6226,7,4903,5,1323,0,0,7,6073,5,77,7,6150,California
Butte,2021-01-10,19,6245,5,4908,14,1337,0,0,14,6082,5,82,14,6164,California
Butte,2021-01-11,985,7230,949,5857,36,1373,0,0,357,5814,628,710,360,6524,California
Butte,2021-01-12,698,7928,653,6510,45,1418,0,0,274,5664,424,1134,274,6798,California
Butte,2021-01-13,1449,9377,955,7465,494,1912,0,0,615,5447,834,1968,617,7415,California
Butte,2021-01-14,1635,11012,894,8359,741,2653,0,0,1439,6691,195,2163,1439,8854,California
Butte,2021-01-15,1167,12179,925,9284,242,2895,0,0,1058,7639,110,2273,1058,9912,California
Butte,2021-01-16,586,12765,300,9584,286,3181,0,0,541,8135,45,2318,541,10453,California
Butte,2021-01-17,239,13004,64,9648,175,3356,0,0,202,8300,37,2355,202,10655,California
Butte,2021-01-18,344,13348,302,9950,42,3398,0,0,276,8509,67,2422,276,10931,California
Butte,2021-01-19,498,13846,433,10383,65,3463,0,0,225,8461,273,2695,225,11156,California
Butte,2021-01-20,1369,15215,688,11071,681,4144,0,0,1066,9224,303,2998,1066,12222,California
Butte,2021-01-21,1474,16689,866,11937,608,4752,0,0,1366,10483,107,3105,1366,13588,California
Butte,2021-01-22,1135,17824,476,12413,659,5411,0,0,1082,11512,53,3158,1082,14670,California
Butte,2021-01-23,129,17953,87,12500,42,5453,0,0,103,11589,26,3184,103,14773,California
Butte,2021-01-24,9,17962,7,12507,2,5455,0,0,9,11598,0,3184,9,14782,California
Butte,2021-01-25,655,18617,335,12842,320,5775,0,0,492,11927,163,3347,492,15274,California
Butte,2021-01-26,1468,20085,377,13219,1091,6866,0,0,1331,13121,137,3484,1331,16605,California
Butte,2021-01-27,2091,22176,705,13924,1386,8252,0,0,1362,13755,728,4212,1362,17967,California
Butte,2021-01-28,2260,24436,260,14184,2000,10252,0,0,1950,15396,309,4521,1950,19917,California
Butte,2021-01-29,1686,26122,487,14671,1199,11451,0,0,1307,16325,378,4899,1307,21224,California
Butte,2021-01-30,32,26154,9,14680,23,11474,0,0,29,16351,3,4902,29,21253,California
Butte,2021-01-31,16,26170,14,14694,2,11476,0,0,15,16365,1,4903,15,21268,California
Butte,2021-02-01,1749,27919,406,15100,1343,12819,0,0,1361,17340,386,5289,1361,22629,California
Butte,2021-02-02,1931,29850,363,15463,1568,14387,0,0,1628,18664,304,5593,1628,24257,California
Butte,2021-02-03,2732,32582,771,16234,1961,16348,0,0,1842,19618,888,6481,1842,26099,California
Butte,2021-02-04,2957,35539,327,16561,2630,18978,0,0,2402,21467,553,7034,2402,28501,California
Butte,2021-02-05,1264,36803,662,17223,602,19580,0,0,548,21300,716,7750,549,29050,California
Butte,2021-02-06,144,36947,103,17326,41,19621,0,0,62,21280,82,7832,62,29112,California
Butte,2021-02-07,37,36984,33,17359,4,19625,0,0,13,21269,24,7856,13,29125,California
Butte,2021-02-08,691,37675,542,17901,149,19774,0,0,238,21054,453,8309,238,29363,California
Butte,2021-02-09,953,38628,459,18360,494,20268,0,0,723,21547,230,8539,723,30086,California
Butte,2021-02-10,1706,40334,1190,19550,516,20784,0,0,675,21193,1029,9568,675,30761,California
Butte,2021-02-11,2202,42536,1349,20899,853,21637,0,0,1006,21003,1196,10764,1006,31767,California
Butte,2021-02-12,1001,43537,433,21332,568,22205,0,0,330,20663,670,11434,330,32097,California
Butte,2021-02-13,252,43789,44,21376,208,22413,0,0,150,20711,102,11536,150,32247,California
Butte,2021-02-14,161,43950,9,21385,152,22565,0,0,156,20862,5,11541,156,32403,California
Butte,2021-02-15,263,44213,47,21432,216,22781,0,0,198,20995,65,11606,198,32601,California
Butte,2021-02-16,734,44947,433,21865,301,23082,0,0,275,20810,460,12066,275,32876,California
Butte,2021-02-17,1515,46462,848,22713,667,23749,0,0,842,20981,671,12737,842,33718,California
Butte,2021-02-18,1554,48016,760,23473,794,24543,0,0,747,20921,807,13544,747,34465,California
Butte,2021-02-19,1166,49182,387,23860,779,25322,0,0,401,20564,758,14302,401,34866,California
Butte,2021-02-20,475,49657,29,23889,446,25768,0,0,122,20334,352,14654,122,34988,California
Butte,2021-02-21,16,49673,14,23903,2,25770,0,0,11,20340,5,14659,11,34999,California
Butte,2021-02-22,1498,51171,296,24199,1202,26972,0,0,380,19605,1115,15774,380,35379,California
Butte,2021-02-23,1633,52804,297,24496,1336,28308,0,0,463,18903,1165,16939,463,35842,California
Butte,2021-02-24,2135,54939,596,25092,1539,29847,0,0,728,18232,1399,18338,728,36570,California
Butte,2021-02-25,2073,57012,575,25667,1498,31345,0,0,651,17467,1417,19755,652,37222,California
Butte,2021-02-26,921,57933,311,25978,610,31955,0,0,398,17345,520,20275,398,37620,California
Butte,2021-02-27,235,58168,48,26026,187,32142,0,0,186,17484,47,20322,186,37806,California
Butte,2021-02-28,140,58308,16,26042,124,32266,0,0,132,17608,8,20330,132,37938,California
Butte,2021-03-01,1627,59935,178,26220,1448,33714,1,1,328,16641,1296,21626,329,38267,California
Butte,2021-03-02,1742,61677,196,26416,1546,35260,0,1,309,15521,1429,23055,309,38576,California
Butte,2021-03-03,2783,64460,848,27264,1935,37195,0,1,482,13703,2300,25355,482,39058,California
Butte,2021-03-04,3141,67601,678,27942,2463,39658,0,1,622,11807,2518,27873,622,39680,California
Butte,2021-03-05,1349,68950,617,28559,731,40389,1,2,736,11934,610,28483,737,40417,California
Butte,2021-03-06,247,69197,27,28586,197,40586,23,25,186,12083,60,28543,209,40626,California
Butte,2021-03-07,55,69252,3,28589,35,40621,17,42,30,12105,25,28568,47,40673,California
Butte,2021-03-08,1265,70517,129,28718,1059,41680,77,119,1100,13120,162,28730,1177,41850,California
Butte,2021-03-09,1900,72417,279,28997,1518,43198,103,222,1413,14151,485,29215,1516,43366,California
Butte,2021-03-10,2320,74737,965,29962,1255,44453,100,322,1579,15093,736,29951,1678,45044,California
Butte,2021-03-11,2804,77541,1312,31274,1366,45819,126,448,1980,16386,813,30764,2106,47150,California
Butte,2021-03-12,1144,78685,329,31603,466,46285,349,797,355,16307,783,31547,704,47854,California
Butte,2021-03-13,253,78938,67,31670,137,46422,49,846,64,16230,189,31736,112,47966,California
Butte,2021-03-14,161,79099,15,31685,104,46526,42,888,21,16154,139,31875,63,48029,California
Butte,2021-03-15,1718,80817,359,32044,1066,47592,293,1181,1125,16984,588,32463,1418,49447,California
Butte,2021-03-16,1630,82447,417,32461,1135,48727,78,1259,1090,17614,537,33000,1167,50614,California
Butte,2021-03-17,1952,84399,1358,33819,513,49240,81,1340,1134,18018,810,33810,1214,51828,California
Butte,2021-03-18,1800,86199,1457,35276,214,49454,129,1469,1061,18474,733,34543,1189,53017,California
Butte,2021-03-19,698,86897,312,35588,302,49756,84,1553,345,18559,344,34887,429,53446,California
Butte,2021-03-20,205,87102,32,35620,157,49913,16,1569,93,18556,112,34999,109,53555,California
Butte,2021-03-21,58,87160,27,35647,2,49915,29,1598,15,18557,43,35042,44,53599,California
Butte,2021-03-22,1461,88621,353,36000,1014,50929,94,1692,1196,19584,263,35305,1290,54889,California
Butte,2021-03-23,1805,90426,493,36493,1198,52127,114,1806,1455,20806,347,35652,1569,56458,California
Butte,2021-03-24,2247,92673,1266,37759,855,52982,126,1932,1701,22090,542,36194,1826,58284,California
Butte,2021-03-25,1484,94157,1201,38960,191,53173,92,2024,1020,22742,460,36654,1112,59396,California
Butte,2021-03-26,1212,95369,442,39402,524,53697,246,2270,567,22918,637,37291,813,60209,California
Butte,2021-03-27,299,95668,83,39485,192,53889,24,2294,132,22908,164,37455,154,60363,California
Butte,2021-03-28,226,95894,43,39528,175,54064,8,2302,101,22894,122,37577,108,60471,California
Butte,2021-03-29,1721,97615,381,39909,1270,55334,70,2372,1306,23860,410,37987,1376,61847,California
Butte,2021-03-30,1041,98656,471,40380,480,55814,90,2462,498,23911,537,38524,588,62435,California
Butte,2021-03-31,1776,100432,1304,41684,405,56219,67,2529,1087,24382,683,39207,1154,63589,California
Butte,2021-04-01,3274,103706,2662,44346,485,56704,127,2656,2206,25653,1063,40270,2334,65923,California
Butte,2021-04-02,997,104703,417,44763,460,57164,120,2776,558,25898,431,40701,676,66599,California
Butte,2021-04-03,345,105048,46,44809,224,57388,75,2851,166,25960,179,40880,241,66840,California
Butte,2021-04-04,184,105232,23,44832,138,57526,23,2874,106,26013,76,40956,129,66969,California
Butte,2021-04-05,1956,107188,421,45253,1366,58892,169,3043,598,25428,1351,42307,766,67735,California
Butte,2021-04-06,2188,109376,617,45870,1151,60043,420,3463,790,25244,1392,43699,1208,68943,California
Butte,2021-04-07,3006,112382,1312,47182,1302,61345,392,3855,696,24028,2304,46003,1088,70031,California
Butte,2021-04-08,2723,115105,1189,48371,1269,62614,265,4120,440,22453,2280,48283,705,70736,California
Butte,2021-04-09,1364,116469,346,48717,538,63152,480,4600,326,22221,1035,49318,803,71539,California
Butte,2021-04-10,217,116686,47,48764,74,63226,96,4696,96,22292,120,49438,191,71730,California
Butte,2021-04-11,103,116789,42,48806,51,63277,10,4706,79,22359,22,49460,89,71819,California
Butte,2021-04-12,1407,118196,316,49122,958,64235,133,4839,253,21591,1154,50614,386,72205,California
Butte,2021-04-13,1635,119831,569,49691,1060,65295,6,4845,346,20662,1282,51896,353,72558,California
Butte,2021-04-14,2829,122660,2339,52030,490,65785,0,4845,1313,20465,1511,53407,1314,73872,California
Butte,2021-04-15,634,123294,390,52420,244,66029,0,4845,480,20794,151,53558,480,74352,California
Butte,2021-04-16,807,124101,414,52834,393,66422,0,4845,473,20936,331,53889,473,74825,California
Butte,2021-04-17,338,124439,61,52895,277,66699,0,4845,236,21072,100,53989,236,75061,California
Butte,2021-04-18,38,124477,8,52903,30,66729,0,4845,34,21102,4,53993,34,75095,California
Butte,2021-04-19,1558,126035,380,53283,1178,67907,0,4845,447,20442,1107,55100,447,75542,California
Butte,2021-04-20,1968,128003,717,54000,1251,69158,0,4845,777,20033,1186,56286,777,76319,California
Butte,2021-04-21,2049,130052,1165,55165,884,70042,0,4845,480,18950,1563,57849,480,76799,California
Butte,2021-04-22,2186,132238,1908,57073,278,70320,0,4845,613,17994,1569,59418,613,77412,California
Butte,2021-04-23,937,133175,437,57510,500,70820,0,4845,488,18034,448,59866,488,77900,California
Butte,2021-04-24,345,133520,138,57648,207,71027,0,4845,191,18071,154,60020,191,78091,California
Butte,2021-04-25,171,133691,67,57715,104,71131,0,4845,63,18026,108,60128,63,78154,California
Butte,2021-04-26,1467,135158,408,58123,1054,72185,5,4850,409,17385,1055,61183,414,78568,California
Butte,2021-04-27,904,136062,613,58736,263,72448,28,4878,546,17605,354,61537,574,79142,California
Butte,2021-04-28,1389,137451,934,59670,431,72879,24,4902,497,17239,887,62424,521,79663,California
Butte,2021-04-29,873,138324,538,60208,310,73189,25,4927,294,16983,575,62999,319,79982,California
Butte,2021-04-30,886,139210,383,60591,483,73672,20,4947,451,17022,431,63430,470,80452,California
Butte,2021-05-01,239,139449,64,60655,156,73828,19,4966,72,16947,166,63596,91,80543,California
Butte,2021-05-02,146,139595,60,60715,73,73901,13,4979,42,16898,104,63700,55,80598,California
Butte,2021-05-03,605,140200,247,60962,325,74226,33,5012,152,16639,444,64144,185,80783,California
Butte,2021-05-04,806,141006,308,61270,464,74690,34,5046,202,16276,598,64742,235,81018,California
Butte,2021-05-05,1330,142336,1090,62360,204,74894,36,5082,270,15526,1056,65798,306,81324,California
Butte,2021-05-06,894,143230,643,63003,212,75106,39,5121,335,15345,555,66353,374,81698,California
Butte,2021-05-07,439,143669,217,63220,192,75298,30,5151,233,15404,204,66557,263,81961,California
Butte,2021-05-08,44,143713,5,63225,35,75333,4,5155,12,15389,31,66588,16,81977,California
Calaveras,2020-12-16,5,5,5,5,0,0,0,0,5,5,0,0,5,5,California
Calaveras,2020-12-17,3,8,3,8,0,0,0,0,3,8,0,0,3,8,California
Calaveras,2020-12-18,38,46,38,46,0,0,0,0,38,46,0,0,38,46,California
Calaveras,2020-12-19,3,49,3,49,0,0,0,0,3,49,0,0,3,49,California
Calaveras,2020-12-20,3,52,3,52,0,0,0,0,3,52,0,0,3,52,California
Calaveras,2020-12-21,55,107,48,100,7,7,0,0,55,107,0,0,55,107,California
Calaveras,2020-12-22,82,189,78,178,4,11,0,0,83,190,0,0,83,190,California
Calaveras,2020-12-23,76,265,74,252,2,13,0,0,76,266,0,0,76,266,California
Calaveras,2020-12-24,2,267,2,254,0,13,0,0,2,268,0,0,2,268,California
Calaveras,2020-12-26,3,270,3,257,0,13,0,0,3,271,0,0,3,271,California
Calaveras,2020-12-28,22,292,18,275,4,17,0,0,21,291,1,1,21,292,California
Calaveras,2020-12-29,167,459,147,422,20,37,0,0,167,458,0,1,167,459,California
Calaveras,2020-12-30,93,552,81,503,12,49,0,0,93,551,0,1,93,552,California
Calaveras,2020-12-31,35,587,25,528,10,59,0,0,35,586,0,1,35,587,California
Calaveras,2021-01-02,11,598,11,539,0,59,0,0,11,597,0,1,11,598,California
Calaveras,2021-01-03,10,608,4,543,6,65,0,0,10,607,0,1,10,608,California
Calaveras,2021-01-04,33,641,5,548,28,93,0,0,33,640,0,1,33,641,California
Calaveras,2021-01-05,40,681,9,557,31,124,0,0,32,669,8,9,37,678,California
Calaveras,2021-01-06,107,788,30,587,77,201,0,0,97,756,10,19,97,775,California
Calaveras,2021-01-07,105,893,26,613,79,280,0,0,92,838,11,30,93,868,California
Calaveras,2021-01-08,68,961,38,651,30,310,0,0,45,861,23,53,46,914,California
Calaveras,2021-01-09,5,966,5,656,0,310,0,0,2,860,3,56,2,916,California
Calaveras,2021-01-10,2,968,0,656,2,312,0,0,2,862,0,56,2,918,California
Calaveras,2021-01-11,65,1033,59,715,6,318,0,0,27,854,37,93,29,947,California
Calaveras,2021-01-12,85,1118,52,767,33,351,0,0,52,874,33,126,53,1000,California
Calaveras,2021-01-13,109,1227,44,811,65,416,0,0,75,916,34,160,76,1076,California
Calaveras,2021-01-14,138,1365,41,852,97,513,0,0,105,990,32,192,106,1182,California
Calaveras,2021-01-15,91,1456,29,881,62,575,0,0,71,1041,20,212,71,1253,California
Calaveras,2021-01-16,13,1469,2,883,11,586,0,0,12,1052,1,213,12,1265,California
Calaveras,2021-01-17,9,1478,1,884,8,594,0,0,9,1061,0,213,9,1274,California
Calaveras,2021-01-18,132,1610,19,903,113,707,0,0,119,1170,13,226,122,1396,California
Calaveras,2021-01-19,203,1813,173,1076,30,737,0,0,62,1093,140,366,63,1459,California
Calaveras,2021-01-20,376,2189,82,1158,294,1031,0,0,290,1308,85,451,300,1759,California
Calaveras,2021-01-21,462,2651,40,1198,422,1453,0,0,434,1720,28,479,440,2199,California
Calaveras,2021-01-22,401,3052,23,1221,378,1831,0,0,390,2107,11,490,398,2597,California
Calaveras,2021-01-23,22,3074,10,1231,12,1843,0,0,18,2121,4,494,18,2615,California
Calaveras,2021-01-24,13,3087,8,1239,5,1848,0,0,11,2130,2,496,11,2626,California
Calaveras,2021-01-25,85,3172,8,1247,77,1925,0,0,80,2205,5,501,80,2706,California
Calaveras,2021-01-26,47,3219,15,1262,32,1957,0,0,39,2236,8,509,39,2745,California
Calaveras,2021-01-27,133,3352,43,1305,90,2047,0,0,105,2314,27,536,105,2850,California
Calaveras,2021-01-28,164,3516,24,1329,140,2187,0,0,141,2435,23,559,144,2994,California
Calaveras,2021-01-29,386,3902,13,1342,373,2560,0,0,361,2780,25,584,370,3364,California
Calaveras,2021-01-30,27,3929,10,1352,17,2577,0,0,25,2805,0,584,25,3389,California
Calaveras,2021-01-31,6,3935,4,1356,2,2579,0,0,5,2809,1,585,5,3394,California
Calaveras,2021-02-01,24,3959,11,1367,13,2592,0,0,17,2819,7,592,17,3411,California
Calaveras,2021-02-02,109,4068,22,1389,87,2679,0,0,71,2857,34,626,72,3483,California
Calaveras,2021-02-03,429,4497,42,1431,387,3066,0,0,346,3122,82,708,347,3830,California
Calaveras,2021-02-04,379,4876,24,1455,355,3421,0,0,295,3335,84,792,297,4127,California
Calaveras,2021-02-05,78,4954,22,1477,56,3477,0,0,40,3338,38,830,41,4168,California
Calaveras,2021-02-06,21,4975,12,1489,9,3486,0,0,21,3359,0,830,21,4189,California
Calaveras,2021-02-07,4,4979,1,1490,3,3489,0,0,2,3359,2,832,2,4191,California
Calaveras,2021-02-08,38,5017,17,1507,21,3510,0,0,30,3383,6,838,30,4221,California
Calaveras,2021-02-09,193,5210,77,1584,116,3626,0,0,131,3459,56,894,132,4353,California
Calaveras,2021-02-10,513,5723,30,1614,483,4109,0,0,443,3835,70,964,446,4799,California
Calaveras,2021-02-11,583,6306,81,1695,502,4611,0,0,474,4205,106,1070,476,5275,California
Calaveras,2021-02-12,570,6876,325,2020,245,4856,0,0,494,4627,74,1144,496,5771,California
Calaveras,2021-02-13,193,7069,37,2057,156,5012,0,0,178,4790,15,1159,178,5949,California
Calaveras,2021-02-14,221,7290,71,2128,150,5162,0,0,206,4982,14,1173,206,6155,California
Calaveras,2021-02-15,383,7673,23,2151,360,5522,0,0,263,5128,117,1290,263,6418,California
Calaveras,2021-02-16,267,7940,143,2294,124,5646,0,0,231,5323,36,1326,231,6649,California
Calaveras,2021-02-17,509,8449,38,2332,471,6117,0,0,211,5246,289,1615,212,6861,California
Calaveras,2021-02-18,499,8948,91,2423,408,6525,0,0,99,4956,389,2004,99,6960,California
Calaveras,2021-02-19,439,9387,43,2466,396,6921,0,0,98,4723,331,2335,98,7058,California
Calaveras,2021-02-20,59,9446,15,2481,44,6965,0,0,48,4760,11,2346,48,7106,California
Calaveras,2021-02-21,23,9469,14,2495,9,6974,0,0,19,4775,4,2350,19,7125,California
Calaveras,2021-02-22,62,9531,38,2533,24,6998,0,0,33,4779,29,2379,33,7158,California
Calaveras,2021-02-23,125,9656,40,2573,85,7083,0,0,89,4833,36,2415,90,7248,California
Calaveras,2021-02-24,96,9752,47,2620,49,7132,0,0,66,4870,29,2444,66,7314,California
Calaveras,2021-02-25,550,10302,99,2719,451,7583,0,0,359,5042,187,2631,359,7673,California
Calaveras,2021-02-26,704,11006,46,2765,658,8241,0,0,368,5092,320,2951,370,8043,California
Calaveras,2021-02-27,203,11209,22,2787,181,8422,0,0,180,5249,23,2974,180,8223,California
Calaveras,2021-02-28,99,11308,16,2803,83,8505,0,0,93,5337,5,2979,93,8316,California
Calaveras,2021-03-01,226,11534,40,2843,186,8691,0,0,146,5406,78,3057,147,8463,California
Calaveras,2021-03-02,247,11781,96,2939,151,8842,0,0,201,5565,43,3100,202,8665,California
Calaveras,2021-03-03,510,12291,103,3042,407,9249,0,0,213,5485,293,3393,213,8878,California
Calaveras,2021-03-04,739,13030,64,3106,674,9923,1,1,350,5456,381,3774,352,9230,California
Calaveras,2021-03-05,456,13486,271,3377,181,10104,4,5,141,5290,311,4085,145,9375,California
Calaveras,2021-03-06,155,13641,42,3419,107,10211,6,11,122,5385,33,4118,128,9503,California
Calaveras,2021-03-07,75,13716,32,3451,36,10247,7,18,34,5385,41,4159,41,9544,California
Calaveras,2021-03-08,161,13877,26,3477,127,10374,8,26,127,5487,33,4192,135,9679,California
Calaveras,2021-03-09,361,14238,136,3613,219,10593,6,32,32,5199,326,4518,38,9717,California
Calaveras,2021-03-10,416,14654,28,3641,385,10978,3,35,57,4904,355,4873,60,9777,California
Calaveras,2021-03-11,845,15499,418,4059,414,11392,13,48,429,4933,413,5286,442,10219,California
Calaveras,2021-03-12,399,15898,212,4271,177,11569,10,58,325,5201,73,5359,341,10560,California
Calaveras,2021-03-13,176,16074,16,4287,152,11721,8,66,142,5320,33,5392,152,10712,California
Calaveras,2021-03-14,155,16229,10,4297,144,11865,1,67,17,5207,138,5530,25,10737,California
Calaveras,2021-03-15,332,16561,49,4346,257,12122,26,93,53,5012,278,5808,83,10820,California
Calaveras,2021-03-16,685,17246,550,4896,115,12237,20,113,545,5439,138,5946,565,11385,California
Calaveras,2021-03-17,279,17525,52,4948,213,12450,14,127,51,5279,226,6172,66,11451,California
Calaveras,2021-03-18,665,18190,570,5518,80,12530,15,142,550,5731,115,6287,567,12018,California
Calaveras,2021-03-19,231,18421,50,5568,107,12637,74,216,56,5689,171,6458,129,12147,California
Calaveras,2021-03-20,80,18501,21,5589,58,12695,1,217,23,5657,57,6515,25,12172,California
Calaveras,2021-03-21,48,18549,31,5620,6,12701,11,228,12,5644,36,6551,23,12195,California
Calaveras,2021-03-22,79,18628,36,5656,22,12723,21,249,25,5636,54,6605,46,12241,California
Calaveras,2021-03-23,292,18920,204,5860,78,12801,10,259,114,5590,170,6775,124,12365,California
Calaveras,2021-03-24,132,19052,50,5910,72,12873,10,269,43,5555,88,6863,53,12418,California
Calaveras,2021-03-25,739,19791,100,6010,636,13509,3,272,446,5714,290,7153,449,12867,California
Calaveras,2021-03-26,426,20217,28,6038,392,13901,6,278,89,5477,334,7487,97,12964,California
Calaveras,2021-03-27,212,20429,19,6057,189,14090,4,282,38,5350,171,7658,44,13008,California
Calaveras,2021-03-28,112,20541,12,6069,98,14188,2,284,8,5258,103,7761,11,13019,California
Calaveras,2021-03-29,176,20717,22,6091,151,14339,3,287,57,5202,117,7878,61,13080,California
Calaveras,2021-03-30,530,21247,24,6115,489,14828,17,304,355,5400,174,8052,372,13452,California
Calaveras,2021-03-31,322,21569,140,6255,172,15000,10,314,156,5401,166,8218,167,13619,California
Calaveras,2021-04-01,682,22251,440,6695,241,15241,1,315,186,5096,495,8713,190,13809,California
Calaveras,2021-04-02,394,22645,231,6926,155,15396,8,323,118,4950,273,8986,127,13936,California
Calaveras,2021-04-03,143,22788,32,6958,107,15503,4,327,39,4889,104,9090,43,13979,California
Calaveras,2021-04-04,78,22866,25,6983,53,15556,0,327,50,4911,28,9118,50,14029,California
Calaveras,2021-04-05,208,23074,79,7062,120,15676,9,336,99,4911,109,9227,109,14138,California
Calaveras,2021-04-06,650,23724,573,7635,64,15740,13,349,111,4499,536,9763,124,14262,California
Calaveras,2021-04-07,755,24479,657,8292,62,15802,36,385,618,5017,137,9900,655,14917,California
Calaveras,2021-04-08,944,25423,854,9146,69,15871,21,406,435,4968,507,10407,458,15375,California
Calaveras,2021-04-09,152,25575,57,9203,48,15919,47,453,56,4977,95,10502,104,15479,California
Calaveras,2021-04-10,188,25763,42,9245,128,16047,18,471,147,5102,41,10543,166,15645,California
Calaveras,2021-04-11,69,25832,44,9289,23,16070,2,473,48,5131,21,10564,50,15695,California
Calaveras,2021-04-12,103,25935,46,9335,38,16108,19,492,54,5156,49,10613,74,15769,California
Calaveras,2021-04-13,422,26357,367,9702,55,16163,0,492,363,5464,57,10670,365,16134,California
Calaveras,2021-04-14,179,26536,28,9730,151,16314,0,492,133,5552,46,10716,134,16268,California
Calaveras,2021-04-15,336,26872,287,10017,49,16363,0,492,253,5725,80,10796,253,16521,California
Calaveras,2021-04-16,98,26970,24,10041,74,16437,0,492,46,5723,48,10844,46,16567,California
Calaveras,2021-04-17,330,27300,128,10169,202,16639,0,492,288,5970,41,10885,288,16855,California
Calaveras,2021-04-18,18,27318,5,10174,13,16652,0,492,11,5974,7,10892,11,16866,California
Calaveras,2021-04-19,67,27385,25,10199,42,16694,0,492,40,5989,26,10918,41,16907,California
Calaveras,2021-04-20,258,27643,92,10291,166,16860,0,492,193,6119,63,10981,193,17100,California
Calaveras,2021-04-21,211,27854,143,10434,68,16928,0,492,86,6083,123,11104,87,17187,California
Calaveras,2021-04-22,539,28393,93,10527,446,17374,0,492,144,5836,394,11498,147,17334,California
Calaveras,2021-04-23,158,28551,80,10607,78,17452,0,492,65,5810,91,11589,65,17399,California
Calaveras,2021-04-24,172,28723,36,10643,136,17588,0,492,129,5898,42,11631,130,17529,California
Calaveras,2021-04-25,43,28766,28,10671,15,17603,0,492,22,5901,21,11652,24,17553,California
Calaveras,2021-04-26,93,28859,59,10730,34,17637,0,492,28,5865,65,11717,29,17582,California
Calaveras,2021-04-27,423,29282,58,10788,351,17988,14,506,65,5588,356,12073,79,17661,California
Calaveras,2021-04-28,641,29923,573,11361,37,18025,31,537,52,5091,589,12662,92,17753,California
Calaveras,2021-04-29,508,30431,439,11800,50,18075,19,556,74,4756,433,13095,98,17851,California
Calaveras,2021-04-30,148,30579,60,11860,83,18158,5,561,67,4753,81,13176,78,17929,California
Calaveras,2021-05-01,197,30776,109,11969,86,18244,2,563,130,4823,66,13242,136,18065,California
Calaveras,2021-05-02,52,30828,34,12003,17,18261,1,564,20,4814,31,13273,22,18087,California
Calaveras,2021-05-03,90,30918,68,12071,17,18278,5,569,28,4788,62,13335,36,18123,California
Calaveras,2021-05-04,411,31329,327,12398,47,18325,37,606,40,4496,370,13705,78,18201,California
Calaveras,2021-05-05,106,31435,54,12452,21,18346,31,637,44,4510,61,13766,75,18276,California
Calaveras,2021-05-06,252,31687,194,12646,34,18380,24,661,44,4373,207,13973,70,18346,California
Calaveras,2021-05-07,44,31731,8,12654,32,18412,4,665,23,4379,21,13994,27,18373,California
Calaveras,2021-05-08,269,32000,135,12789,133,18545,1,666,73,4259,194,14188,74,18447,California
Colusa,2020-12-18,1,1,1,1,0,0,0,0,1,1,0,0,1,1,California
Colusa,2020-12-21,2,3,2,3,0,0,0,0,2,3,0,0,2,3,California
Colusa,2020-12-22,10,13,10,13,0,0,0,0,10,13,0,0,10,13,California
Colusa,2020-12-23,10,23,10,23,0,0,0,0,10,23,0,0,10,23,California
Colusa,2020-12-24,2,25,1,24,1,1,0,0,2,25,0,0,2,25,California
Colusa,2020-12-27,1,26,1,25,0,1,0,0,1,26,0,0,1,26,California
Colusa,2020-12-28,7,33,3,28,4,5,0,0,7,33,0,0,7,33,California
Colusa,2020-12-29,11,44,8,36,3,8,0,0,11,44,0,0,11,44,California
Colusa,2020-12-30,50,94,13,49,37,45,0,0,50,94,0,0,50,94,California
Colusa,2020-12-31,18,112,1,50,17,62,0,0,18,112,0,0,18,112,California
Colusa,2021-01-04,4,116,0,50,4,66,0,0,4,116,0,0,4,116,California
Colusa,2021-01-05,67,183,1,51,66,132,0,0,67,183,0,0,67,183,California
Colusa,2021-01-06,15,198,9,60,6,138,0,0,15,198,0,0,15,198,California
Colusa,2021-01-07,38,236,4,64,34,172,0,0,37,234,1,1,37,235,California
Colusa,2021-01-08,9,245,7,71,2,174,0,0,8,241,1,2,8,243,California
Colusa,2021-01-09,2,247,1,72,1,175,0,0,2,243,0,2,2,245,California
Colusa,2021-01-10,1,248,0,72,1,176,0,0,1,244,0,2,1,246,California
Colusa,2021-01-11,12,260,6,78,6,182,0,0,7,246,5,7,7,253,California
Colusa,2021-01-12,11,271,9,87,2,184,0,0,6,247,5,12,6,259,California
Colusa,2021-01-13,21,292,13,100,8,192,0,0,13,252,8,20,13,272,California
Colusa,2021-01-14,35,327,28,128,7,199,0,0,33,283,2,22,33,305,California
Colusa,2021-01-15,41,368,5,133,36,235,0,0,39,320,2,24,39,344,California
Colusa,2021-01-16,12,380,1,134,11,246,0,0,11,330,1,25,11,355,California
Colusa,2021-01-17,3,383,2,136,1,247,0,0,2,331,1,26,2,357,California
Colusa,2021-01-18,4,387,0,136,4,251,0,0,4,335,0,26,4,361,California
Colusa,2021-01-19,9,396,8,144,1,252,0,0,5,336,4,30,5,366,California
Colusa,2021-01-20,115,511,101,245,14,266,0,0,102,425,13,43,102,468,California
Colusa,2021-01-21,56,567,41,286,15,281,0,0,55,479,1,44,55,523,California
Colusa,2021-01-22,40,607,17,303,23,304,0,0,35,509,5,49,35,558,California
Colusa,2021-01-23,35,642,6,309,29,333,0,0,35,544,0,49,35,593,California
Colusa,2021-01-25,7,649,0,309,7,340,0,0,7,551,0,49,7,600,California
Colusa,2021-01-26,8,657,5,314,3,343,0,0,5,553,3,52,5,605,California
Colusa,2021-01-27,109,766,31,345,78,421,0,0,107,658,2,54,107,712,California
Colusa,2021-01-28,79,845,46,391,33,454,0,0,72,723,7,61,72,784,California
Colusa,2021-01-29,41,886,7,398,34,488,0,0,40,762,1,62,40,824,California
Colusa,2021-01-30,27,913,4,402,23,511,0,0,27,789,0,62,27,851,California
Colusa,2021-01-31,7,920,7,409,0,511,0,0,7,796,0,62,7,858,California
Colusa,2021-02-01,27,947,10,419,17,528,0,0,22,813,5,67,22,880,California
Colusa,2021-02-02,42,989,8,427,34,562,0,0,36,843,6,73,36,916,California
Colusa,2021-02-03,69,1058,10,437,59,621,0,0,59,892,10,83,59,975,California
Colusa,2021-02-04,143,1201,81,518,62,683,0,0,115,979,28,111,115,1090,California
Colusa,2021-02-05,32,1233,8,526,24,707,0,0,29,1005,3,114,29,1119,California
Colusa,2021-02-06,284,1517,8,534,276,983,0,0,273,1267,11,125,273,1392,California
Colusa,2021-02-07,2,1519,1,535,1,984,0,0,0,1265,2,127,0,1392,California
Colusa,2021-02-08,40,1559,5,540,35,1019,0,0,37,1299,3,130,37,1429,California
Colusa,2021-02-09,231,1790,14,554,217,1236,0,0,176,1420,55,185,176,1605,California
Colusa,2021-02-10,116,1906,41,595,75,1311,0,0,73,1450,43,228,73,1678,California
Colusa,2021-02-11,97,2003,36,631,61,1372,0,0,72,1497,25,253,72,1750,California
Colusa,2021-02-12,117,2120,9,640,108,1480,0,0,79,1537,39,292,79,1829,California
Colusa,2021-02-13,60,2180,8,648,52,1532,0,0,52,1581,8,300,52,1881,California
Colusa,2021-02-14,20,2200,8,656,12,1544,0,0,14,1589,6,306,14,1895,California
Colusa,2021-02-15,45,2245,10,666,35,1579,0,0,38,1620,7,313,38,1933,California
Colusa,2021-02-16,67,2312,4,670,63,1642,0,0,66,1685,1,314,66,1999,California
Colusa,2021-02-17,206,2518,143,813,63,1705,0,0,60,1599,146,460,60,2059,California
Colusa,2021-02-18,135,2653,35,848,100,1805,0,0,112,1688,23,483,112,2171,California
Colusa,2021-02-19,155,2808,19,867,136,1941,0,0,129,1791,26,509,129,2300,California
Colusa,2021-02-20,28,2836,6,873,22,1963,0,0,12,1787,16,525,12,2312,California
Colusa,2021-02-21,1,2837,1,874,0,1963,0,0,0,1786,1,526,0,2312,California
Colusa,2021-02-22,43,2880,26,900,17,1980,0,0,29,1801,14,540,29,2341,California
Colusa,2021-02-23,22,2902,6,906,16,1996,0,0,18,1815,4,544,18,2359,California
Colusa,2021-02-24,300,3202,54,960,246,2242,0,0,158,1831,142,686,158,2517,California
Colusa,2021-02-25,102,3304,55,1015,47,2289,0,0,66,1861,36,722,66,2583,California
Colusa,2021-02-26,99,3403,14,1029,85,2374,0,0,60,1882,39,761,60,2643,California
Colusa,2021-02-27,55,3458,4,1033,51,2425,0,0,40,1907,15,776,40,2683,California
Colusa,2021-02-28,26,3484,14,1047,12,2437,0,0,18,1917,8,784,18,2701,California
Colusa,2021-03-01,46,3530,15,1062,31,2468,0,0,29,1929,17,801,29,2730,California
Colusa,2021-03-02,49,3579,13,1075,36,2504,0,0,26,1932,23,824,26,2756,California
Colusa,2021-03-03,242,3821,43,1118,199,2703,0,0,185,2060,57,881,185,2941,California
Colusa,2021-03-04,138,3959,58,1176,80,2783,0,0,80,2082,58,939,80,3021,California
Colusa,2021-03-05,98,4057,25,1201,64,2847,9,9,53,2099,45,984,62,3083,California
Colusa,2021-03-06,274,4331,9,1210,265,3112,0,9,37,1899,237,1221,37,3120,California
Colusa,2021-03-07,8,4339,5,1215,3,3115,0,9,6,1903,2,1223,6,3126,California
Colusa,2021-03-08,89,4428,21,1236,33,3148,35,44,45,1939,44,1267,80,3206,California
Colusa,2021-03-09,274,4702,72,1308,179,3327,23,67,83,1854,191,1458,106,3312,California
Colusa,2021-03-10,289,4991,37,1345,216,3543,36,103,203,2007,86,1544,239,3551,California
Colusa,2021-03-11,420,5411,60,1405,339,3882,21,124,339,2284,81,1625,358,3909,California
Colusa,2021-03-12,109,5520,18,1423,78,3960,13,137,19,2226,90,1715,32,3941,California
Colusa,2021-03-13,61,5581,16,1439,36,3996,9,146,18,2210,43,1758,27,3968,California
Colusa,2021-03-14,20,5601,0,1439,18,4014,2,148,6,2205,13,1771,8,3976,California
Colusa,2021-03-15,69,5670,26,1465,35,4049,8,156,14,2172,55,1826,22,3998,California
Colusa,2021-03-16,296,5966,16,1481,234,4283,46,202,189,2300,107,1933,235,4233,California
Colusa,2021-03-17,195,6161,49,1530,146,4429,0,202,111,2327,84,2017,111,4344,California
Colusa,2021-03-18,320,6481,33,1563,216,4645,71,273,197,2472,123,2140,268,4612,California
Colusa,2021-03-19,78,6559,20,1583,56,4701,2,275,53,2502,25,2165,55,4667,California
Colusa,2021-03-20,49,6608,7,1590,41,4742,1,276,36,2526,13,2178,37,4704,California
Colusa,2021-03-21,6,6614,4,1594,2,4744,0,276,4,2528,2,2180,4,4708,California
Colusa,2021-03-22,62,6676,10,1604,43,4787,9,285,40,2555,22,2202,49,4757,California
Colusa,2021-03-23,81,6757,16,1620,63,4850,2,287,54,2584,27,2229,56,4813,California
Colusa,2021-03-24,337,7094,57,1677,274,5124,6,293,69,2390,268,2497,74,4887,California
Colusa,2021-03-25,109,7203,60,1737,44,5168,5,298,52,2390,57,2554,57,4944,California
Colusa,2021-03-26,298,7501,47,1784,247,5415,4,302,245,2586,53,2607,249,5193,California
Colusa,2021-03-27,63,7564,5,1789,58,5473,0,302,25,2573,38,2645,25,5218,California
Colusa,2021-03-28,15,7579,6,1795,9,5482,0,302,7,2572,8,2653,7,5225,California
Colusa,2021-03-29,71,7650,20,1815,45,5527,6,308,31,2569,40,2693,37,5262,California
Colusa,2021-03-30,147,7797,78,1893,67,5594,2,310,75,2574,72,2765,77,5339,California
Colusa,2021-03-31,234,8031,42,1935,192,5786,0,310,74,2489,159,2924,74,5413,California
Colusa,2021-04-01,426,8457,67,2002,305,6091,54,364,304,2725,121,3045,357,5770,California
Colusa,2021-04-02,81,8538,12,2014,55,6146,14,378,37,2732,44,3089,51,5821,California
Colusa,2021-04-03,61,8599,10,2024,28,6174,23,401,13,2720,48,3137,36,5857,California
Colusa,2021-04-04,18,8617,0,2024,8,6182,10,411,3,2718,15,3152,13,5870,California
Colusa,2021-04-05,95,8712,25,2049,55,6237,15,426,39,2716,56,3208,54,5924,California
Colusa,2021-04-06,128,8840,33,2082,45,6282,50,476,43,2724,85,3293,93,6017,California
Colusa,2021-04-07,358,9198,40,2122,295,6577,23,499,132,2654,226,3519,156,6173,California
Colusa,2021-04-08,428,9626,35,2157,366,6943,27,526,122,2500,303,3822,149,6322,California
Colusa,2021-04-09,77,9703,21,2178,33,6976,23,549,29,2504,48,3870,52,6374,California
Colusa,2021-04-10,44,9747,9,2187,15,6991,20,569,12,2504,32,3902,32,6406,California
Colusa,2021-04-11,15,9762,2,2189,11,7002,2,571,7,2505,8,3910,9,6415,California
Colusa,2021-04-12,31,9793,3,2192,28,7030,0,571,24,2522,7,3917,24,6439,California
Colusa,2021-04-13,278,10071,23,2215,255,7285,0,571,93,2431,184,4101,93,6532,California
Colusa,2021-04-14,94,10165,19,2234,75,7360,0,571,33,2403,61,4162,33,6565,California
Colusa,2021-04-15,318,10483,42,2276,276,7636,0,571,130,2345,188,4350,130,6695,California
Colusa,2021-04-16,80,10563,11,2287,69,7705,0,571,36,2338,43,4393,36,6731,California
Colusa,2021-04-17,53,10616,7,2294,46,7751,0,571,31,2347,22,4415,31,6762,California
Colusa,2021-04-18,9,10625,2,2296,7,7758,0,571,7,2352,2,4417,7,6769,California
Colusa,2021-04-19,61,10686,22,2318,39,7797,0,571,17,2325,44,4461,17,6786,California
Colusa,2021-04-20,176,10862,32,2350,144,7941,0,571,128,2405,48,4509,128,6914,California
Colusa,2021-04-21,170,11032,59,2409,111,8052,0,571,110,2455,60,4569,110,7024,California
Colusa,2021-04-22,417,11449,26,2435,390,8442,1,572,214,2467,202,4771,214,7238,California
Colusa,2021-04-23,91,11540,17,2452,74,8516,0,572,37,2450,54,4825,37,7275,California
Colusa,2021-04-24,237,11777,19,2471,217,8733,1,573,204,2622,33,4858,205,7480,California
Colusa,2021-04-25,11,11788,5,2476,6,8739,0,573,8,2627,3,4861,8,7488,California
Colusa,2021-04-26,22,11810,4,2480,17,8756,1,574,6,2618,15,4876,6,7494,California
Colusa,2021-04-27,92,11902,21,2501,67,8823,4,578,43,2616,49,4925,47,7541,California
Colusa,2021-04-28,188,12090,27,2528,158,8981,3,581,138,2708,49,4974,141,7682,California
Colusa,2021-04-29,306,12396,19,2547,283,9264,4,585,42,2492,262,5236,46,7728,California
Colusa,2021-04-30,63,12459,16,2563,47,9311,0,585,39,2507,24,5260,39,7767,California
Colusa,2021-05-01,19,12478,8,2571,8,9319,3,588,9,2509,10,5270,12,7779,California
Colusa,2021-05-02,3,12481,0,2571,2,9321,1,589,2,2511,1,5271,3,7782,California
Colusa,2021-05-03,21,12502,7,2578,14,9335,0,589,6,2502,15,5286,6,7788,California
Colusa,2021-05-04,86,12588,44,2622,41,9376,1,590,63,2543,23,5309,64,7852,California
Colusa,2021-05-05,63,12651,14,2636,48,9424,1,591,28,2537,35,5344,29,7881,California
Colusa,2021-05-06,209,12860,14,2650,192,9616,3,594,84,2499,125,5469,87,7968,California
Colusa,2021-05-07,63,12923,1,2651,60,9676,2,596,29,2496,34,5503,31,7999,California
Colusa,2021-05-08,6,12929,3,2654,3,9679,0,596,1,2492,5,5508,1,8000,California
Contra Costa,2020-12-15,18,18,18,18,0,0,0,0,18,18,0,0,18,18,California
Contra Costa,2020-12-16,522,540,522,540,0,0,0,0,522,540,0,0,522,540,California
Contra Costa,2020-12-17,908,1448,908,1448,0,0,0,0,908,1448,0,0,908,1448,California
Contra Costa,2020-12-18,1591,3039,1590,3038,1,1,0,0,1591,3039,0,0,1591,3039,California
Contra Costa,2020-12-19,1103,4142,1102,4140,1,2,0,0,1103,4142,0,0,1103,4142,California
Contra Costa,2020-12-20,584,4726,583,4723,1,3,0,0,584,4726,0,0,584,4726,California
Contra Costa,2020-12-21,1653,6379,1651,6374,2,5,0,0,1653,6379,0,0,1653,6379,California
Contra Costa,2020-12-22,1667,8046,1563,7937,104,109,0,0,1667,8046,0,0,1667,8046,California
Contra Costa,2020-12-23,1588,9634,1340,9277,248,357,0,0,1588,9634,0,0,1588,9634,California
Contra Costa,2020-12-24,654,10288,336,9613,318,675,0,0,654,10288,0,0,654,10288,California
Contra Costa,2020-12-25,39,10327,17,9630,22,697,0,0,39,10327,0,0,39,10327,California
Contra Costa,2020-12-26,641,10968,131,9761,510,1207,0,0,641,10968,0,0,641,10968,California
Contra Costa,2020-12-27,240,11208,87,9848,153,1360,0,0,240,11208,0,0,240,11208,California
Contra Costa,2020-12-28,1831,13039,861,10709,970,2330,0,0,1831,13039,0,0,1831,13039,California
Contra Costa,2020-12-29,1830,14869,824,11533,1006,3336,0,0,1830,14869,0,0,1830,14869,California
Contra Costa,2020-12-30,2392,17261,1214,12747,1178,4514,0,0,2391,17260,0,0,2391,17260,California
Contra Costa,2020-12-31,915,18176,308,13055,607,5121,0,0,914,18174,0,0,914,18174,California
Contra Costa,2021-01-01,60,18236,23,13078,37,5158,0,0,60,18234,0,0,60,18234,California
Contra Costa,2021-01-02,335,18571,173,13251,162,5320,0,0,335,18569,0,0,335,18569,California
Contra Costa,2021-01-03,175,18746,117,13368,58,5378,0,0,174,18743,0,0,174,18743,California
Contra Costa,2021-01-04,1904,20650,1251,14619,653,6031,0,0,1883,20607,19,19,1883,20626,California
Contra Costa,2021-01-05,2105,22755,1259,15878,846,6877,0,0,1846,22196,258,277,1847,22473,California
Contra Costa,2021-01-06,3278,26033,2246,18124,1032,7909,0,0,2518,23963,754,1031,2521,24994,California
Contra Costa,2021-01-07,3092,29125,2059,20183,1033,8942,0,0,1881,24636,1208,2239,1881,26875,California
Contra Costa,2021-01-08,3381,32506,2390,22573,991,9933,0,0,1819,24901,1557,3796,1822,28697,California
Contra Costa,2021-01-09,1585,34091,1133,23706,452,10385,0,0,748,24815,836,4632,750,29447,California
Contra Costa,2021-01-10,362,34453,286,23992,76,10461,0,0,153,24759,209,4841,153,29600,California
Contra Costa,2021-01-11,3837,38290,3145,27137,692,11153,0,0,2233,25391,1604,6445,2236,31836,California
Contra Costa,2021-01-12,3907,42197,2932,30069,975,12128,0,0,2580,26647,1327,7772,2583,34419,California
Contra Costa,2021-01-13,4705,46902,2916,32985,1789,13917,0,0,3763,29473,938,8710,3764,38183,California
Contra Costa,2021-01-14,4304,51206,1554,34539,2750,16667,0,0,3922,33013,382,9092,3922,42105,California
Contra Costa,2021-01-15,5335,56541,2460,36999,2875,19542,0,0,5012,37707,322,9414,5016,47121,California
Contra Costa,2021-01-16,1718,58259,553,37552,1165,20707,0,0,1643,39275,75,9489,1643,48764,California
Contra Costa,2021-01-17,1635,59894,974,38526,661,21368,0,0,1512,40667,123,9612,1515,50279,California
Contra Costa,2021-01-18,3203,63097,1261,39787,1942,23310,0,0,2579,42629,618,10230,2580,52859,California
Contra Costa,2021-01-19,7067,70164,3162,42949,3905,27215,0,0,6063,47696,1001,11231,6068,58927,California
Contra Costa,2021-01-20,6661,76825,4101,47050,2560,29775,0,0,5428,51900,1229,12460,5433,64360,California
Contra Costa,2021-01-21,6976,83801,3112,50162,3864,33639,0,0,6250,57437,721,13181,6258,70618,California
Contra Costa,2021-01-22,6367,90168,2705,52867,3662,37301,0,0,5510,62102,848,14029,5513,76131,California
Contra Costa,2021-01-23,2029,92197,363,53230,1666,38967,0,0,1771,63619,256,14285,1773,77904,California
Contra Costa,2021-01-24,1581,93778,218,53448,1363,40330,0,0,1436,64914,145,14430,1440,79344,California
Contra Costa,2021-01-25,6653,100431,3017,56465,3636,43966,0,0,5090,68446,1561,15991,5093,84437,California
Contra Costa,2021-01-26,8091,108522,4689,61154,3402,47368,0,0,6247,72861,1836,17827,6251,90688,California
Contra Costa,2021-01-27,8246,116768,5504,66658,2742,50110,0,0,6341,77382,1824,19651,6345,97033,California
Contra Costa,2021-01-28,7444,124212,4084,70742,3360,53470,0,0,5837,81622,1601,21252,5841,102874,California
Contra Costa,2021-01-29,7440,131652,3890,74632,3550,57020,0,0,6127,86443,1309,22561,6130,109004,California
Contra Costa,2021-01-30,2083,133735,597,75229,1486,58506,0,0,1717,87801,359,22920,1717,110721,California
Contra Costa,2021-01-31,698,134433,479,75708,219,58725,0,0,572,88250,123,23043,572,111293,California
Contra Costa,2021-02-01,5523,139956,3764,79472,1759,60484,0,0,3892,90519,1626,24669,3895,115188,California
Contra Costa,2021-02-02,7759,147715,5272,84744,2487,62971,0,0,5906,94575,1851,26520,5907,121095,California
Contra Costa,2021-02-03,8272,155987,5463,90207,2809,65780,0,0,5612,97540,2648,29168,5613,126708,California
Contra Costa,2021-02-04,7437,163424,3534,93741,3903,69683,0,0,5709,101528,1724,30892,5712,132420,California
Contra Costa,2021-02-05,8430,171854,4824,98565,3606,73289,0,0,5718,104541,2705,33597,5718,138138,California
Contra Costa,2021-02-06,3470,175324,2155,100720,1315,74604,0,0,2818,106709,651,34248,2819,140957,California
Contra Costa,2021-02-07,981,176305,710,101430,271,74875,0,0,604,106937,376,34624,604,141561,California
Contra Costa,2021-02-08,5815,182120,3441,104871,2374,77249,0,0,4334,109796,1476,36100,4335,145896,California
Contra Costa,2021-02-09,8664,190784,4779,109650,3885,81134,0,0,5768,112674,2891,38991,5769,151665,California
Contra Costa,2021-02-10,8632,199416,4647,114297,3985,85119,0,0,5358,114777,3259,42250,5362,157027,California
Contra Costa,2021-02-11,9307,208723,4214,118511,5093,90212,0,0,5264,116009,4037,46287,5269,162296,California
Contra Costa,2021-02-12,10071,218794,4612,123123,5459,95671,0,0,5454,116856,4610,50897,5457,167753,California
Contra Costa,2021-02-13,4879,223673,1366,124489,3513,99184,0,0,3399,118779,1477,52374,3400,171153,California
Contra Costa,2021-02-14,2087,225760,865,125354,1222,100406,0,0,1225,119144,860,53234,1225,172378,California
Contra Costa,2021-02-15,4454,230214,2468,127822,1986,102392,0,0,2348,119394,2099,55333,2349,174727,California
Contra Costa,2021-02-16,10416,240630,4909,132731,5507,107899,0,0,4642,118274,5766,61099,4646,179373,California
Contra Costa,2021-02-17,12279,252909,6134,138865,6145,114044,0,0,5627,117265,6637,67736,5628,185001,California
Contra Costa,2021-02-18,11469,264378,5968,144833,5501,119545,0,0,5320,116449,6138,73874,5322,190323,California
Contra Costa,2021-02-19,11406,275784,7107,151940,4299,123844,0,0,5175,115411,6214,80088,5176,195499,California
Contra Costa,2021-02-20,6445,282229,2894,154834,3551,127395,0,0,4566,118116,1863,81951,4568,200067,California
Contra Costa,2021-02-21,1813,284042,1264,156098,549,127944,0,0,1094,118492,718,82669,1094,201161,California
Contra Costa,2021-02-22,7537,291579,5100,161198,2437,130381,0,0,3459,117887,4066,86735,3461,204622,California
Contra Costa,2021-02-23,11908,303487,7254,168452,4654,135035,0,0,5926,117849,5968,92703,5930,210552,California
Contra Costa,2021-02-24,10484,313971,7684,176136,2800,137835,0,0,5054,117492,5413,98116,5056,215608,California
Contra Costa,2021-02-25,11464,325435,7208,183344,4256,142091,0,0,5203,116458,6241,104357,5207,220815,California
Contra Costa,2021-02-26,10701,336136,6751,190095,3950,146041,0,0,5304,116381,5382,109739,5305,226120,California
Contra Costa,2021-02-27,6622,342758,4210,194305,2412,148453,0,0,4111,117989,2504,112243,4112,230232,California
Contra Costa,2021-02-28,3789,346547,3120,197425,669,149122,0,0,3191,120586,595,112838,3192,233424,California
Contra Costa,2021-03-01,8099,354646,6082,203507,2012,151134,5,5,4974,122457,3110,115948,4981,238405,California
Contra Costa,2021-03-02,10143,364789,6321,209828,3821,154955,1,6,5253,122837,4874,120822,5254,243659,California
Contra Costa,2021-03-03,11167,375956,6985,216813,4181,159136,1,7,6249,124184,4904,125726,6251,249910,California
Contra Costa,2021-03-04,11883,387839,7097,223910,4786,163922,0,7,6155,124630,5709,131435,6155,256065,California
Contra Costa,2021-03-05,11235,399074,6669,230579,4560,168482,6,13,6397,126210,4823,136258,6403,262468,California
Contra Costa,2021-03-06,7297,406371,4010,234589,2977,171459,310,323,4718,128669,2567,138825,5026,267494,California
Contra Costa,2021-03-07,3629,410000,2274,236863,1294,172753,61,384,2955,131012,673,139498,3016,270510,California
Contra Costa,2021-03-08,8061,418061,3765,240628,3992,176745,304,688,5371,134012,2679,142177,5679,276189,California
Contra Costa,2021-03-09,10216,428277,5015,245643,4906,181651,295,983,5050,134199,5158,147335,5345,281534,California
Contra Costa,2021-03-10,12146,440423,5967,251610,4683,186334,1496,2479,5475,134501,6660,153995,6962,288496,California
Contra Costa,2021-03-11,12466,452889,6564,258174,5340,191674,562,3041,6361,135342,6083,160078,6924,295420,California
Contra Costa,2021-03-12,12542,465431,5151,263325,6847,198521,544,3585,6267,135892,6259,166337,6809,302229,California
Contra Costa,2021-03-13,7761,473192,3074,266399,4263,202784,424,4009,3078,134722,4666,171003,3496,305725,California
Contra Costa,2021-03-14,4347,477539,2546,268945,1317,204101,484,4493,2067,135000,2272,173275,2550,308275,California
Contra Costa,2021-03-15,9378,486917,5058,274003,3567,207668,753,5246,4750,135891,4612,177887,5503,313778,California
Contra Costa,2021-03-16,14254,501171,8465,282468,5393,213061,396,5642,7266,136587,6966,184853,7662,321440,California
Contra Costa,2021-03-17,14996,516167,10343,292811,4439,217500,214,5856,8579,138990,6396,191249,8799,330239,California
Contra Costa,2021-03-18,15358,531525,8533,301344,6345,223845,480,6336,8785,141709,6544,197793,9263,339502,California
Contra Costa,2021-03-19,15500,547025,8905,310249,5205,229050,1390,7726,8301,144219,7186,204979,9696,349198,California
Contra Costa,2021-03-20,10614,557639,6338,316587,3973,233023,303,8029,5241,144407,5357,210336,5545,354743,California
Contra Costa,2021-03-21,4438,562077,3887,320474,464,233487,87,8116,2082,144226,2349,212685,2168,356911,California
Contra Costa,2021-03-22,11521,573598,8684,329158,2588,236075,249,8365,7086,147137,4423,217108,7334,364245,California
Contra Costa,2021-03-23,15591,589189,10738,339896,4683,240758,170,8535,9498,150742,6066,223174,9671,373916,California
Contra Costa,2021-03-24,14975,604164,11679,351575,3084,243842,212,8747,9202,154417,5741,228915,9416,383332,California
Contra Costa,2021-03-25,15255,619419,11882,363457,3089,246931,284,9031,9418,158317,5800,234715,9700,393032,California
Contra Costa,2021-03-26,14930,634349,10698,374155,3837,250768,395,9426,8813,161428,6092,240807,9203,402235,California
Contra Costa,2021-03-27,10423,644772,6745,380900,3168,253936,510,9936,5768,163054,4645,245452,6271,408506,California
Contra Costa,2021-03-28,4127,648899,2923,383823,1152,255088,52,9988,1768,162525,2349,247801,1820,410326,California
Contra Costa,2021-03-29,10822,659721,8445,392268,2262,257350,115,10103,7074,165982,3734,251535,7191,417517,California
Contra Costa,2021-03-30,16717,676438,9120,401388,6245,263595,1352,11455,11030,172692,5672,257207,12382,429899,California
Contra Costa,2021-03-31,17939,694377,12553,413941,3946,267541,1440,12895,11521,179266,6385,263592,12959,442858,California
Contra Costa,2021-04-01,17399,711776,12179,426120,3858,271399,1362,14257,11330,185909,6047,269639,12690,455548,California
Contra Costa,2021-04-02,17384,729160,12831,438951,3548,274947,1005,15262,11558,192656,5815,275454,12562,468110,California
Contra Costa,2021-04-03,10742,739902,6408,445359,2800,277747,1534,16796,6151,195763,4578,280032,7685,475795,California
Contra Costa,2021-04-04,3314,743216,1310,446669,1409,279156,595,17391,888,194826,2419,282451,1482,477277,California
Contra Costa,2021-04-05,12036,755252,7852,454521,3209,282365,975,18366,6569,196917,5453,287904,7544,484821,California
Contra Costa,2021-04-06,17276,772528,11981,466502,3014,285379,2281,20647,9749,201439,7507,295411,12029,496850,California
Contra Costa,2021-04-07,18444,790972,12479,478981,3160,288539,2805,23452,10461,206778,7964,303375,13303,510153,California
Contra Costa,2021-04-08,18599,809571,12400,491381,3287,291826,2912,26364,9984,211074,8587,311962,12883,523036,California
Contra Costa,2021-04-09,18645,828216,11915,503296,4256,296082,2474,28838,9957,214840,8662,320624,12428,535464,California
Contra Costa,2021-04-10,10495,838711,3797,507093,2153,298235,4545,33383,3282,215456,7198,327822,7814,543278,California
Contra Costa,2021-04-11,3312,842023,1977,509070,683,298918,652,34035,1118,215038,2188,330010,1770,545048,California
Contra Costa,2021-04-12,11839,853862,7842,516912,2964,301882,1033,35068,5591,215431,6235,336245,6628,551676,California
Contra Costa,2021-04-13,17772,871634,10864,527776,6903,308785,5,35073,11869,221428,5883,342128,11880,563556,California
Contra Costa,2021-04-14,17516,889150,10986,538762,6529,315314,1,35074,9692,223320,7804,349932,9696,573252,California
Contra Costa,2021-04-15,17481,906631,10720,549482,6760,322074,1,35075,8119,222126,9333,359265,8139,581391,California
Contra Costa,2021-04-16,16851,923482,10528,560010,6322,328396,1,35076,7608,220521,9219,368484,7614,589005,California
Contra Costa,2021-04-17,11403,934885,6266,566276,5137,333533,0,35076,6118,221372,5272,373756,6123,595128,California
Contra Costa,2021-04-18,2729,937614,2110,568386,619,334152,0,35076,1780,222211,941,374697,1780,596908,California
Contra Costa,2021-04-19,11325,948939,8469,576855,2856,337008,0,35076,3545,218003,7755,382452,3547,600455,California
Contra Costa,2021-04-20,16607,965546,10788,587643,5819,342827,0,35076,6236,213898,10345,392797,6240,606695,California
Contra Costa,2021-04-21,17280,982826,14106,601749,3174,346001,0,35076,6149,208958,11097,403894,6157,612852,California
Contra Costa,2021-04-22,17116,999942,13863,615612,3252,349253,1,35077,6069,204023,11015,414909,6080,618932,California
Contra Costa,2021-04-23,16929,1016871,13472,629084,3457,352710,0,35077,5469,198073,11426,426335,5476,624408,California
Contra Costa,2021-04-24,10881,1027752,8417,637501,2464,355174,0,35077,4164,195544,6697,433032,4168,628576,California
Contra Costa,2021-04-25,3222,1030974,2173,639674,1047,356221,2,35079,2032,196394,1187,434219,2037,630613,California
Contra Costa,2021-04-26,9529,1040503,8084,647758,1421,357642,24,35103,2796,192507,6717,440936,2830,633443,California
Contra Costa,2021-04-27,14118,1054621,10412,658170,3556,361198,150,35253,3786,186141,10312,451248,3946,637389,California
Contra Costa,2021-04-28,13826,1068447,10752,668922,2786,363984,288,35541,3466,179572,10327,461575,3758,641147,California
Contra Costa,2021-04-29,12984,1081431,10049,678971,2765,366749,170,35711,2823,172435,10135,471710,2998,644145,California
Contra Costa,2021-04-30,13620,1095051,10743,689714,2627,369376,250,35961,3085,165262,10512,482222,3339,647484,California
Contra Costa,2021-05-01,7988,1103039,5840,695554,1832,371208,316,36277,1908,161426,6061,488283,2225,649709,California
Contra Costa,2021-05-02,2318,1105357,1577,697131,662,371870,79,36356,985,161167,1323,489606,1064,650773,California
Contra Costa,2021-05-03,9109,1114466,8023,705154,920,372790,166,36522,1943,156130,7151,496757,2114,652887,California
Contra Costa,2021-05-04,14008,1128474,12105,717259,1580,374370,323,36845,2274,147017,11710,508467,2597,655484,California
Contra Costa,2021-05-05,12459,1140933,10753,728012,1498,375868,208,37053,2397,139586,10036,518503,2605,658089,California
Contra Costa,2021-05-06,10204,1151137,8486,736498,1383,377251,335,37388,1905,133556,8276,526779,2246,660335,California
Contra Costa,2021-05-07,8443,1159580,6993,743491,1307,378558,143,37531,1699,128680,6717,533496,1841,662176,California
Contra Costa,2021-05-08,4342,1163922,3509,747000,740,379298,93,37624,810,126070,3515,537011,905,663081,California
Del Norte,2020-12-21,23,23,23,23,0,0,0,0,23,23,0,0,23,23,California
Del Norte,2020-12-22,46,69,46,69,0,0,0,0,46,69,0,0,46,69,California
Del Norte,2020-12-23,58,127,48,117,10,10,0,0,56,125,0,0,56,125,California
Del Norte,2020-12-28,34,161,34,151,0,10,0,0,34,159,0,0,34,159,California
Del Norte,2020-12-29,4,165,4,155,0,10,0,0,4,163,0,0,4,163,California
Del Norte,2020-12-30,67,232,55,210,12,22,0,0,68,231,0,0,68,231,California
Del Norte,2020-12-31,16,248,13,223,3,25,0,0,16,247,0,0,16,247,California
Del Norte,2021-01-04,102,350,49,272,53,78,0,0,102,349,0,0,102,349,California
Del Norte,2021-01-05,32,382,0,272,32,110,0,0,32,381,0,0,32,381,California
Del Norte,2021-01-06,77,459,18,290,59,169,0,0,77,458,0,0,77,458,California
Del Norte,2021-01-07,21,480,1,291,20,189,0,0,21,479,0,0,21,479,California
Del Norte,2021-01-08,78,558,7,298,71,260,0,0,78,557,0,0,78,557,California
Del Norte,2021-01-11,40,598,21,319,19,279,0,0,18,554,22,22,19,576,California
Del Norte,2021-01-12,51,649,32,351,19,298,0,0,30,563,21,43,30,606,California
Del Norte,2021-01-13,86,735,40,391,46,344,0,0,53,583,33,76,53,659,California
Del Norte,2021-01-14,52,787,14,405,38,382,0,0,46,623,6,82,46,705,California
Del Norte,2021-01-15,107,894,18,423,89,471,0,0,95,706,12,94,95,800,California
Del Norte,2021-01-17,1,895,1,424,0,471,0,0,1,707,0,94,1,801,California
Del Norte,2021-01-18,2,897,0,424,2,473,0,0,2,709,0,94,2,803,California
Del Norte,2021-01-19,119,1016,56,480,63,536,0,0,77,744,42,136,77,880,California
Del Norte,2021-01-20,158,1174,84,564,74,610,0,0,96,778,62,198,96,976,California
Del Norte,2021-01-21,43,1217,40,604,3,613,0,0,32,799,11,209,32,1008,California
Del Norte,2021-01-22,20,1237,17,621,3,616,0,0,13,805,7,216,13,1021,California
Del Norte,2021-01-23,1,1238,0,621,1,617,0,0,1,806,0,216,1,1022,California
Del Norte,2021-01-24,1,1239,0,621,1,618,0,0,1,807,0,216,1,1023,California
Del Norte,2021-01-25,100,1339,82,703,18,636,0,0,56,819,44,260,56,1079,California
Del Norte,2021-01-26,18,1357,11,714,7,643,0,0,7,815,11,271,7,1086,California
Del Norte,2021-01-27,64,1421,21,735,43,686,0,0,61,873,3,274,61,1147,California
Del Norte,2021-01-28,291,1712,20,755,271,957,0,0,286,1154,5,279,286,1433,California
Del Norte,2021-01-29,55,1767,21,776,34,991,0,0,44,1187,11,290,44,1477,California
Del Norte,2021-01-30,8,1775,1,777,7,998,0,0,8,1195,0,290,8,1485,California
Del Norte,2021-02-01,41,1816,1,778,40,1038,0,0,26,1206,15,305,26,1511,California
Del Norte,2021-02-02,142,1958,34,812,108,1146,0,0,73,1211,68,373,73,1584,California
Del Norte,2021-02-03,126,2084,40,852,86,1232,0,0,71,1227,55,428,71,1655,California
Del Norte,2021-02-04,71,2155,29,881,42,1274,0,0,42,1240,29,457,42,1697,California
Del Norte,2021-02-05,184,2339,22,903,162,1436,0,0,119,1295,64,521,119,1816,California
Del Norte,2021-02-06,312,2651,6,909,306,1742,0,0,312,1607,0,521,312,2128,California
Del Norte,2021-02-07,2,2653,1,910,1,1743,0,0,2,1609,0,521,2,2130,California
Del Norte,2021-02-08,36,2689,1,911,35,1778,0,0,32,1637,4,525,32,2162,California
Del Norte,2021-02-09,8,2697,5,916,3,1781,0,0,2,1633,6,531,2,2164,California
Del Norte,2021-02-10,143,2840,20,936,123,1904,0,0,86,1663,56,587,86,2250,California
Del Norte,2021-02-11,177,3017,59,995,118,2022,0,0,64,1614,113,700,64,2314,California
Del Norte,2021-02-12,121,3138,14,1009,107,2129,0,0,67,1627,54,754,67,2381,California
Del Norte,2021-02-13,2,3140,1,1010,1,2130,0,0,2,1629,0,754,2,2383,California
Del Norte,2021-02-14,3,3143,1,1011,2,2132,0,0,2,1630,1,755,2,2385,California
Del Norte,2021-02-15,4,3147,0,1011,4,2136,0,0,2,1630,2,757,2,2387,California
Del Norte,2021-02-16,132,3279,1,1012,131,2267,0,0,13,1524,119,876,13,2400,California
Del Norte,2021-02-17,91,3370,20,1032,71,2338,0,0,24,1481,67,943,24,2424,California
Del Norte,2021-02-18,77,3447,24,1056,53,2391,0,0,51,1506,26,969,51,2475,California
Del Norte,2021-02-19,43,3490,17,1073,26,2417,0,0,33,1529,10,979,33,2508,California
Del Norte,2021-02-20,8,3498,5,1078,3,2420,0,0,6,1533,2,981,6,2514,California
Del Norte,2021-02-22,2,3500,0,1078,2,2422,0,0,2,1535,0,981,2,2516,California
Del Norte,2021-02-23,107,3607,89,1167,18,2440,0,0,31,1491,76,1057,32,2548,California
Del Norte,2021-02-24,152,3759,98,1265,54,2494,0,0,79,1497,73,1130,79,2627,California
Del Norte,2021-02-25,476,4235,131,1396,345,2839,0,0,213,1449,261,1391,213,2840,California
Del Norte,2021-02-26,212,4447,176,1572,36,2875,0,0,166,1569,46,1437,166,3006,California
Del Norte,2021-02-27,152,4599,145,1717,6,2881,1,1,141,1700,11,1448,142,3148,California
Del Norte,2021-02-28,4,4603,1,1718,3,2884,0,1,3,1702,1,1449,3,3151,California
Del Norte,2021-03-01,28,4631,2,1720,26,2910,0,1,4,1682,24,1473,4,3155,California
Del Norte,2021-03-02,220,4851,141,1861,79,2989,0,1,187,1836,33,1506,187,3342,California
Del Norte,2021-03-03,167,5018,99,1960,68,3057,0,1,126,1921,41,1547,126,3468,California
Del Norte,2021-03-04,120,5138,83,2043,37,3094,0,1,91,1984,28,1575,91,3559,California
Del Norte,2021-03-05,119,5257,9,2052,110,3204,0,1,71,2007,48,1623,71,3630,California
Del Norte,2021-03-06,466,5723,78,2130,338,3542,50,51,164,1876,302,1925,171,3801,California
Del Norte,2021-03-07,2,5725,1,2131,1,3543,0,51,1,1876,1,1926,1,3802,California
Del Norte,2021-03-08,28,5753,1,2132,25,3568,2,53,5,1860,23,1949,7,3809,California
Del Norte,2021-03-09,193,5946,112,2244,78,3646,3,56,182,2034,11,1960,185,3994,California
Del Norte,2021-03-10,233,6179,96,2340,109,3755,28,84,134,2097,99,2059,162,4156,California
Del Norte,2021-03-11,151,6330,55,2395,91,3846,5,89,103,2157,48,2107,108,4264,California
Del Norte,2021-03-12,178,6508,89,2484,89,3935,0,89,125,2229,53,2160,125,4389,California
Del Norte,2021-03-13,94,6602,93,2577,1,3936,0,89,91,2317,3,2163,91,4480,California
Del Norte,2021-03-14,1,6603,0,2577,1,3937,0,89,1,2317,1,2164,1,4481,California
Del Norte,2021-03-15,38,6641,0,2577,38,3975,0,89,34,2347,4,2168,34,4515,California
Del Norte,2021-03-16,280,6921,135,2712,145,4120,0,89,259,2585,21,2189,259,4774,California
Del Norte,2021-03-17,282,7203,95,2807,185,4305,2,91,168,2641,114,2303,170,4944,California
Del Norte,2021-03-18,285,7488,107,2914,175,4480,3,94,149,2658,135,2438,152,5096,California
Del Norte,2021-03-19,266,7754,159,3073,101,4581,6,100,91,2580,175,2613,97,5193,California
Del Norte,2021-03-20,157,7911,154,3227,3,4584,0,100,15,2453,142,2755,15,5208,California
Del Norte,2021-03-21,4,7915,2,3229,2,4586,0,100,2,2453,2,2757,2,5210,California
Del Norte,2021-03-22,42,7957,3,3232,38,4624,1,101,39,2490,3,2760,40,5250,California
Del Norte,2021-03-23,335,8292,164,3396,153,4777,18,119,165,2504,168,2928,182,5432,California
Del Norte,2021-03-24,397,8689,107,3503,249,5026,41,160,236,2620,161,3089,277,5709,California
Del Norte,2021-03-25,192,8881,89,3592,103,5129,0,160,84,2597,107,3196,84,5793,California
Del Norte,2021-03-26,231,9112,112,3704,119,5248,0,160,197,2760,34,3230,197,5990,California
Del Norte,2021-03-27,108,9220,87,3791,4,5252,17,177,17,2703,91,3321,34,6024,California
Del Norte,2021-03-28,4,9224,2,3793,2,5254,0,177,1,2701,3,3324,1,6025,California
Del Norte,2021-03-29,57,9281,6,3799,34,5288,17,194,32,2725,25,3349,49,6074,California
Del Norte,2021-03-30,339,9620,118,3917,210,5498,11,205,128,2653,211,3560,139,6213,California
Del Norte,2021-03-31,352,9972,99,4016,236,5734,17,222,197,2714,153,3713,214,6427,California
Del Norte,2021-04-01,164,10136,58,4074,72,5806,34,256,69,2723,94,3807,103,6530,California
Del Norte,2021-04-02,230,10366,78,4152,103,5909,49,305,47,2637,183,3990,97,6627,California
Del Norte,2021-04-03,106,10472,82,4234,2,5911,22,327,4,2562,101,4091,26,6653,California
Del Norte,2021-04-04,4,10476,0,4234,0,5911,4,331,0,2562,4,4095,4,6657,California
Del Norte,2021-04-05,46,10522,5,4239,37,5948,4,335,39,2598,7,4102,43,6700,California
Del Norte,2021-04-06,378,10900,119,4358,222,6170,37,372,145,2552,229,4331,183,6883,California
Del Norte,2021-04-07,430,11330,114,4472,255,6425,61,433,283,2750,146,4477,344,7227,California
Del Norte,2021-04-08,233,11563,54,4526,111,6536,68,501,111,2807,122,4599,179,7406,California
Del Norte,2021-04-09,205,11768,47,4573,81,6617,77,578,98,2874,106,4705,173,7579,California
Del Norte,2021-04-10,47,11815,26,4599,4,6621,17,595,27,2898,20,4725,44,7623,California
Del Norte,2021-04-11,12,11827,3,4602,2,6623,7,602,2,2897,10,4735,9,7632,California
Del Norte,2021-04-12,28,11855,1,4603,9,6632,18,620,1,2890,26,4761,19,7651,California
Del Norte,2021-04-13,297,12152,49,4652,248,6880,0,620,155,2903,142,4903,155,7806,California
Del Norte,2021-04-14,326,12478,23,4675,303,7183,0,620,137,2856,189,5092,142,7948,California
Del Norte,2021-04-15,163,12641,30,4705,133,7316,0,620,44,2782,119,5211,45,7993,California
Del Norte,2021-04-16,160,12801,39,4744,121,7437,0,620,58,2739,102,5313,59,8052,California
Del Norte,2021-04-17,101,12902,69,4813,32,7469,0,620,96,2830,5,5318,96,8148,California
Del Norte,2021-04-18,4,12906,3,4816,1,7470,0,620,3,2832,1,5319,3,8151,California
Del Norte,2021-04-19,50,12956,6,4822,44,7514,0,620,8,2798,42,5361,8,8159,California
Del Norte,2021-04-20,209,13165,40,4862,169,7683,0,620,74,2737,135,5496,74,8233,California
Del Norte,2021-04-21,287,13452,22,4884,265,7948,0,620,63,2579,224,5720,66,8299,California
Del Norte,2021-04-22,114,13566,15,4899,99,8047,0,620,62,2589,52,5772,62,8361,California
Del Norte,2021-04-23,151,13717,20,4919,131,8178,0,620,39,2516,112,5884,39,8400,California
Del Norte,2021-04-24,25,13742,14,4933,11,8189,0,620,20,2531,5,5889,20,8420,California
Del Norte,2021-04-25,2,13744,0,4933,2,8191,0,620,2,2533,0,5889,2,8422,California
Del Norte,2021-04-26,29,13773,0,4933,29,8220,0,620,7,2518,22,5911,7,8429,California
Del Norte,2021-04-27,175,13948,19,4952,151,8371,5,625,49,2446,126,6037,54,8483,California
Del Norte,2021-04-28,351,14299,101,5053,245,8616,5,630,63,2229,286,6323,69,8552,California
Del Norte,2021-04-29,92,14391,5,5058,83,8699,4,634,26,2193,66,6389,30,8582,California
Del Norte,2021-04-30,83,14474,6,5064,67,8766,10,644,44,2208,39,6428,54,8636,California
Del Norte,2021-05-01,8,14482,3,5067,5,8771,0,644,6,2212,2,6430,6,8642,California
Del Norte,2021-05-02,8,14490,0,5067,8,8779,0,644,8,2220,0,6430,8,8650,California
Del Norte,2021-05-03,40,14530,3,5070,34,8813,3,647,2,2188,37,6467,5,8655,California
Del Norte,2021-05-04,203,14733,36,5106,162,8975,5,652,44,2078,159,6626,49,8704,California
Del Norte,2021-05-05,232,14965,19,5125,205,9180,8,660,58,1973,174,6800,69,8773,California
Del Norte,2021-05-06,114,15079,24,5149,77,9257,13,673,30,1932,84,6884,43,8816,California
Del Norte,2021-05-07,108,15187,26,5175,78,9335,4,677,24,1876,84,6968,28,8844,California
Del Norte,2021-05-08,4,15191,1,5176,1,9336,2,679,1,1876,3,6971,3,8847,California
El Dorado,2020-12-15,12,12,12,12,0,0,0,0,12,12,0,0,12,12,California
El Dorado,2020-12-16,40,52,40,52,0,0,0,0,40,52,0,0,40,52,California
El Dorado,2020-12-17,31,83,31,83,0,0,0,0,31,83,0,0,31,83,California
El Dorado,2020-12-18,236,319,236,319,0,0,0,0,236,319,0,0,236,319,California
El Dorado,2020-12-19,116,435,116,435,0,0,0,0,116,435,0,0,116,435,California
El Dorado,2020-12-20,85,520,85,520,0,0,0,0,85,520,0,0,85,520,California
El Dorado,2020-12-21,308,828,307,827,1,1,0,0,308,828,0,0,308,828,California
El Dorado,2020-12-22,238,1066,214,1041,24,25,0,0,238,1066,0,0,238,1066,California
El Dorado,2020-12-23,189,1255,140,1181,49,74,0,0,189,1255,0,0,189,1255,California
El Dorado,2020-12-24,87,1342,66,1247,21,95,0,0,87,1342,0,0,87,1342,California
El Dorado,2020-12-25,8,1350,8,1255,0,95,0,0,8,1350,0,0,8,1350,California
El Dorado,2020-12-26,44,1394,26,1281,18,113,0,0,44,1394,0,0,44,1394,California
El Dorado,2020-12-27,37,1431,33,1314,4,117,0,0,37,1431,0,0,37,1431,California
El Dorado,2020-12-28,215,1646,168,1482,47,164,0,0,215,1646,0,0,215,1646,California
El Dorado,2020-12-29,459,2105,142,1624,317,481,0,0,459,2105,0,0,459,2105,California
El Dorado,2020-12-30,507,2612,136,1760,371,852,0,0,507,2612,0,0,507,2612,California
El Dorado,2020-12-31,110,2722,70,1830,40,892,0,0,110,2722,0,0,110,2722,California
El Dorado,2021-01-01,7,2729,4,1834,3,895,0,0,7,2729,0,0,7,2729,California
El Dorado,2021-01-02,153,2882,141,1975,12,907,0,0,153,2882,0,0,153,2882,California
El Dorado,2021-01-03,92,2974,17,1992,75,982,0,0,92,2974,0,0,92,2974,California
El Dorado,2021-01-04,189,3163,62,2054,127,1109,0,0,189,3163,0,0,189,3163,California
El Dorado,2021-01-05,206,3369,51,2105,155,1264,0,0,190,3337,16,16,190,3353,California
El Dorado,2021-01-06,261,3630,189,2294,72,1336,0,0,197,3470,64,80,197,3550,California
El Dorado,2021-01-07,330,3960,136,2430,194,1530,0,0,259,3658,71,151,259,3809,California
El Dorado,2021-01-08,976,4936,501,2931,475,2005,0,0,773,4229,203,354,774,4583,California
El Dorado,2021-01-09,194,5130,157,3088,37,2042,0,0,126,4287,68,422,126,4709,California
El Dorado,2021-01-10,180,5310,129,3217,51,2093,0,0,110,4328,70,492,111,4820,California
El Dorado,2021-01-11,659,5969,293,3510,366,2459,0,0,460,4591,198,690,461,5281,California
El Dorado,2021-01-12,695,6664,422,3932,273,2732,0,0,446,4788,249,939,446,5727,California
El Dorado,2021-01-13,701,7365,296,4228,405,3137,0,0,540,5167,161,1100,540,6267,California
El Dorado,2021-01-14,693,8058,219,4447,474,3611,0,0,598,5670,95,1195,598,6865,California
El Dorado,2021-01-15,684,8742,185,4632,499,4110,0,0,612,6210,72,1267,612,7477,California
El Dorado,2021-01-16,173,8915,104,4736,69,4179,0,0,146,6329,27,1294,146,7623,California
El Dorado,2021-01-17,100,9015,47,4783,53,4232,0,0,83,6395,17,1311,83,7706,California
El Dorado,2021-01-18,421,9436,138,4921,283,4515,0,0,353,6680,68,1379,353,8059,California
El Dorado,2021-01-19,654,10090,354,5275,300,4815,0,0,504,7035,150,1529,505,8564,California
El Dorado,2021-01-20,1011,11101,686,5961,325,5140,0,0,900,7825,110,1639,900,9464,California
El Dorado,2021-01-21,1160,12261,575,6536,585,5725,0,0,953,8612,166,1805,953,10417,California
El Dorado,2021-01-22,1103,13364,711,7247,392,6117,0,0,1049,9608,53,1858,1049,11466,California
El Dorado,2021-01-23,736,14100,616,7863,120,6237,0,0,625,10122,111,1969,625,12091,California
El Dorado,2021-01-24,126,14226,76,7939,50,6287,0,0,107,10210,19,1988,107,12198,California
El Dorado,2021-01-25,612,14838,206,8145,406,6693,0,0,524,10646,88,2076,524,12722,California
El Dorado,2021-01-26,676,15514,365,8510,311,7004,0,0,571,11113,105,2181,572,13294,California
El Dorado,2021-01-27,981,16495,382,8892,599,7603,0,0,644,11419,338,2519,644,13938,California
El Dorado,2021-01-28,1105,17600,453,9345,652,8255,0,0,744,11802,361,2880,744,14682,California
El Dorado,2021-01-29,976,18576,490,9835,486,8741,0,0,746,12320,229,3109,747,15429,California
El Dorado,2021-01-30,610,19186,359,10194,251,8992,0,0,450,12610,160,3269,450,15879,California
El Dorado,2021-01-31,209,19395,188,10382,21,9013,0,0,180,12761,29,3298,180,16059,California
El Dorado,2021-02-01,799,20194,368,10750,431,9444,0,0,655,13273,143,3441,655,16714,California
El Dorado,2021-02-02,837,21031,367,11117,470,9914,0,0,676,13788,161,3602,676,17390,California
El Dorado,2021-02-03,900,21931,476,11593,424,10338,0,0,687,14262,213,3815,687,18077,California
El Dorado,2021-02-04,1267,23198,723,12316,544,10882,0,0,871,14738,395,4210,871,18948,California
El Dorado,2021-02-05,1484,24682,598,12914,886,11768,0,0,868,15025,581,4791,868,19816,California
El Dorado,2021-02-06,639,25321,334,13248,305,12073,0,0,530,15447,109,4900,531,20347,California
El Dorado,2021-02-07,257,25578,177,13425,80,12153,0,0,193,15576,64,4964,193,20540,California
El Dorado,2021-02-08,881,26459,417,13842,464,12617,0,0,607,15909,274,5238,607,21147,California
El Dorado,2021-02-09,909,27368,487,14329,422,13039,0,0,487,15974,422,5660,487,21634,California
El Dorado,2021-02-10,1246,28614,727,15056,519,13558,0,0,654,16037,591,6251,654,22288,California
El Dorado,2021-02-11,2153,30767,891,15947,1262,14820,0,0,962,15812,1188,7439,963,23251,California
El Dorado,2021-02-12,1572,32339,825,16772,747,15567,0,0,679,15600,892,8331,680,23931,California
El Dorado,2021-02-13,977,33316,668,17440,309,15876,0,0,434,15494,540,8871,434,24365,California
El Dorado,2021-02-14,484,33800,154,17594,330,16206,0,0,398,15806,86,8957,398,24763,California
El Dorado,2021-02-15,1183,34983,386,17980,797,17003,0,0,823,16272,360,9317,826,25589,California
El Dorado,2021-02-16,1201,36184,530,18510,671,17674,0,0,676,16425,524,9841,677,26266,California
El Dorado,2021-02-17,905,37089,374,18884,531,18205,0,0,418,16358,487,10328,420,26686,California
El Dorado,2021-02-18,2085,39174,1012,19896,1073,19278,0,0,1347,16968,737,11065,1347,28033,California
El Dorado,2021-02-19,1168,40342,604,20500,564,19842,0,0,649,17099,518,11583,649,28682,California
El Dorado,2021-02-20,917,41259,435,20935,482,20324,0,0,668,17524,243,11826,668,29350,California
El Dorado,2021-02-21,282,41541,225,21160,57,20381,0,0,99,17441,182,12008,99,29449,California
El Dorado,2021-02-22,869,42410,435,21595,434,20815,0,0,283,17139,585,12593,283,29732,California
El Dorado,2021-02-23,843,43253,472,22067,371,21186,0,0,347,16991,495,13088,347,30079,California
El Dorado,2021-02-24,1028,44281,439,22506,589,21775,0,0,429,16822,599,13687,430,30509,California
El Dorado,2021-02-25,1634,45915,888,23394,746,22521,0,0,704,16604,924,14611,706,31215,California
El Dorado,2021-02-26,2354,48269,1482,24876,872,23393,0,0,1589,17430,763,15374,1589,32804,California
El Dorado,2021-02-27,1659,49928,439,25315,1220,24613,0,0,1220,18214,436,15810,1220,34024,California
El Dorado,2021-02-28,588,50516,203,25518,385,24998,0,0,436,18499,152,15962,437,34461,California
El Dorado,2021-03-01,1140,51656,453,25971,686,25684,1,1,627,18615,512,16474,628,35089,California
El Dorado,2021-03-02,899,52555,266,26237,633,26317,0,1,460,18638,437,16911,460,35549,California
El Dorado,2021-03-03,1679,54234,463,26700,1216,27533,0,1,1152,19272,520,17431,1154,36703,California
El Dorado,2021-03-04,2514,56748,1551,28251,963,28496,0,1,1221,19203,1290,18721,1221,37924,California
El Dorado,2021-03-05,1574,58322,422,28673,1147,29643,5,6,1042,19723,527,19248,1047,38971,California
El Dorado,2021-03-06,739,59061,210,28883,494,30137,35,41,392,19803,347,19595,427,39398,California
El Dorado,2021-03-07,405,59466,198,29081,189,30326,18,59,241,19900,162,19757,259,39657,California
El Dorado,2021-03-08,1327,60793,364,29445,891,31217,72,131,857,20361,467,20224,928,40585,California
El Dorado,2021-03-09,977,61770,225,29670,685,31902,67,198,579,20624,383,20607,646,41231,California
El Dorado,2021-03-10,945,62715,344,30014,545,32447,56,254,546,20832,393,21000,601,41832,California
El Dorado,2021-03-11,2997,65712,1828,31842,987,33434,182,436,1364,20761,1616,22616,1545,43377,California
El Dorado,2021-03-12,1777,67489,619,32461,912,34346,246,682,741,20729,1019,23635,987,44364,California
El Dorado,2021-03-13,1063,68552,344,32805,436,34782,283,965,375,20700,685,24320,656,45020,California
El Dorado,2021-03-14,793,69345,208,33013,473,35255,112,1077,280,20579,513,24833,392,45412,California
El Dorado,2021-03-15,1403,70748,303,33316,974,36229,126,1203,614,20535,785,25618,741,46153,California
El Dorado,2021-03-16,1211,71959,407,33723,660,36889,144,1347,569,20612,636,26254,713,46866,California
El Dorado,2021-03-17,1090,73049,350,34073,646,37535,94,1441,705,21026,385,26639,799,47665,California
El Dorado,2021-03-18,2972,76021,1750,35823,1177,38712,45,1486,1982,22071,982,27621,2027,49692,California
El Dorado,2021-03-19,1105,77126,363,36186,598,39310,144,1630,629,22369,476,28097,774,50466,California
El Dorado,2021-03-20,945,78071,268,36454,660,39970,17,1647,367,22186,567,28664,384,50850,California
El Dorado,2021-03-21,1026,79097,419,36873,602,40572,5,1652,936,23039,88,28752,941,51791,California
El Dorado,2021-03-22,1502,80599,489,37362,930,41502,83,1735,1190,24005,307,29059,1273,53064,California
El Dorado,2021-03-23,1142,81741,449,37811,601,42103,92,1827,734,24434,397,29456,826,53890,California
El Dorado,2021-03-24,1452,83193,620,38431,636,42739,196,2023,660,24526,764,30220,856,54746,California
El Dorado,2021-03-25,2480,85673,1671,40102,706,43445,103,2126,1363,24881,1111,31331,1466,56212,California
El Dorado,2021-03-26,1812,87485,694,40796,1009,44454,109,2235,946,25092,845,32176,1056,57268,California
El Dorado,2021-03-27,1312,88797,189,40985,1119,45573,4,2239,335,24460,971,33147,339,57607,California
El Dorado,2021-03-28,621,89418,182,41167,430,46003,9,2248,203,24257,415,33562,212,57819,California
El Dorado,2021-03-29,1312,90730,431,41598,865,46868,16,2264,824,24612,485,34047,840,58659,California
El Dorado,2021-03-30,1360,92090,411,42009,857,47725,92,2356,704,24758,649,34696,795,59454,California
El Dorado,2021-03-31,1558,93648,582,42591,913,48638,63,2419,703,24669,853,35549,764,60218,California
El Dorado,2021-04-01,3206,96854,1748,44339,1376,50014,82,2501,1518,24584,1686,37235,1601,61819,California
El Dorado,2021-04-02,1879,98733,557,44896,1227,51241,95,2596,753,24309,1123,38358,848,62667,California
El Dorado,2021-04-03,746,99479,292,45188,333,51574,121,2717,227,24139,517,38875,347,63014,California
El Dorado,2021-04-04,270,99749,85,45273,138,51712,47,2764,97,24111,172,39047,144,63158,California
El Dorado,2021-04-05,1423,101172,424,45697,905,52617,94,2858,594,23974,824,39871,687,63845,California
El Dorado,2021-04-06,1413,102585,522,46219,669,53286,222,3080,453,23690,957,40828,673,64518,California
El Dorado,2021-04-07,1577,104162,554,46773,577,53863,446,3526,558,23675,1016,41844,1001,65519,California
El Dorado,2021-04-08,2660,106822,1715,48488,710,54573,235,3761,1109,23475,1542,43386,1342,66861,California
El Dorado,2021-04-09,1414,108236,443,48931,752,55325,219,3980,564,23408,847,44233,780,67641,California
El Dorado,2021-04-10,819,109055,220,49151,490,55815,109,4089,476,23651,341,44574,584,68225,California
El Dorado,2021-04-11,697,109752,452,49603,229,56044,16,4105,205,23382,490,45064,221,68446,California
El Dorado,2021-04-12,1276,111028,495,50098,633,56677,148,4253,558,23376,711,45775,705,69151,California
El Dorado,2021-04-13,1114,112142,609,50707,505,57182,0,4253,507,23280,603,46378,507,69658,California
El Dorado,2021-04-14,1084,113226,456,51163,627,57809,1,4254,384,22978,687,47065,385,70043,California
El Dorado,2021-04-15,2491,115717,1673,52836,818,58627,0,4254,968,22427,1520,48585,969,71012,California
El Dorado,2021-04-16,1461,117178,515,53351,946,59573,0,4254,608,22188,848,49433,609,71621,California
El Dorado,2021-04-17,769,117947,196,53547,573,60146,0,4254,487,22395,280,49713,487,72108,California
El Dorado,2021-04-18,969,118916,81,53628,888,61034,0,4254,402,22231,566,50279,402,72510,California
El Dorado,2021-04-19,1701,120617,435,54063,1266,62300,0,4254,691,21918,1004,51283,691,73201,California
El Dorado,2021-04-20,1106,121723,356,54419,750,63050,0,4254,458,21732,644,51927,458,73659,California
El Dorado,2021-04-21,1152,122875,464,54883,684,63734,4,4258,588,21764,557,52484,589,74248,California
El Dorado,2021-04-22,2527,125402,1662,56545,865,64599,0,4258,1069,21376,1457,53941,1069,75317,California
El Dorado,2021-04-23,1394,126796,495,57040,899,65498,0,4258,716,21418,675,54616,717,76034,California
El Dorado,2021-04-24,961,127757,511,57551,450,65948,0,4258,730,21919,229,54845,730,76764,California
El Dorado,2021-04-25,612,128369,433,57984,179,66127,0,4258,441,22189,171,55016,441,77205,California
El Dorado,2021-04-26,1027,129396,428,58412,583,66710,16,4274,500,22179,526,55542,516,77721,California
El Dorado,2021-04-27,949,130345,357,58769,564,67274,28,4302,438,22139,506,56048,466,78187,California
El Dorado,2021-04-28,1029,131374,345,59114,644,67918,40,4342,400,21951,628,56676,440,78627,California
El Dorado,2021-04-29,1913,133287,1291,60405,590,68508,32,4374,524,21120,1387,58063,556,79183,California
El Dorado,2021-04-30,2107,135394,1323,61728,744,69252,40,4414,1356,21774,741,58804,1395,80578,California
El Dorado,2021-05-01,615,136009,282,62010,306,69558,27,4441,281,21755,327,59131,308,80886,California
El Dorado,2021-05-02,297,136306,212,62222,57,69615,28,4469,101,21690,193,59324,128,81014,California
El Dorado,2021-05-03,808,137114,395,62617,366,69981,47,4516,271,21474,535,59859,319,81333,California
El Dorado,2021-05-04,877,137991,436,63053,382,70363,59,4575,301,21261,573,60432,360,81693,California
El Dorado,2021-05-05,800,138791,387,63440,347,70710,66,4641,368,21265,430,60862,434,82127,California
El Dorado,2021-05-06,1027,139818,455,63895,532,71242,40,4681,418,21112,607,61469,454,82581,California
El Dorado,2021-05-07,629,140447,264,64159,346,71588,19,4700,229,20960,400,61869,248,82829,California
El Dorado,2021-05-08,150,140597,64,64223,74,71662,12,4712,33,20889,116,61985,45,82874,California
Fresno,2020-12-15,2,2,2,2,0,0,0,0,2,2,0,0,2,2,California
Fresno,2020-12-16,121,123,121,123,0,0,0,0,121,123,0,0,121,123,California
Fresno,2020-12-17,121,244,121,244,0,0,0,0,121,244,0,0,121,244,California
Fresno,2020-12-18,344,588,344,588,0,0,0,0,344,588,0,0,344,588,California
Fresno,2020-12-19,158,746,158,746,0,0,0,0,158,746,0,0,158,746,California
Fresno,2020-12-20,258,1004,256,1002,2,2,0,0,258,1004,0,0,258,1004,California
Fresno,2020-12-21,925,1929,924,1926,1,3,0,0,956,1960,0,0,956,1960,California
Fresno,2020-12-22,901,2830,872,2798,29,32,0,0,905,2865,0,0,905,2865,California
Fresno,2020-12-23,1087,3917,1046,3844,41,73,0,0,1088,3953,0,0,1088,3953,California
Fresno,2020-12-24,582,4499,563,4407,19,92,0,0,582,4535,0,0,582,4535,California
Fresno,2020-12-25,2,4501,1,4408,1,93,0,0,2,4537,0,0,2,4537,California
Fresno,2020-12-26,723,5224,714,5122,9,102,0,0,723,5260,0,0,723,5260,California
Fresno,2020-12-27,300,5524,204,5326,96,198,0,0,300,5560,0,0,300,5560,California
Fresno,2020-12-28,1063,6587,775,6101,288,486,0,0,1064,6624,0,0,1064,6624,California
Fresno,2020-12-29,1771,8358,1038,7139,733,1219,0,0,1769,8392,1,1,1769,8393,California
Fresno,2020-12-30,982,9340,479,7618,503,1722,0,0,982,9374,0,1,982,9375,California
Fresno,2020-12-31,897,10237,310,7928,587,2309,0,0,896,10270,0,1,896,10271,California
Fresno,2021-01-01,9,10246,3,7931,6,2315,0,0,9,10279,0,1,9,10280,California
Fresno,2021-01-02,1030,11276,717,8648,313,2628,0,0,1030,11309,0,1,1030,11310,California
Fresno,2021-01-03,153,11429,128,8776,25,2653,0,0,153,11462,0,1,153,11463,California
Fresno,2021-01-04,618,12047,376,9152,242,2895,0,0,618,12080,0,1,618,12081,California
Fresno,2021-01-05,779,12826,312,9464,467,3362,0,0,705,12711,74,75,705,12786,California
Fresno,2021-01-06,975,13801,346,9810,629,3991,0,0,803,13342,172,247,803,13589,California
Fresno,2021-01-07,1888,15689,916,10726,972,4963,0,0,1634,14725,254,501,1637,15226,California
Fresno,2021-01-08,1786,17475,613,11339,1173,6136,0,0,1423,15787,361,862,1423,16649,California
Fresno,2021-01-09,629,18104,387,11726,242,6378,0,0,354,15866,275,1137,354,17003,California
Fresno,2021-01-10,517,18621,487,12213,30,6408,0,0,204,15757,313,1450,204,17207,California
Fresno,2021-01-11,2156,20777,1749,13962,407,6815,0,0,1463,16530,693,2143,1466,18673,California
Fresno,2021-01-12,2524,23301,1826,15788,698,7513,0,0,1677,17360,849,2992,1679,20352,California
Fresno,2021-01-13,3537,26838,2421,18209,1116,8629,0,0,2681,19187,856,3848,2683,23035,California
Fresno,2021-01-14,4155,30993,2202,20411,1953,10582,0,0,3684,22401,470,4318,3684,26719,California
Fresno,2021-01-15,3648,34641,2531,22942,1117,11699,0,0,3291,25339,357,4675,3295,30014,California
Fresno,2021-01-16,3153,37794,2310,25252,843,12542,0,0,2688,27564,464,5139,2689,32703,California
Fresno,2021-01-17,977,38771,556,25808,421,12963,0,0,779,28145,198,5337,779,33482,California
Fresno,2021-01-18,3076,41847,2369,28177,707,13670,0,0,2411,29895,663,6000,2413,35895,California
Fresno,2021-01-19,4330,46177,2541,30718,1789,15459,0,0,3679,32927,651,6651,3683,39578,California
Fresno,2021-01-20,3004,49181,1193,31911,1811,17270,0,0,2698,35325,303,6954,2701,42279,California
Fresno,2021-01-21,4378,53559,2025,33936,2353,19623,0,0,4029,39029,330,7284,4034,46313,California
Fresno,2021-01-22,3312,56871,1347,35283,1965,21588,0,0,2923,41581,372,7656,2924,49237,California
Fresno,2021-01-23,3043,59914,1970,37253,1073,22661,0,0,2320,43186,722,8378,2327,51564,California
Fresno,2021-01-24,553,60467,373,37626,180,22841,0,0,348,43332,205,8583,351,51915,California
Fresno,2021-01-25,2344,62811,865,38491,1479,24320,0,0,1855,44702,489,9072,1859,53774,California
Fresno,2021-01-26,2021,64832,584,39075,1437,25757,0,0,1314,45312,705,9777,1315,55089,California
Fresno,2021-01-27,2274,67106,1164,40239,1110,26867,0,0,1752,46546,521,10298,1755,56844,California
Fresno,2021-01-28,4498,71604,3058,43297,1440,28307,0,0,3477,49009,1017,11315,3480,60324,California
Fresno,2021-01-29,1705,73309,983,44280,722,29029,0,0,1408,50124,294,11609,1409,61733,California
Fresno,2021-01-30,1451,74760,551,44831,900,29929,0,0,1034,50741,417,12026,1034,62767,California
Fresno,2021-01-31,226,74986,217,45048,9,29938,0,0,72,50659,154,12180,72,62839,California
Fresno,2021-02-01,3338,78324,1667,46715,1671,31609,0,0,1823,50986,1514,13694,1841,64680,California
Fresno,2021-02-02,2717,81041,551,47266,2166,33775,0,0,1582,51464,1120,14814,1598,66278,California
Fresno,2021-02-03,3542,84583,2091,49357,1451,35226,0,0,1530,50998,1997,16811,1531,67809,California
Fresno,2021-02-04,4199,88782,1899,51256,2300,37526,0,0,1929,50692,2240,19051,1934,69743,California
Fresno,2021-02-05,5331,94113,2724,53980,2607,40133,0,0,2307,49984,3019,22070,2311,72054,California
Fresno,2021-02-06,2937,97050,2049,56029,888,41021,0,0,978,49007,1956,24026,979,73033,California
Fresno,2021-02-07,470,97520,289,56318,181,41202,0,0,275,49088,194,24220,275,73308,California
Fresno,2021-02-08,4276,101796,2292,58610,1984,43186,0,0,1812,48469,2440,26660,1821,75129,California
Fresno,2021-02-09,5329,107125,2083,60693,3246,46432,0,0,3118,49460,2136,28796,3127,78256,California
Fresno,2021-02-10,3883,111008,1236,61929,2647,49079,0,0,1990,49624,1838,30634,2002,80258,California
Fresno,2021-02-11,6456,117464,2095,64024,4361,53440,0,0,3365,49918,3076,33710,3370,83628,California
Fresno,2021-02-12,5387,122851,1384,65408,4003,57443,0,0,2744,50046,2623,36333,2751,86379,California
Fresno,2021-02-13,3736,126587,1547,66955,2189,59632,0,0,2083,50494,1641,37974,2089,88468,California
Fresno,2021-02-14,1562,128149,282,67237,1280,60912,0,0,848,50630,714,38688,850,89318,California
Fresno,2021-02-15,2891,131040,272,67509,2619,63531,0,0,1786,51319,1101,39789,1790,91108,California
Fresno,2021-02-16,6691,137731,2404,69913,4287,67818,0,0,4249,53150,2424,42213,4255,95363,California
Fresno,2021-02-17,5339,143070,2454,72367,2885,70703,0,0,2987,53835,2307,44520,2992,98355,California
Fresno,2021-02-18,6862,149932,2906,75273,3956,74659,0,0,2574,52180,4239,48759,2584,100939,California
Fresno,2021-02-19,3838,153770,1103,76376,2735,77394,0,0,1833,52021,1995,50754,1836,102775,California
Fresno,2021-02-20,4537,158307,2501,78877,2036,79430,0,0,3056,53609,1474,52228,3062,105837,California
Fresno,2021-02-21,191,158498,172,79049,19,79449,0,0,129,53689,49,52277,129,105966,California
Fresno,2021-02-22,2232,160730,1002,80051,1230,80679,0,0,1225,53919,998,53275,1228,107194,California
Fresno,2021-02-23,3903,164633,1493,81544,2410,83089,0,0,3041,56111,851,54126,3043,110237,California
Fresno,2021-02-24,4185,168818,1500,83044,2685,85774,0,0,3436,58813,737,54863,3439,113676,California
Fresno,2021-02-25,7510,176328,2545,85589,4965,90739,0,0,6048,63470,1399,56262,6056,119732,California
Fresno,2021-02-26,8353,184681,3053,88642,5300,96039,0,0,7063,69271,1268,57530,7069,126801,California
Fresno,2021-02-27,6314,190995,2220,90862,4094,100133,0,0,5620,74211,681,58211,5621,132422,California
Fresno,2021-02-28,1651,192646,535,91397,1116,101249,0,0,1561,75696,77,58288,1562,133984,California
Fresno,2021-03-01,4938,197584,1309,92706,3629,104878,0,0,3626,78028,1302,59590,3634,137618,California
Fresno,2021-03-02,8667,206251,2322,95028,6345,111223,0,0,7296,84000,1347,60937,7319,144937,California
Fresno,2021-03-03,6883,213134,1690,96718,5192,116415,1,1,5870,88984,1001,61938,5985,150922,California
Fresno,2021-03-04,8650,221784,2545,99263,6105,122520,0,1,7122,94612,1502,63440,7130,158052,California
Fresno,2021-03-05,8054,229838,2714,101977,5338,127858,2,3,7029,100826,892,64332,7106,165158,California
Fresno,2021-03-06,6478,236316,3545,105522,2815,130673,118,121,5526,105528,946,65278,5648,170806,California
Fresno,2021-03-07,1479,237795,679,106201,766,131439,34,155,1251,106588,226,65504,1286,172092,California
Fresno,2021-03-08,5076,242871,2018,108219,2905,134344,153,308,3898,109480,1170,66674,4062,176154,California
Fresno,2021-03-09,7185,250056,2428,110647,4487,138831,270,578,3994,110606,3173,69847,4299,180453,California
Fresno,2021-03-10,6646,256702,2762,113409,3491,142322,393,971,5242,114857,1394,71241,5645,186098,California
Fresno,2021-03-11,11455,268157,4558,117967,6331,148653,566,1537,6211,116510,5200,76441,6853,192951,California
Fresno,2021-03-12,11648,279805,4993,122960,6202,154855,453,1990,8650,122773,2981,79422,9244,202195,California
Fresno,2021-03-13,8176,287981,3903,126863,3242,158097,1031,3021,3921,123563,4234,83656,5024,207219,California
Fresno,2021-03-14,1766,289747,473,127336,1003,159100,290,3311,665,123427,1090,84746,954,208173,California
Fresno,2021-03-15,7034,296781,3103,130439,3761,162861,170,3481,4871,126505,2148,86894,5226,213399,California
Fresno,2021-03-16,10098,306879,4429,134868,5275,168136,394,3875,6069,129067,3997,90891,6559,219958,California
Fresno,2021-03-17,8605,315484,3882,138750,4029,172165,694,4569,5824,133205,2760,93651,6898,226856,California
Fresno,2021-03-18,12272,327756,6578,145328,5063,177228,631,5200,8013,138061,4213,97864,9069,235925,California
Fresno,2021-03-19,10890,338646,5633,150961,4643,181871,614,5814,7403,142914,3459,101323,8312,244237,California
Fresno,2021-03-20,7385,346031,4426,155387,2648,184519,311,6125,4513,145164,2849,104172,5099,249336,California
Fresno,2021-03-21,1777,347808,1204,156591,202,184721,371,6496,962,145686,811,104983,1333,250669,California
Fresno,2021-03-22,5648,353456,2889,159480,2164,186885,595,7091,3851,148550,1781,106764,4645,255314,California
Fresno,2021-03-23,10531,363987,5238,164718,4800,191685,493,7584,6053,151067,4457,111221,6974,262288,California
Fresno,2021-03-24,8610,372597,3632,168350,4150,195835,828,8412,4735,152841,3841,115062,5615,267903,California
Fresno,2021-03-25,12057,384654,5576,173926,5699,201534,782,9194,6177,154043,5838,120900,7040,274943,California
Fresno,2021-03-26,12022,396676,5331,179257,6048,207582,643,9837,5277,153286,6696,127596,5939,280882,California
Fresno,2021-03-27,9376,406052,4136,183393,4157,211739,1083,10920,2938,150911,6402,133998,4027,284909,California
Fresno,2021-03-28,3279,409331,1196,184589,1396,213135,687,11607,1254,151112,2017,136015,2218,287127,California
Fresno,2021-03-29,5991,415322,1979,186568,3469,216604,543,12150,2891,151482,3076,139091,3446,290573,California
Fresno,2021-03-30,10782,426104,4215,190783,5682,222286,885,13035,4453,150516,6303,145394,5337,295910,California
Fresno,2021-03-31,9260,435364,3323,194106,4954,227240,983,14018,3785,149845,5436,150830,4765,300675,California
Fresno,2021-04-01,11679,447043,4073,198179,6752,233992,854,14872,3928,146929,7656,158486,4740,305415,California
Fresno,2021-04-02,11590,458633,4404,202583,6399,240391,787,15659,4206,144698,7231,165717,5000,310415,California
Fresno,2021-04-03,6181,464814,3375,205958,2555,242946,251,15910,2212,143244,3955,169672,2501,312916,California
Fresno,2021-04-04,1489,466303,533,206491,912,243858,44,15954,560,142928,920,170592,604,313520,California
Fresno,2021-04-05,8287,474590,4466,210957,3025,246883,796,16750,2527,140570,5750,176342,3392,316912,California
Fresno,2021-04-06,9538,484128,4014,214971,4352,251235,1172,17922,3604,139460,5902,182244,4792,321704,California
Fresno,2021-04-07,10298,494426,5310,220281,3806,255041,1182,19104,3554,137513,6710,188954,4763,326467,California
Fresno,2021-04-08,10801,505227,5126,225407,4539,259580,1136,20240,3506,134944,7253,196207,4684,331151,California
Fresno,2021-04-09,10690,515917,5112,230519,4216,263796,1362,21602,3598,132874,7053,203260,4983,336134,California
Fresno,2021-04-10,7835,523752,5144,235663,2171,265967,520,22122,3714,133006,4101,207361,4233,340367,California
Fresno,2021-04-11,1388,525140,928,236591,371,266338,89,22211,448,132609,935,208296,538,340905,California
Fresno,2021-04-12,7122,532262,3768,240359,2450,268788,904,23115,2318,131052,4779,213075,3222,344127,California
Fresno,2021-04-13,8893,541155,4229,244588,4594,273382,70,23185,3490,129334,5369,218444,3651,347778,California
Fresno,2021-04-14,8836,549991,5144,249732,3691,277073,1,23186,3613,127816,5178,223622,3660,351438,California
Fresno,2021-04-15,7831,557822,3642,253374,4186,281259,3,23189,3051,126121,4752,228374,3057,354495,California
Fresno,2021-04-16,8939,566761,4246,257620,4691,285950,2,23191,3831,124889,5070,233444,3838,358333,California
Fresno,2021-04-17,5568,572329,3731,261351,1837,287787,0,23191,2711,124761,2841,236285,2713,361046,California
Fresno,2021-04-18,1020,573349,553,261904,467,288254,0,23191,475,124694,542,236827,475,361521,California
Fresno,2021-04-19,5401,578750,2914,264818,2483,290737,4,23195,2169,123671,3199,240026,2176,363697,California
Fresno,2021-04-20,6807,585557,3312,268130,3487,294224,8,23203,2533,121963,4250,244276,2542,366239,California
Fresno,2021-04-21,6255,591812,3407,271537,2840,297064,8,23211,2584,120913,3646,247922,2596,368835,California
Fresno,2021-04-22,6314,598126,3132,274669,3181,300245,1,23212,2329,119310,3936,251858,2333,371168,California
Fresno,2021-04-23,7005,605131,3761,278430,3225,303470,19,23231,2711,117773,4255,256113,2718,373886,California
Fresno,2021-04-24,4153,609284,2481,280911,1672,305142,0,23231,1956,117545,2184,258297,1956,375842,California
Fresno,2021-04-25,1379,610663,567,281478,810,305952,2,23233,692,117555,683,258980,693,376535,California
Fresno,2021-04-26,3775,614438,1846,283324,1890,307842,39,23272,1598,117035,2155,261135,1635,378170,California
Fresno,2021-04-27,4389,618827,2181,285505,2104,309946,104,23376,1722,116213,2648,263783,1826,379996,California
Fresno,2021-04-28,4689,623516,2623,288128,1946,311892,120,23496,1925,115512,2746,266529,2045,382041,California
Fresno,2021-04-29,4702,628218,2642,290770,1932,313824,128,23624,1732,114431,2941,269470,1860,383901,California
Fresno,2021-04-30,5280,633498,3218,293988,1933,315757,129,23753,2091,113492,3158,272628,2219,386120,California
Fresno,2021-05-01,4165,637663,3452,297440,576,316333,137,23890,1215,111906,2937,275565,1351,387471,California
Fresno,2021-05-02,1245,638908,777,298217,418,316751,50,23940,606,111932,629,276194,655,388126,California
Fresno,2021-05-03,3916,642824,2638,300855,1105,317856,173,24113,1285,110777,2609,278803,1454,389580,California
Fresno,2021-05-04,4635,647459,2345,303200,2153,320009,137,24250,1495,109291,3120,281923,1634,391214,California
Fresno,2021-05-05,4698,652157,2795,305995,1682,321691,221,24471,1437,107705,3237,285160,1651,392865,California
Fresno,2021-05-06,3795,655952,2256,308251,1443,323134,96,24567,1254,106542,2514,287674,1351,394216,California
Fresno,2021-05-07,3733,659685,2431,310682,1197,324331,105,24672,1069,105070,2646,290320,1174,395390,California
Fresno,2021-05-08,2821,662506,1973,312655,745,325076,103,24775,625,103625,2179,292499,734,396124,California
Glenn,2020-12-17,1,1,1,1,0,0,0,0,1,1,0,0,1,1,California
Glenn,2020-12-19,1,2,1,2,0,0,0,0,1,2,0,0,1,2,California
Glenn,2020-12-20,1,3,1,3,0,0,0,0,1,3,0,0,1,3,California
Glenn,2020-12-21,11,14,11,14,0,0,0,0,11,14,0,0,11,14,California
Glenn,2020-12-22,59,73,59,73,0,0,0,0,59,73,0,0,59,73,California
Glenn,2020-12-23,27,100,27,100,0,0,0,0,27,100,0,0,27,100,California
Glenn,2020-12-24,9,109,9,109,0,0,0,0,9,109,0,0,9,109,California
Glenn,2020-12-26,2,111,2,111,0,0,0,0,2,111,0,0,2,111,California
Glenn,2020-12-27,4,115,4,115,0,0,0,0,4,115,0,0,4,115,California
Glenn,2020-12-28,21,136,21,136,0,0,0,0,21,136,0,0,21,136,California
Glenn,2020-12-29,82,218,82,218,0,0,0,0,82,218,0,0,82,218,California
Glenn,2020-12-30,129,347,106,324,23,23,0,0,129,347,0,0,129,347,California
Glenn,2020-12-31,38,385,9,333,29,52,0,0,38,385,0,0,38,385,California
Glenn,2021-01-02,2,387,2,335,0,52,0,0,2,387,0,0,2,387,California
Glenn,2021-01-04,7,394,5,340,2,54,0,0,7,394,0,0,7,394,California
Glenn,2021-01-05,9,403,8,348,1,55,0,0,9,403,0,0,9,403,California
Glenn,2021-01-06,60,463,8,356,52,107,0,0,60,463,0,0,60,463,California
Glenn,2021-01-07,67,530,12,368,55,162,0,0,65,526,2,2,65,528,California
Glenn,2021-01-08,12,542,9,377,3,165,0,0,12,538,0,2,12,540,California
Glenn,2021-01-10,1,543,1,378,0,165,0,0,0,537,1,3,0,540,California
Glenn,2021-01-11,30,573,30,408,0,165,0,0,12,531,18,21,12,552,California
Glenn,2021-01-12,42,615,37,445,5,170,0,0,14,517,28,49,14,566,California
Glenn,2021-01-13,154,769,89,534,65,235,0,0,110,583,44,93,110,676,California
Glenn,2021-01-14,185,954,96,630,89,324,0,0,175,748,10,103,175,851,California
Glenn,2021-01-15,42,996,34,664,8,332,0,0,37,780,5,108,37,888,California
Glenn,2021-01-16,34,1030,14,678,20,352,0,0,24,794,10,118,24,912,California
Glenn,2021-01-17,4,1034,2,680,2,354,0,0,2,794,2,120,2,914,California
Glenn,2021-01-18,17,1051,16,696,1,355,0,0,9,795,8,128,9,923,California
Glenn,2021-01-19,31,1082,20,716,11,366,0,0,14,792,17,145,14,937,California
Glenn,2021-01-20,163,1245,94,810,69,435,0,0,82,793,81,226,82,1019,California
Glenn,2021-01-21,124,1369,98,908,26,461,0,0,30,729,94,320,30,1049,California
Glenn,2021-01-22,339,1708,65,973,274,735,0,0,332,1054,7,327,332,1381,California
Glenn,2021-01-23,14,1722,7,980,7,742,0,0,12,1064,2,329,12,1393,California
Glenn,2021-01-24,2,1724,2,982,0,742,0,0,2,1066,0,329,2,1395,California
Glenn,2021-01-25,27,1751,9,991,18,760,0,0,24,1087,3,332,24,1419,California
Glenn,2021-01-26,29,1780,13,1004,16,776,0,0,23,1104,6,338,23,1442,California
Glenn,2021-01-27,188,1968,13,1017,175,951,0,0,166,1248,22,360,166,1608,California
Glenn,2021-01-28,146,2114,8,1025,138,1089,0,0,116,1334,30,390,116,1724,California
Glenn,2021-01-29,296,2410,12,1037,284,1373,0,0,282,1602,14,404,282,2006,California
Glenn,2021-01-30,4,2414,0,1037,4,1377,0,0,4,1606,0,404,4,2010,California
Glenn,2021-01-31,1,2415,0,1037,1,1378,0,0,1,1607,0,404,1,2011,California
Glenn,2021-02-01,28,2443,10,1047,18,1396,0,0,16,1611,12,416,16,2027,California
Glenn,2021-02-02,28,2471,13,1060,15,1411,0,0,19,1621,9,425,19,2046,California
Glenn,2021-02-03,207,2678,58,1118,149,1560,0,0,111,1637,96,521,112,2158,California
Glenn,2021-02-04,150,2828,84,1202,66,1626,0,0,45,1577,105,626,45,2203,California
Glenn,2021-02-05,319,3147,24,1226,295,1921,0,0,299,1856,20,646,299,2502,California
Glenn,2021-02-06,14,3161,2,1228,12,1933,0,0,13,1868,1,647,13,2515,California
Glenn,2021-02-07,2,3163,2,1230,0,1933,0,0,2,1870,0,647,2,2517,California
Glenn,2021-02-08,21,3184,17,1247,4,1937,0,0,4,1857,17,664,4,2521,California
Glenn,2021-02-09,49,3233,20,1267,29,1966,0,0,36,1880,13,677,36,2557,California
Glenn,2021-02-10,139,3372,19,1286,120,2086,0,0,65,1871,74,751,65,2622,California
Glenn,2021-02-11,233,3605,133,1419,100,2186,0,0,150,1938,83,834,150,2772,California
Glenn,2021-02-12,420,4025,99,1518,321,2507,0,0,354,2226,66,900,354,3126,California
Glenn,2021-02-13,34,4059,7,1525,27,2534,0,0,16,2224,18,918,16,3142,California
Glenn,2021-02-14,1,4060,0,1525,1,2535,0,0,1,2225,0,918,1,3143,California
Glenn,2021-02-15,8,4068,0,1525,8,2543,0,0,8,2233,0,918,8,3151,California
Glenn,2021-02-16,39,4107,9,1534,30,2573,0,0,21,2236,18,936,21,3172,California
Glenn,2021-02-17,380,4487,15,1549,365,2938,0,0,302,2460,78,1014,302,3474,California
Glenn,2021-02-18,135,4622,100,1649,35,2973,0,0,111,2547,24,1038,111,3585,California
Glenn,2021-02-19,303,4925,17,1666,286,3259,0,0,29,2302,274,1312,29,3614,California
Glenn,2021-02-20,8,4933,0,1666,8,3267,0,0,0,2294,8,1320,0,3614,California
Glenn,2021-02-22,33,4966,14,1680,19,3286,0,0,17,2295,16,1336,17,3631,California
Glenn,2021-02-23,40,5006,10,1690,30,3316,0,0,28,2311,12,1348,28,3659,California
Glenn,2021-02-24,221,5227,15,1705,206,3522,0,0,47,2184,174,1522,47,3706,California
Glenn,2021-02-25,262,5489,148,1853,114,3636,0,0,118,2158,144,1666,118,3824,California
Glenn,2021-02-26,304,5793,24,1877,280,3916,0,0,20,1895,283,1949,20,3844,California
Glenn,2021-02-27,15,5808,5,1882,10,3926,0,0,5,1891,9,1958,5,3849,California
Glenn,2021-02-28,6,5814,3,1885,3,3929,0,0,3,1892,2,1960,3,3852,California
Glenn,2021-03-01,28,5842,6,1891,22,3951,0,0,12,1888,16,1976,12,3864,California
Glenn,2021-03-02,35,5877,7,1898,28,3979,0,0,17,1887,18,1994,17,3881,California
Glenn,2021-03-03,192,6069,37,1935,155,4134,0,0,101,1899,89,2083,101,3982,California
Glenn,2021-03-04,520,6589,175,2110,345,4479,0,0,374,2127,146,2229,374,4356,California
Glenn,2021-03-05,356,6945,48,2158,308,4787,0,0,35,1841,321,2550,35,4391,California
Glenn,2021-03-06,26,6971,3,2161,22,4809,1,1,9,1834,17,2567,10,4401,California
Glenn,2021-03-07,5,6976,0,2161,5,4814,0,1,3,1836,1,2568,3,4404,California
Glenn,2021-03-08,20,6996,2,2163,17,4831,1,2,18,1853,2,2570,19,4423,California
Glenn,2021-03-09,82,7078,11,2174,68,4899,3,5,54,1881,28,2598,56,4479,California
Glenn,2021-03-10,172,7250,68,2242,102,5001,2,7,95,1901,77,2675,97,4576,California
Glenn,2021-03-11,584,7834,170,2412,391,5392,23,30,454,2248,130,2805,477,5053,California
Glenn,2021-03-12,418,8252,14,2426,342,5734,62,92,41,1974,377,3182,103,5156,California
Glenn,2021-03-13,12,8264,1,2427,3,5737,8,100,1,1972,11,3193,9,5165,California
Glenn,2021-03-14,3,8267,1,2428,2,5739,0,100,2,1973,1,3194,2,5167,California
Glenn,2021-03-15,75,8342,15,2443,55,5794,5,105,60,2023,15,3209,65,5232,California
Glenn,2021-03-16,106,8448,33,2476,62,5856,11,116,65,2058,41,3250,76,5308,California
Glenn,2021-03-17,417,8865,97,2573,313,6169,7,123,116,1878,301,3551,121,5429,California
Glenn,2021-03-18,521,9386,215,2788,50,6219,256,379,145,1902,376,3927,400,5829,California
Glenn,2021-03-19,92,9478,16,2804,70,6289,6,385,71,1959,20,3947,77,5906,California
Glenn,2021-03-20,121,9599,1,2805,119,6408,1,386,119,2077,2,3949,120,6026,California
Glenn,2021-03-21,6,9605,5,2810,0,6408,1,387,3,2079,2,3951,4,6030,California
Glenn,2021-03-22,117,9722,54,2864,55,6463,8,395,97,2166,18,3969,105,6135,California
Glenn,2021-03-23,173,9895,66,2930,56,6519,51,446,100,2245,72,4041,151,6286,California
Glenn,2021-03-24,205,10100,99,3029,101,6620,5,451,133,2312,71,4112,138,6424,California
Glenn,2021-03-25,457,10557,227,3256,136,6756,94,545,329,2608,127,4239,423,6847,California
Glenn,2021-03-26,228,10785,36,3292,156,6912,36,581,177,2770,51,4290,213,7060,California
Glenn,2021-03-27,151,10936,22,3314,124,7036,5,586,141,2906,10,4300,146,7206,California
Glenn,2021-03-28,15,10951,10,3324,5,7041,0,586,10,2911,5,4305,10,7216,California
Glenn,2021-03-29,60,11011,20,3344,37,7078,3,589,46,2946,14,4319,49,7265,California
Glenn,2021-03-30,74,11085,42,3386,31,7109,1,590,42,2959,30,4349,43,7308,California
Glenn,2021-03-31,125,11210,35,3421,89,7198,1,591,54,2944,70,4419,55,7363,California
Glenn,2021-04-01,640,11850,183,3604,448,7646,9,600,229,2773,409,4828,238,7601,California
Glenn,2021-04-02,158,12008,25,3629,121,7767,12,612,122,2871,36,4864,134,7735,California
Glenn,2021-04-03,91,12099,4,3633,80,7847,7,619,80,2947,11,4875,87,7822,California
Glenn,2021-04-04,8,12107,3,3636,3,7850,2,621,4,2949,4,4879,6,7828,California
Glenn,2021-04-05,65,12172,25,3661,27,7877,13,634,28,2953,37,4916,41,7869,California
Glenn,2021-04-06,144,12316,52,3713,53,7930,39,673,38,2924,105,5021,76,7945,California
Glenn,2021-04-07,158,12474,46,3759,58,7988,54,727,72,2964,86,5107,126,8071,California
Glenn,2021-04-08,640,13114,189,3948,417,8405,34,761,138,2636,500,5607,172,8243,California
Glenn,2021-04-09,156,13270,57,4005,83,8488,16,777,100,2696,56,5663,116,8359,California
Glenn,2021-04-10,75,13345,1,4006,63,8551,11,788,63,2758,12,5675,74,8433,California
Glenn,2021-04-11,17,13362,8,4014,4,8555,5,793,7,2760,10,5685,12,8445,California
Glenn,2021-04-12,114,13476,25,4039,60,8615,29,822,20,2715,94,5779,49,8494,California
Glenn,2021-04-13,118,13594,63,4102,55,8670,0,822,31,2660,86,5865,31,8525,California
Glenn,2021-04-14,122,13716,47,4149,75,8745,0,822,68,2674,54,5919,68,8593,California
Glenn,2021-04-15,361,14077,275,4424,86,8831,0,822,124,2561,237,6156,124,8717,California
Glenn,2021-04-16,164,14241,40,4464,124,8955,0,822,79,2555,85,6241,79,8796,California
Glenn,2021-04-17,165,14406,17,4481,148,9103,0,822,35,2467,123,6364,35,8831,California
Glenn,2021-04-18,16,14422,3,4484,13,9116,0,822,13,2477,3,6367,13,8844,California
Glenn,2021-04-19,82,14504,17,4501,65,9181,0,822,27,2450,54,6421,27,8871,California
Glenn,2021-04-20,125,14629,81,4582,44,9225,0,822,56,2437,69,6490,56,8927,California
Glenn,2021-04-21,408,15037,305,4887,103,9328,0,822,282,2593,126,6616,282,9209,California
Glenn,2021-04-22,205,15242,45,4932,160,9488,0,822,43,2475,161,6777,43,9252,California
Glenn,2021-04-23,178,15420,24,4956,154,9642,0,822,48,2394,129,6906,48,9300,California
Glenn,2021-04-24,179,15599,32,4988,147,9789,0,822,44,2303,135,7041,44,9344,California
Glenn,2021-04-25,28,15627,16,5004,12,9801,0,822,21,2317,7,7048,21,9365,California
Glenn,2021-04-26,44,15671,9,5013,35,9836,0,822,18,2309,26,7074,18,9383,California
Glenn,2021-04-27,52,15723,39,5052,8,9844,5,827,24,2310,27,7101,28,9411,California
Glenn,2021-04-28,255,15978,177,5229,67,9911,11,838,127,2320,128,7229,138,9549,California
Glenn,2021-04-29,181,16159,22,5251,157,10068,2,840,43,2227,138,7367,45,9594,California
Glenn,2021-04-30,155,16314,34,5285,119,10187,2,842,45,2164,110,7477,47,9641,California
Glenn,2021-05-01,108,16422,13,5298,94,10281,1,843,30,2117,78,7555,31,9672,California
Glenn,2021-05-02,30,16452,12,5310,9,10290,9,852,15,2126,15,7570,24,9696,California
Glenn,2021-05-03,36,16488,23,5333,12,10302,1,853,14,2119,22,7592,15,9711,California
Glenn,2021-05-04,56,16544,32,5365,19,10321,5,858,27,2122,29,7621,32,9743,California
Glenn,2021-05-05,123,16667,35,5400,78,10399,10,868,53,2115,70,7691,63,9806,California
Glenn,2021-05-06,104,16771,42,5442,57,10456,5,873,39,2094,65,7756,44,9850,California
Glenn,2021-05-07,100,16871,16,5458,77,10533,7,880,29,2060,70,7826,36,9886,California
Glenn,2021-05-08,51,16922,1,5459,50,10583,0,880,14,2038,36,7862,14,9900,California
Humboldt,2020-12-15,2,2,2,2,0,0,0,0,2,2,0,0,2,2,California
Humboldt,2020-12-16,15,17,15,17,0,0,0,0,15,17,0,0,15,17,California
Humboldt,2020-12-17,117,134,117,134,0,0,0,0,117,134,0,0,117,134,California
Humboldt,2020-12-18,177,311,177,311,0,0,0,0,177,311,0,0,177,311,California
Humboldt,2020-12-19,10,321,10,321,0,0,0,0,10,321,0,0,10,321,California
Humboldt,2020-12-20,28,349,28,349,0,0,0,0,28,349,0,0,28,349,California
Humboldt,2020-12-21,166,515,166,515,0,0,0,0,166,515,0,0,166,515,California
Humboldt,2020-12-22,296,811,296,811,0,0,0,0,296,811,0,0,296,811,California
Humboldt,2020-12-23,310,1121,262,1073,48,48,0,0,312,1123,0,0,312,1123,California
Humboldt,2020-12-24,25,1146,2,1075,23,71,0,0,25,1148,0,0,25,1148,California
Humboldt,2020-12-25,2,1148,2,1077,0,71,0,0,2,1150,0,0,2,1150,California
Humboldt,2020-12-26,6,1154,5,1082,1,72,0,0,6,1156,0,0,6,1156,California
Humboldt,2020-12-28,156,1310,145,1227,11,83,0,0,156,1312,0,0,156,1312,California
Humboldt,2020-12-29,171,1481,124,1351,47,130,0,0,171,1483,0,0,171,1483,California
Humboldt,2020-12-30,223,1704,124,1475,99,229,0,0,223,1706,0,0,223,1706,California
Humboldt,2020-12-31,242,1946,79,1554,163,392,0,0,242,1948,0,0,242,1948,California
Humboldt,2021-01-01,2,1948,1,1555,1,393,0,0,2,1950,0,0,2,1950,California
Humboldt,2021-01-02,38,1986,1,1556,37,430,0,0,38,1988,0,0,38,1988,California
Humboldt,2021-01-04,217,2203,142,1698,75,505,0,0,218,2206,0,0,218,2206,California
Humboldt,2021-01-05,129,2332,18,1716,111,616,0,0,128,2333,1,1,128,2334,California
Humboldt,2021-01-06,302,2634,204,1920,98,714,0,0,229,2501,61,62,229,2563,California
Humboldt,2021-01-07,419,3053,307,2227,112,826,0,0,305,2707,99,161,305,2868,California
Humboldt,2021-01-08,419,3472,280,2507,139,965,0,0,284,2860,131,292,284,3152,California
Humboldt,2021-01-09,69,3541,45,2552,24,989,0,0,66,2924,3,295,67,3219,California
Humboldt,2021-01-10,84,3625,84,2636,0,989,0,0,4,2848,80,375,4,3223,California
Humboldt,2021-01-11,288,3913,277,2913,11,1000,0,0,72,2708,212,587,72,3295,California
Humboldt,2021-01-12,482,4395,319,3232,163,1163,0,0,298,2844,162,749,298,3593,California
Humboldt,2021-01-13,481,4876,275,3507,206,1369,0,0,304,2975,174,923,305,3898,California
Humboldt,2021-01-14,521,5397,164,3671,357,1726,0,0,465,3385,56,979,466,4364,California
Humboldt,2021-01-15,374,5771,39,3710,335,2061,0,0,357,3725,17,996,357,4721,California
Humboldt,2021-01-16,170,5941,6,3716,164,2225,0,0,169,3893,1,997,169,4890,California
Humboldt,2021-01-17,6,5947,4,3720,2,2227,0,0,6,3899,0,997,6,4896,California
Humboldt,2021-01-18,294,6241,259,3979,35,2262,0,0,144,3893,150,1147,144,5040,California
Humboldt,2021-01-19,625,6866,372,4351,253,2515,0,0,498,4270,121,1268,498,5538,California
Humboldt,2021-01-20,914,7780,404,4755,510,3025,0,0,766,4898,140,1408,768,6306,California
Humboldt,2021-01-21,958,8738,260,5015,698,3723,0,0,916,5772,42,1450,916,7222,California
Humboldt,2021-01-22,675,9413,376,5391,299,4022,0,0,667,6431,8,1458,667,7889,California
Humboldt,2021-01-23,811,10224,271,5662,540,4562,0,0,802,7225,9,1467,803,8692,California
Humboldt,2021-01-24,226,10450,1,5663,225,4787,0,0,225,7449,1,1468,225,8917,California
Humboldt,2021-01-25,304,10754,233,5896,71,4858,0,0,149,7443,155,1623,149,9066,California
Humboldt,2021-01-26,526,11280,141,6037,385,5243,0,0,476,7869,50,1673,476,9542,California
Humboldt,2021-01-27,1260,12540,587,6624,673,5916,0,0,1194,9006,59,1732,1196,10738,California
Humboldt,2021-01-28,1456,13996,634,7258,822,6738,0,0,1320,10195,133,1865,1322,12060,California
Humboldt,2021-01-29,1131,15127,546,7804,585,7323,0,0,707,10479,424,2289,708,12768,California
Humboldt,2021-01-30,974,16101,457,8261,517,7840,0,0,961,11428,13,2302,962,13730,California
Humboldt,2021-01-31,312,16413,311,8572,1,7841,0,0,311,11738,1,2303,311,14041,California
Humboldt,2021-02-01,333,16746,192,8764,141,7982,0,0,189,11784,143,2446,189,14230,California
Humboldt,2021-02-02,444,17190,74,8838,370,8352,0,0,339,12023,102,2548,341,14571,California
Humboldt,2021-02-03,655,17845,257,9095,398,8750,0,0,505,12378,150,2698,505,15076,California
Humboldt,2021-02-04,638,18483,262,9357,376,9126,0,0,441,12625,194,2892,441,15517,California
Humboldt,2021-02-05,810,19293,94,9451,716,9842,0,0,624,13063,186,3078,624,16141,California
Humboldt,2021-02-06,1056,20349,444,9895,612,10454,0,0,1015,14039,40,3118,1016,17157,California
Humboldt,2021-02-07,379,20728,9,9904,370,10824,0,0,374,14410,4,3122,375,17532,California
Humboldt,2021-02-08,325,21053,142,10046,183,11007,0,0,184,14454,140,3262,184,17716,California
Humboldt,2021-02-09,494,21547,220,10266,274,11281,0,0,179,14318,315,3577,179,17895,California
Humboldt,2021-02-10,563,22110,370,10636,193,11474,0,0,232,14224,326,3903,232,18127,California
Humboldt,2021-02-11,1294,23404,393,11029,901,12375,0,0,509,13951,782,4685,509,18636,California
Humboldt,2021-02-12,1147,24551,736,11765,411,12786,0,0,707,14218,440,5125,707,19343,California
Humboldt,2021-02-13,1503,26054,555,12320,948,13734,0,0,914,14545,587,5712,914,20257,California
Humboldt,2021-02-14,112,26166,5,12325,107,13841,0,0,109,14652,2,5714,109,20366,California
Humboldt,2021-02-15,292,26458,78,12403,214,14055,0,0,195,14750,97,5811,195,20561,California
Humboldt,2021-02-16,534,26992,118,12521,416,14471,0,0,253,14723,281,6092,254,20815,California
Humboldt,2021-02-17,453,27445,281,12802,172,14643,0,0,137,14545,315,6407,137,20952,California
Humboldt,2021-02-18,969,28414,596,13398,373,15016,0,0,230,14038,737,7144,230,21182,California
Humboldt,2021-02-19,476,28890,434,13832,42,15058,0,0,89,13743,384,7528,89,21271,California
Humboldt,2021-02-20,1589,30479,979,14811,610,15668,0,0,474,13107,1112,8640,476,21747,California
Humboldt,2021-02-21,479,30958,471,15282,8,15676,0,0,183,12995,296,8936,184,21931,California
Humboldt,2021-02-22,127,31085,92,15374,35,15711,0,0,28,12926,97,9033,28,21959,California
Humboldt,2021-02-23,173,31258,70,15444,103,15814,0,0,40,12835,131,9164,40,21999,California
Humboldt,2021-02-24,1163,32421,704,16148,459,16273,0,0,585,12843,577,9741,585,22584,California
Humboldt,2021-02-25,831,33252,316,16464,515,16788,0,0,228,12470,601,10342,228,22812,California
Humboldt,2021-02-26,2144,35396,106,16570,2038,18826,0,0,450,11233,1688,12030,451,23263,California
Humboldt,2021-02-27,1693,37089,1075,17645,618,19444,0,0,870,11286,821,12851,874,24137,California
Humboldt,2021-02-28,121,37210,11,17656,110,19554,0,0,117,11399,4,12855,117,24254,California
Humboldt,2021-03-01,258,37468,47,17703,211,19765,0,0,183,11507,75,12930,183,24437,California
Humboldt,2021-03-02,286,37754,48,17751,238,20003,0,0,156,11533,130,13060,156,24593,California
Humboldt,2021-03-03,1651,39405,1095,18846,556,20559,0,0,1220,12330,424,13484,1221,25814,California
Humboldt,2021-03-04,889,40294,112,18958,777,21336,0,0,270,11983,619,14103,272,26086,California
Humboldt,2021-03-05,934,41228,183,19141,740,22076,11,11,379,11822,551,14654,390,26476,California
Humboldt,2021-03-06,1698,42926,840,19981,809,22885,49,60,713,11600,984,15638,762,27238,California
Humboldt,2021-03-07,364,43290,296,20277,50,22935,18,78,157,11568,207,15845,175,27413,California
Humboldt,2021-03-08,260,43550,7,20284,175,23110,78,156,166,11718,94,15939,244,27657,California
Humboldt,2021-03-09,471,44021,203,20487,121,23231,147,303,223,11842,246,16185,370,28027,California
Humboldt,2021-03-10,682,44703,466,20953,63,23294,153,456,413,12138,268,16453,564,28591,California
Humboldt,2021-03-11,1443,46146,462,21415,882,24176,99,555,626,12047,815,17268,724,29315,California
Humboldt,2021-03-12,1746,47892,1082,22497,442,24618,222,777,1053,12640,685,17953,1278,30593,California
Humboldt,2021-03-13,1569,49461,1021,23518,496,25114,52,829,678,12485,885,18838,730,31323,California
Humboldt,2021-03-14,142,49603,18,23536,115,25229,9,838,28,12408,114,18952,37,31360,California
Humboldt,2021-03-15,275,49878,51,23587,204,25433,20,858,59,12271,216,19168,79,31439,California
Humboldt,2021-03-16,633,50511,200,23787,173,25606,260,1118,259,12415,373,19541,517,31956,California
Humboldt,2021-03-17,731,51242,397,24184,226,25832,108,1226,338,12469,392,19933,446,32402,California
Humboldt,2021-03-18,1733,52975,1164,25348,526,26358,43,1269,1040,12864,688,20621,1083,33485,California
Humboldt,2021-03-19,1073,54048,58,25406,701,27059,314,1583,439,12985,631,21252,752,34237,California
Humboldt,2021-03-20,1375,55423,751,26157,611,27670,13,1596,428,12482,945,22197,442,34679,California
Humboldt,2021-03-21,247,55670,33,26190,185,27855,29,1625,200,12664,47,22244,229,34908,California
Humboldt,2021-03-22,114,55784,15,26205,49,27904,50,1675,57,12716,55,22299,107,35015,California
Humboldt,2021-03-23,411,56195,41,26246,327,28231,43,1718,320,12990,89,22388,363,35378,California
Humboldt,2021-03-24,1414,57609,389,26635,977,29208,48,1766,1037,13704,369,22757,1083,36461,California
Humboldt,2021-03-25,1831,59440,1206,27841,563,29771,62,1828,946,13829,883,23640,1008,37469,California
Humboldt,2021-03-26,2034,61474,437,28278,1541,31312,56,1884,1593,15041,436,24076,1648,39117,California
Humboldt,2021-03-27,1933,63407,1437,29715,327,31639,169,2053,1065,15411,864,24940,1234,40351,California
Humboldt,2021-03-28,267,63674,81,29796,115,31754,71,2124,85,15386,182,25122,157,40508,California
Humboldt,2021-03-29,467,64141,126,29922,246,32000,95,2219,198,15410,268,25390,292,40800,California
Humboldt,2021-03-30,937,65078,304,30226,520,32520,113,2332,563,15715,370,25760,675,41475,California
Humboldt,2021-03-31,1848,66926,517,30743,1235,33755,96,2428,1396,16760,449,26209,1494,42969,California
Humboldt,2021-04-01,2092,69018,702,31445,1300,35055,90,2518,1478,17721,607,26816,1568,44537,California
Humboldt,2021-04-02,1691,70709,1099,32544,488,35543,104,2622,603,17346,1082,27898,707,45244,California
Humboldt,2021-04-03,1654,72363,1496,34040,142,35685,16,2638,661,17040,983,28881,677,45921,California
Humboldt,2021-04-04,479,72842,369,34409,101,35786,9,2647,405,17381,74,28955,415,46336,California
Humboldt,2021-04-05,757,73599,456,34865,253,36039,48,2695,438,17550,317,29272,486,46822,California
Humboldt,2021-04-06,824,74423,316,35181,374,36413,134,2829,583,18030,235,29507,715,47537,California
Humboldt,2021-04-07,1481,75904,1057,36238,285,36698,139,2968,985,18660,494,30001,1124,48661,California
Humboldt,2021-04-08,1722,77626,1085,37323,479,37177,158,3126,731,18559,990,30991,889,49550,California
Humboldt,2021-04-09,1422,79048,432,37755,838,38015,152,3278,1140,19563,281,31272,1285,50835,California
Humboldt,2021-04-10,926,79974,135,37890,616,38631,175,3453,728,20268,196,31468,901,51736,California
Humboldt,2021-04-11,635,80609,136,38026,33,38664,466,3919,125,20348,510,31978,590,52326,California
Humboldt,2021-04-12,431,81040,224,38250,83,38747,124,4043,275,20591,156,32134,399,52725,California
Humboldt,2021-04-13,581,81621,321,38571,257,39004,3,4046,546,21108,31,32165,548,53273,California
Humboldt,2021-04-14,1420,83041,1030,39601,390,39394,0,4046,1309,22307,110,32275,1309,54582,California
Humboldt,2021-04-15,1809,84850,1194,40795,611,40005,4,4050,1242,23002,549,32824,1244,55826,California
Humboldt,2021-04-16,1118,85968,514,41309,604,40609,0,4050,536,22959,579,33403,536,56362,California
Humboldt,2021-04-17,1595,87563,1274,42583,321,40930,0,4050,1010,23390,579,33982,1010,57372,California
Humboldt,2021-04-18,505,88068,341,42924,164,41094,0,4050,93,23075,408,34390,93,57465,California
Humboldt,2021-04-19,186,88254,83,43007,103,41197,0,4050,71,23033,113,34503,71,57536,California
Humboldt,2021-04-20,476,88730,133,43140,343,41540,0,4050,234,23026,241,34744,234,57770,California
Humboldt,2021-04-21,1079,89809,373,43513,706,42246,0,4050,426,22810,643,35387,427,58197,California
Humboldt,2021-04-22,850,90659,498,44011,350,42596,2,4052,429,22820,419,35806,429,58626,California
Humboldt,2021-04-23,2146,92805,298,44309,1848,44444,0,4052,314,21305,1829,37635,314,58940,California
Humboldt,2021-04-24,1010,93815,875,45184,130,44574,5,4057,349,21000,659,38294,354,59294,California
Humboldt,2021-04-25,373,94188,238,45422,135,44709,0,4057,193,21016,177,38471,193,59487,California
Humboldt,2021-04-26,265,94453,186,45608,76,44785,3,4060,79,20912,184,38655,80,59567,California
Humboldt,2021-04-27,635,95088,192,45800,425,45210,18,4078,126,20549,507,39162,144,59711,California
Humboldt,2021-04-28,1520,96608,788,46588,688,45898,44,4122,395,19865,1123,40285,439,60150,California
Humboldt,2021-04-29,1709,98317,567,47155,1104,47002,38,4160,268,18734,1437,41722,306,60456,California
Humboldt,2021-04-30,1227,99544,384,47539,810,47812,33,4193,194,17932,1027,42749,225,60681,California
Humboldt,2021-05-01,457,100001,378,47917,57,47869,22,4215,284,18066,172,42921,306,60987,California
Humboldt,2021-05-02,227,100228,182,48099,36,47905,9,4224,113,18076,113,43034,123,61110,California
Humboldt,2021-05-03,599,100827,370,48469,206,48111,23,4247,94,17690,503,43537,117,61227,California
Humboldt,2021-05-04,793,101620,474,48943,277,48388,42,4289,240,17421,550,44087,281,61508,California
Humboldt,2021-05-05,1681,103301,1081,50024,543,48931,57,4346,179,16160,1495,45582,234,61742,California
Humboldt,2021-05-06,1625,104926,1042,51066,337,49268,246,4592,123,15030,1499,47081,369,62111,California
Humboldt,2021-05-07,1110,106036,136,51202,946,50214,28,4620,178,14304,930,48011,204,62315,California
Humboldt,2021-05-08,528,106564,14,51216,513,50727,1,4621,12,13802,515,48526,13,62328,California
Imperial,2020-12-16,1,1,1,1,0,0,0,0,1,1,0,0,1,1,California
Imperial,2020-12-17,4,5,4,5,0,0,0,0,4,5,0,0,4,5,California
Imperial,2020-12-18,12,17,12,17,0,0,0,0,12,17,0,0,12,17,California
Imperial,2020-12-20,2,19,2,19,0,0,0,0,2,19,0,0,2,19,California
Imperial,2020-12-21,186,205,186,205,0,0,0,0,186,205,0,0,186,205,California
Imperial,2020-12-22,241,446,239,444,2,2,0,0,241,446,0,0,241,446,California
Imperial,2020-12-23,210,656,209,653,1,3,0,0,209,655,0,0,209,655,California
Imperial,2020-12-24,5,661,5,658,0,3,0,0,5,660,0,0,5,660,California
Imperial,2020-12-26,1,662,0,658,1,4,0,0,1,661,0,0,1,661,California
Imperial,2020-12-27,62,724,0,658,62,66,0,0,62,723,0,0,62,723,California
Imperial,2020-12-28,214,938,114,772,100,166,0,0,214,937,0,0,214,937,California
Imperial,2020-12-29,189,1127,36,808,153,319,0,0,189,1126,0,0,189,1126,California
Imperial,2020-12-30,366,1493,50,858,316,635,0,0,366,1492,0,0,366,1492,California
Imperial,2020-12-31,197,1690,26,884,171,806,0,0,197,1689,0,0,197,1689,California
Imperial,2021-01-01,47,1737,5,889,42,848,0,0,47,1736,0,0,47,1736,California
Imperial,2021-01-02,4,1741,0,889,4,852,0,0,4,1740,0,0,4,1740,California
Imperial,2021-01-03,90,1831,0,889,90,942,0,0,90,1830,0,0,90,1830,California
Imperial,2021-01-04,85,1916,5,894,80,1022,0,0,85,1915,0,0,85,1915,California
Imperial,2021-01-05,173,2089,14,908,159,1181,0,0,173,2088,0,0,173,2088,California
Imperial,2021-01-06,190,2279,25,933,165,1346,0,0,189,2276,1,1,189,2277,California
Imperial,2021-01-07,319,2598,9,942,310,1656,0,0,316,2589,3,4,316,2593,California
Imperial,2021-01-08,192,2790,52,994,140,1796,0,0,182,2761,10,14,182,2775,California
Imperial,2021-01-09,24,2814,21,1015,3,1799,0,0,24,2785,0,14,24,2799,California
Imperial,2021-01-10,1,2815,0,1015,1,1800,0,0,1,2786,0,14,1,2800,California
Imperial,2021-01-11,402,3217,243,1258,159,1959,0,0,174,2732,228,242,174,2974,California
Imperial,2021-01-12,404,3621,302,1560,102,2061,0,0,142,2613,261,503,142,3116,California
Imperial,2021-01-13,379,4000,132,1692,247,2308,0,0,280,2794,99,602,280,3396,California
Imperial,2021-01-14,260,4260,151,1843,109,2417,0,0,254,3043,5,607,254,3650,California
Imperial,2021-01-15,241,4501,182,2025,59,2476,0,0,234,3270,7,614,234,3884,California
Imperial,2021-01-16,77,4578,73,2098,4,2480,0,0,76,3345,1,615,76,3960,California
Imperial,2021-01-17,10,4588,2,2100,8,2488,0,0,10,3355,0,615,10,3970,California
Imperial,2021-01-18,1053,5641,399,2499,654,3142,0,0,955,4213,98,713,956,4926,California
Imperial,2021-01-19,165,5806,129,2628,36,3178,0,0,118,4284,47,760,118,5044,California
Imperial,2021-01-20,292,6098,195,2823,97,3275,0,0,254,4500,38,798,254,5298,California
Imperial,2021-01-21,415,6513,183,3006,232,3507,0,0,395,4875,20,818,395,5693,California
Imperial,2021-01-22,457,6970,189,3195,268,3775,0,0,448,5314,9,827,448,6141,California
Imperial,2021-01-23,1041,8011,290,3485,751,4526,0,0,1040,6353,1,828,1040,7181,California
Imperial,2021-01-24,11,8022,4,3489,7,4533,0,0,11,6364,0,828,11,7192,California
Imperial,2021-01-25,213,8235,5,3494,208,4741,0,0,34,6220,178,1006,34,7226,California
Imperial,2021-01-26,360,8595,185,3679,175,4916,0,0,217,6294,143,1149,217,7443,California
Imperial,2021-01-27,570,9165,162,3841,408,5324,0,0,237,6198,333,1482,237,7680,California
Imperial,2021-01-28,632,9797,159,4000,473,5797,0,0,525,6616,107,1589,525,8205,California
Imperial,2021-01-29,424,10221,296,4296,128,5925,0,0,374,6940,50,1639,374,8579,California
Imperial,2021-01-30,56,10277,31,4327,25,5950,0,0,39,6962,17,1656,39,8618,California
Imperial,2021-01-31,17,10294,7,4334,10,5960,0,0,16,6977,1,1657,16,8634,California
Imperial,2021-02-01,420,10714,54,4388,366,6326,0,0,209,6977,209,1866,209,8843,California
Imperial,2021-02-02,680,11394,54,4442,626,6952,0,0,499,7295,181,2047,499,9342,California
Imperial,2021-02-03,457,11851,48,4490,409,7361,0,0,264,7367,192,2239,264,9606,California
Imperial,2021-02-04,1723,13574,1203,5693,520,7881,0,0,1408,8462,313,2552,1408,11014,California
Imperial,2021-02-05,389,13963,241,5934,148,8029,0,0,152,8379,235,2787,152,11166,California
Imperial,2021-02-06,861,14824,838,6772,23,8052,0,0,824,9167,36,2823,824,11990,California
Imperial,2021-02-07,21,14845,9,6781,12,8064,0,0,20,9186,1,2824,20,12010,California
Imperial,2021-02-08,250,15095,42,6823,208,8272,0,0,182,9300,68,2892,182,12192,California
Imperial,2021-02-09,462,15557,146,6969,316,8588,0,0,304,9446,158,3050,304,12496,California
Imperial,2021-02-10,384,15941,56,7025,328,8916,0,0,94,9251,290,3340,95,12591,California
Imperial,2021-02-11,465,16406,259,7284,206,9122,0,0,89,8964,376,3716,89,12680,California
Imperial,2021-02-12,2130,18536,1411,8695,719,9841,0,0,1778,10391,351,4067,1778,14458,California
Imperial,2021-02-13,42,18578,18,8713,24,9865,0,0,34,10418,8,4075,35,14493,California
Imperial,2021-02-14,24,18602,12,8725,12,9877,0,0,21,10436,3,4078,21,14514,California
Imperial,2021-02-15,30,18632,10,8735,20,9897,0,0,23,10452,7,4085,23,14537,California
Imperial,2021-02-16,514,19146,267,9002,247,10144,0,0,293,10524,221,4306,293,14830,California
Imperial,2021-02-17,439,19585,285,9287,154,10298,0,0,83,10251,356,4662,83,14913,California
Imperial,2021-02-18,646,20231,308,9595,338,10636,0,0,140,9887,504,5166,140,15053,California
Imperial,2021-02-19,767,20998,382,9977,385,11021,0,0,192,9505,574,5740,192,15245,California
Imperial,2021-02-20,1039,22037,191,10168,848,11869,0,0,325,9119,713,6453,327,15572,California
Imperial,2021-02-21,588,22625,554,10722,34,11903,0,0,577,9686,10,6463,577,16149,California
Imperial,2021-02-22,807,23432,567,11289,240,12143,0,0,758,10395,49,6512,758,16907,California
Imperial,2021-02-23,960,24392,395,11684,565,12708,0,0,907,11249,53,6565,907,17814,California
Imperial,2021-02-24,700,25092,285,11969,415,13123,0,0,603,11756,96,6661,603,18417,California
Imperial,2021-02-25,817,25909,338,12307,479,13602,0,0,451,11847,365,7026,456,18873,California
Imperial,2021-02-26,1745,27654,1351,13658,394,13996,0,0,1570,13245,173,7199,1571,20444,California
Imperial,2021-02-27,860,28514,811,14469,49,14045,0,0,121,12628,739,7938,122,20566,California
Imperial,2021-02-28,30,28544,20,14489,10,14055,0,0,20,12638,10,7948,20,20586,California
Imperial,2021-03-01,494,29038,295,14784,198,14253,1,1,428,13004,64,8012,430,21016,California
Imperial,2021-03-02,674,29712,247,15031,427,14680,0,1,385,13103,288,8300,387,21403,California
Imperial,2021-03-03,926,30638,48,15079,877,15557,1,2,557,13306,366,8666,569,21972,California
Imperial,2021-03-04,746,31384,76,15155,669,16226,1,3,485,13562,259,8925,515,22487,California
Imperial,2021-03-05,2572,33956,1939,17094,633,16859,0,3,1247,13489,1322,10247,1249,23736,California
Imperial,2021-03-06,690,34646,238,17332,452,17311,0,3,649,14104,38,10285,653,24389,California
Imperial,2021-03-07,75,34721,41,17373,34,17345,0,3,54,14138,21,10306,55,24444,California
Imperial,2021-03-08,415,35136,331,17704,49,17394,35,38,362,14483,52,10358,397,24841,California
Imperial,2021-03-09,681,35817,310,18014,125,17519,246,284,398,14843,283,10641,643,25484,California
Imperial,2021-03-10,684,36501,313,18327,267,17786,104,388,320,14905,363,11004,425,25909,California
Imperial,2021-03-11,1786,38287,477,18804,1117,18903,192,580,1185,15693,600,11604,1388,27297,California
Imperial,2021-03-12,3702,41989,2539,21343,977,19880,186,766,2103,16385,1597,13201,2289,29586,California
Imperial,2021-03-13,1143,43132,92,21435,828,20708,223,989,857,17184,284,13485,1083,30669,California
Imperial,2021-03-14,169,43301,31,21466,126,20834,12,1001,139,17306,30,13515,152,30821,California
Imperial,2021-03-15,671,43972,214,21680,198,21032,259,1260,374,17644,295,13810,633,31454,California
Imperial,2021-03-16,1070,45042,275,21955,341,21373,454,1714,533,18095,535,14345,986,32440,California
Imperial,2021-03-17,1571,46613,689,22644,745,22118,137,1851,992,18649,576,14921,1130,33570,California
Imperial,2021-03-18,1779,48392,1176,23820,543,22661,60,1911,1251,19436,526,15447,1313,34883,California
Imperial,2021-03-19,3338,51730,2446,26266,888,23549,4,1915,1501,19113,1829,17276,1506,36389,California
Imperial,2021-03-20,864,52594,550,26816,309,23858,5,1920,420,19104,440,17716,431,36820,California
Imperial,2021-03-21,217,52811,35,26851,178,24036,4,1924,159,19213,58,17774,167,36987,California
Imperial,2021-03-22,1046,53857,339,27190,700,24736,7,1931,622,19421,423,18197,631,37618,California
Imperial,2021-03-23,1390,55247,411,27601,972,25708,7,1938,890,19823,497,18694,899,38517,California
Imperial,2021-03-24,1870,57117,542,28143,901,26609,427,2365,899,20180,968,19662,1325,39842,California
Imperial,2021-03-25,2899,60016,506,28649,884,27493,1509,3874,1017,20821,1878,21540,2519,42361,California
Imperial,2021-03-26,2488,62504,881,29530,736,28229,871,4745,776,20764,1705,23245,1648,44009,California
Imperial,2021-03-27,596,63100,282,29812,262,28491,52,4797,436,21095,157,23402,488,44497,California
Imperial,2021-03-28,208,63308,51,29863,155,28646,2,4799,171,21232,36,23438,173,44670,California
Imperial,2021-03-29,1213,64521,348,30211,391,29037,474,5273,317,21130,894,24332,792,45462,California
Imperial,2021-03-30,1819,66340,675,30886,592,29629,552,5825,675,21214,1144,25476,1228,46690,California
Imperial,2021-03-31,1521,67861,712,31598,804,30433,5,5830,1005,21709,514,25990,1009,47699,California
Imperial,2021-04-01,1892,69753,399,31997,1251,31684,242,6072,815,21694,1071,27061,1056,48755,California
Imperial,2021-04-02,1264,71017,450,32447,740,32424,74,6146,749,22003,513,27574,822,49577,California
Imperial,2021-04-03,1494,72511,407,32854,1008,33432,79,6225,686,21963,805,28379,765,50342,California
Imperial,2021-04-04,84,72595,40,32894,28,33460,16,6241,25,21945,59,28438,41,50383,California
Imperial,2021-04-05,2112,74707,1281,34175,764,34224,67,6308,402,20712,1703,30141,470,50853,California
Imperial,2021-04-06,1294,76001,526,34701,579,34803,189,6497,681,20973,610,30751,871,51724,California
Imperial,2021-04-07,2148,78149,549,35250,1223,36026,376,6873,1538,22280,607,31358,1914,53638,California
Imperial,2021-04-08,2184,80333,1070,36320,820,36846,294,7167,1076,22543,1105,32463,1368,55006,California
Imperial,2021-04-09,2146,82479,634,36954,896,37742,616,7783,836,22688,1306,33769,1451,56457,California
Imperial,2021-04-10,1276,83755,184,37138,821,38563,271,8054,215,22113,1059,34828,484,56941,California
Imperial,2021-04-11,218,83973,30,37168,156,38719,32,8086,75,22077,143,34971,107,57048,California
Imperial,2021-04-12,1397,85370,761,37929,430,39149,206,8292,793,22478,600,35571,1001,58049,California
Imperial,2021-04-13,2269,87639,1446,39375,821,39970,2,8294,1592,23398,673,36244,1593,59642,California
Imperial,2021-04-14,2008,89647,940,40315,1068,41038,0,8294,1420,24236,583,36827,1421,61063,California
Imperial,2021-04-15,1966,91613,908,41223,1058,42096,0,8294,1378,25032,584,37411,1380,62443,California
Imperial,2021-04-16,2214,93827,1099,42322,1115,43211,0,8294,1326,25475,883,38294,1326,63769,California
Imperial,2021-04-17,1803,95630,926,43248,875,44086,2,8296,1420,26520,378,38672,1423,65192,California
Imperial,2021-04-18,250,95880,69,43317,181,44267,0,8296,90,26451,159,38831,90,65282,California
Imperial,2021-04-19,800,96680,250,43567,550,44817,0,8296,461,26578,338,39169,465,65747,California
Imperial,2021-04-20,1299,97979,513,44080,786,45603,0,8296,759,26800,537,39706,759,66506,California
Imperial,2021-04-21,1347,99326,324,44404,1023,46626,0,8296,807,27070,537,40243,807,67313,California
Imperial,2021-04-22,1991,101317,772,45176,1219,47845,0,8296,1406,27901,577,40820,1408,68721,California
Imperial,2021-04-23,1499,102816,400,45576,1099,48944,0,8296,852,28117,640,41460,856,69577,California
Imperial,2021-04-24,528,103344,313,45889,215,49159,0,8296,203,27997,323,41783,203,69780,California
Imperial,2021-04-25,263,103607,96,45985,167,49326,0,8296,135,28005,127,41910,135,69915,California
Imperial,2021-04-26,984,104591,435,46420,546,49872,3,8299,652,28329,331,42241,655,70570,California
Imperial,2021-04-27,919,105510,338,46758,573,50445,8,8307,475,28368,444,42685,483,71053,California
Imperial,2021-04-28,1303,106813,595,47353,682,51127,26,8333,628,28351,671,43356,654,71707,California
Imperial,2021-04-29,1693,108506,823,48176,846,51973,24,8357,770,28230,916,44272,795,72502,California
Imperial,2021-04-30,1420,109926,728,48904,662,52635,30,8387,1022,28889,393,44665,1052,73554,California
Imperial,2021-05-01,302,110228,116,49020,184,52819,2,8389,154,28898,148,44813,157,73711,California
Imperial,2021-05-02,82,110310,24,49044,56,52875,2,8391,53,28925,29,44842,56,73767,California
Imperial,2021-05-03,1553,111863,546,49590,962,53837,45,8436,354,28133,1192,46034,400,74167,California
Imperial,2021-05-04,1521,113384,781,50371,718,54555,22,8458,502,27643,1015,47049,525,74692,California
Imperial,2021-05-05,1460,114844,884,51255,557,55112,19,8477,444,27100,1007,48056,464,75156,California
Imperial,2021-05-06,1513,116357,1060,52315,428,55540,25,8502,589,26795,919,48975,614,75770,California
Imperial,2021-05-07,1160,117517,781,53096,345,55885,34,8536,552,26778,603,49578,586,76356,California
Imperial,2021-05-08,146,117663,85,53181,57,55942,4,8540,101,26843,40,49618,105,76461,California
Inyo,2020-12-19,85,85,85,85,0,0,0,0,85,85,0,0,85,85,California
Inyo,2020-12-20,58,143,58,143,0,0,0,0,58,143,0,0,58,143,California
Inyo,2020-12-21,88,231,85,228,3,3,0,0,88,231,0,0,88,231,California
Inyo,2020-12-22,105,336,105,333,0,3,0,0,105,336,0,0,105,336,California
Inyo,2020-12-23,70,406,67,400,3,6,0,0,70,406,0,0,70,406,California
Inyo,2020-12-24,16,422,16,416,0,6,0,0,16,422,0,0,16,422,California
Inyo,2020-12-25,1,423,0,416,1,7,0,0,1,423,0,0,1,423,California
Inyo,2020-12-26,74,497,74,490,0,7,0,0,74,497,0,0,74,497,California
Inyo,2020-12-28,48,545,36,526,12,19,0,0,48,545,0,0,48,545,California
Inyo,2020-12-29,19,564,19,545,0,19,0,0,19,564,0,0,19,564,California
Inyo,2020-12-30,56,620,54,599,2,21,0,0,56,620,0,0,56,620,California
Inyo,2020-12-31,29,649,0,599,29,50,0,0,29,649,0,0,29,649,California
Inyo,2021-01-01,1,650,0,599,1,51,0,0,1,650,0,0,1,650,California
Inyo,2021-01-03,1,651,0,599,1,52,0,0,1,651,0,0,1,651,California
Inyo,2021-01-04,2,653,1,600,1,53,0,0,2,653,0,0,2,653,California
Inyo,2021-01-05,34,687,0,600,34,87,0,0,34,687,0,0,34,687,California
Inyo,2021-01-06,68,755,0,600,68,155,0,0,68,755,0,0,68,755,California
Inyo,2021-01-07,31,786,1,601,30,185,0,0,31,786,0,0,31,786,California
Inyo,2021-01-08,9,795,8,609,1,186,0,0,4,786,5,5,5,791,California
Inyo,2021-01-09,87,882,86,695,1,187,0,0,1,701,86,91,1,792,California
Inyo,2021-01-10,52,934,52,747,0,187,0,0,0,649,52,143,0,792,California
Inyo,2021-01-11,97,1031,82,829,15,202,0,0,16,584,81,224,16,808,California
Inyo,2021-01-12,139,1170,118,947,21,223,0,0,28,501,111,335,28,836,California
Inyo,2021-01-13,86,1256,68,1015,18,241,0,0,21,458,65,400,22,858,California
Inyo,2021-01-14,59,1315,13,1028,46,287,0,0,49,497,10,410,49,907,California
Inyo,2021-01-15,163,1478,28,1056,135,422,0,0,163,660,0,410,163,1070,California
Inyo,2021-01-16,74,1552,73,1129,1,423,0,0,1,588,73,483,1,1071,California
Inyo,2021-01-18,58,1610,36,1165,22,445,0,0,19,568,39,522,19,1090,California
Inyo,2021-01-19,115,1725,72,1237,43,488,0,0,98,649,17,539,98,1188,California
Inyo,2021-01-20,147,1872,71,1308,76,564,0,0,93,688,54,593,93,1281,California
Inyo,2021-01-21,121,1993,57,1365,64,628,0,0,120,807,1,594,120,1401,California
Inyo,2021-01-22,62,2055,0,1365,62,690,0,0,61,867,1,595,61,1462,California
Inyo,2021-01-23,52,2107,52,1417,0,690,0,0,52,919,0,595,52,1514,California
Inyo,2021-01-25,49,2156,6,1423,43,733,0,0,37,944,12,607,37,1551,California
Inyo,2021-01-26,135,2291,54,1477,81,814,0,0,129,1067,6,613,129,1680,California
Inyo,2021-01-27,24,2315,2,1479,22,836,0,0,23,1089,1,614,23,1703,California
Inyo,2021-01-28,92,2407,2,1481,90,926,0,0,63,1123,29,643,63,1766,California
Inyo,2021-01-29,25,2432,3,1484,22,948,0,0,23,1144,2,645,23,1789,California
Inyo,2021-01-30,11,2443,1,1485,10,958,0,0,11,1155,0,645,11,1800,California
Inyo,2021-01-31,32,2475,4,1489,28,986,0,0,4,1131,28,673,4,1804,California
Inyo,2021-02-01,11,2486,9,1498,2,988,0,0,1,1122,10,683,1,1805,California
Inyo,2021-02-02,130,2616,14,1512,116,1104,0,0,104,1200,26,709,104,1909,California
Inyo,2021-02-03,116,2732,0,1512,116,1220,0,0,74,1232,42,751,74,1983,California
Inyo,2021-02-04,149,2881,31,1543,118,1338,0,0,90,1263,59,810,90,2073,California
Inyo,2021-02-05,118,2999,62,1605,56,1394,0,0,116,1377,2,812,116,2189,California
Inyo,2021-02-06,4,3003,2,1607,2,1396,0,0,3,1379,1,813,3,2192,California
Inyo,2021-02-07,4,3007,2,1609,2,1398,0,0,4,1383,0,813,4,2196,California
Inyo,2021-02-08,117,3124,7,1616,110,1508,0,0,97,1460,20,833,97,2293,California
Inyo,2021-02-09,194,3318,51,1667,143,1651,0,0,123,1512,71,904,123,2416,California
Inyo,2021-02-10,143,3461,18,1685,125,1776,0,0,109,1587,34,938,109,2525,California
Inyo,2021-02-11,220,3681,56,1741,164,1940,0,0,126,1619,94,1032,126,2651,California
Inyo,2021-02-12,299,3980,51,1792,248,2188,0,0,167,1654,132,1164,167,2818,California
Inyo,2021-02-13,60,4040,55,1847,5,2193,0,0,8,1610,52,1216,8,2826,California
Inyo,2021-02-14,1,4041,0,1847,1,2194,0,0,1,1611,0,1216,1,2827,California
Inyo,2021-02-15,29,4070,9,1856,20,2214,0,0,5,1592,24,1240,5,2832,California
Inyo,2021-02-16,180,4250,50,1906,130,2344,0,0,92,1597,87,1327,92,2924,California
Inyo,2021-02-17,37,4287,4,1910,33,2377,0,0,7,1574,30,1357,7,2931,California
Inyo,2021-02-18,123,4410,6,1916,117,2494,0,0,79,1609,44,1401,79,3010,California
Inyo,2021-02-19,52,4462,4,1920,48,2542,0,0,9,1575,43,1444,9,3019,California
Inyo,2021-02-20,504,4966,500,2420,4,2546,0,0,502,2075,2,1446,502,3521,California
Inyo,2021-02-21,267,5233,267,2687,0,2546,0,0,267,2342,0,1446,267,3788,California
Inyo,2021-02-22,61,5294,19,2706,42,2588,0,0,27,2335,34,1480,27,3815,California
Inyo,2021-02-23,198,5492,20,2726,178,2766,0,0,94,2326,103,1583,94,3909,California
Inyo,2021-02-24,118,5610,0,2726,118,2884,0,0,57,2322,61,1644,57,3966,California
Inyo,2021-02-25,130,5740,3,2729,127,3011,0,0,62,2316,68,1712,62,4028,California
Inyo,2021-02-26,104,5844,61,2790,43,3054,0,0,19,2250,85,1797,19,4047,California
Inyo,2021-02-27,15,5859,4,2794,11,3065,0,0,3,2241,12,1809,3,4050,California
Inyo,2021-02-28,3,5862,1,2795,2,3067,0,0,2,2242,1,1810,2,4052,California
Inyo,2021-03-01,20,5882,2,2797,18,3085,0,0,17,2256,3,1813,17,4069,California
Inyo,2021-03-02,196,6078,1,2798,195,3280,0,0,111,2282,85,1898,111,4180,California
Inyo,2021-03-03,83,6161,2,2800,81,3361,0,0,40,2279,43,1941,40,4220,California
Inyo,2021-03-04,128,6289,4,2804,124,3485,0,0,46,2243,82,2023,46,4266,California
Inyo,2021-03-05,141,6430,56,2860,85,3570,0,0,38,2178,103,2126,38,4304,California
Inyo,2021-03-06,31,6461,1,2861,30,3600,0,0,30,2207,1,2127,30,4334,California
Inyo,2021-03-07,7,6468,4,2865,3,3603,0,0,5,2210,2,2129,5,4339,California
Inyo,2021-03-08,182,6650,5,2870,177,3780,0,0,91,2210,91,2220,91,4430,California
Inyo,2021-03-09,187,6837,2,2872,185,3965,0,0,71,2165,116,2336,71,4501,California
Inyo,2021-03-10,70,6907,8,2880,61,4026,1,1,30,2156,40,2376,31,4532,California
Inyo,2021-03-11,203,7110,1,2881,197,4223,5,6,73,2104,130,2506,78,4610,California
Inyo,2021-03-12,175,7285,4,2885,166,4389,5,11,77,2088,98,2604,82,4692,California
Inyo,2021-03-13,576,7861,541,3426,25,4414,10,21,77,1677,498,3102,87,4779,California
Inyo,2021-03-14,431,8292,430,3856,1,4415,0,21,168,1583,262,3364,168,4947,California
Inyo,2021-03-15,51,8343,15,3871,34,4449,2,23,30,1594,21,3385,32,4979,California
Inyo,2021-03-16,163,8506,4,3875,153,4602,6,29,63,1564,99,3484,69,5048,California
Inyo,2021-03-17,107,8613,3,3878,97,4699,7,36,92,1648,15,3499,99,5147,California
Inyo,2021-03-18,184,8797,15,3893,162,4861,7,43,103,1677,81,3580,110,5257,California
Inyo,2021-03-19,46,8843,4,3897,38,4899,4,47,36,1707,10,3590,40,5297,California
Inyo,2021-03-20,20,8863,1,3898,10,4909,9,56,1,1698,19,3609,10,5307,California
Inyo,2021-03-22,59,8922,2,3900,52,4961,5,61,39,1722,20,3629,44,5351,California
Inyo,2021-03-23,194,9116,4,3904,186,5147,4,65,104,1740,90,3719,108,5459,California
Inyo,2021-03-24,140,9256,3,3907,133,5280,4,69,87,1778,53,3772,91,5550,California
Inyo,2021-03-25,325,9581,104,4011,217,5497,4,73,259,1975,66,3838,263,5813,California
Inyo,2021-03-26,91,9672,3,4014,84,5581,4,77,71,2030,20,3858,75,5888,California
Inyo,2021-03-27,52,9724,44,4058,5,5586,3,80,46,2073,6,3864,49,5937,California
Inyo,2021-03-28,4,9728,1,4059,2,5588,1,81,1,2072,3,3867,2,5939,California
Inyo,2021-03-29,109,9837,2,4061,102,5690,5,86,82,2133,26,3893,87,6026,California
Inyo,2021-03-30,211,10048,2,4063,204,5894,5,91,101,2129,110,4003,106,6132,California
Inyo,2021-03-31,148,10196,4,4067,139,6033,5,96,107,2200,41,4044,112,6244,California
Inyo,2021-04-01,163,10359,4,4071,158,6191,1,97,114,2266,49,4093,115,6359,California
Inyo,2021-04-02,80,10439,1,4072,77,6268,2,99,51,2290,29,4122,53,6412,California
Inyo,2021-04-03,94,10533,47,4119,33,6301,14,113,6,2223,86,4208,19,6431,California
Inyo,2021-04-04,5,10538,4,4123,0,6301,1,114,1,2221,4,4212,2,6433,California
Inyo,2021-04-05,117,10655,1,4124,112,6413,4,118,29,2166,88,4300,33,6466,California
Inyo,2021-04-06,236,10891,6,4130,167,6580,63,181,105,2203,131,4431,168,6634,California
Inyo,2021-04-07,200,11091,2,4132,72,6652,126,307,45,2218,156,4587,171,6805,California
Inyo,2021-04-08,177,11268,15,4147,145,6797,17,324,80,2218,97,4684,97,6902,California
Inyo,2021-04-09,125,11393,7,4154,95,6892,23,347,38,2193,86,4770,61,6963,California
Inyo,2021-04-10,42,11435,1,4155,24,6916,17,364,3,2174,39,4809,20,6983,California
Inyo,2021-04-11,1,11436,0,4155,1,6917,0,364,1,2175,0,4809,1,6984,California
Inyo,2021-04-12,80,11516,0,4155,75,6992,5,369,41,2182,39,4848,46,7030,California
Inyo,2021-04-13,119,11635,3,4158,113,7105,3,372,61,2189,57,4905,64,7094,California
Inyo,2021-04-14,121,11756,1,4159,120,7225,0,372,37,2142,84,4989,37,7131,California
Inyo,2021-04-15,273,12029,114,4273,159,7384,0,372,83,2035,190,5179,83,7214,California
Inyo,2021-04-16,49,12078,6,4279,43,7427,0,372,21,2028,28,5207,21,7235,California
Inyo,2021-04-17,2,12080,1,4280,1,7428,0,372,1,2028,1,5208,1,7236,California
Inyo,2021-04-19,130,12210,43,4323,87,7515,0,372,44,1986,86,5294,44,7280,California
Inyo,2021-04-20,164,12374,3,4326,161,7676,0,372,81,1984,83,5377,81,7361,California
Inyo,2021-04-21,113,12487,4,4330,109,7785,0,372,32,1935,81,5458,32,7393,California
Inyo,2021-04-22,196,12683,1,4331,195,7980,0,372,52,1843,144,5602,52,7445,California
Inyo,2021-04-23,95,12778,4,4335,91,8071,0,372,22,1792,73,5675,22,7467,California
Inyo,2021-04-24,310,13088,309,4644,1,8072,0,372,305,2092,5,5680,305,7772,California
Inyo,2021-04-25,135,13223,134,4778,1,8073,0,372,135,2227,0,5680,135,7907,California
Inyo,2021-04-26,67,13290,0,4778,66,8139,1,373,8,2177,59,5739,9,7916,California
Inyo,2021-04-27,161,13451,7,4785,149,8288,5,378,47,2115,114,5853,52,7968,California
Inyo,2021-04-28,121,13572,2,4787,117,8405,2,380,20,2036,101,5954,22,7990,California
Inyo,2021-04-29,172,13744,56,4843,116,8521,0,380,79,2023,92,6046,79,8069,California
Inyo,2021-04-30,84,13828,4,4847,79,8600,1,381,24,1988,60,6106,25,8094,California
Inyo,2021-05-01,11,13839,3,4850,8,8608,0,381,9,1995,2,6108,9,8103,California
Inyo,2021-05-02,7,13846,3,4853,2,8610,2,383,4,1998,3,6111,6,8109,California
Inyo,2021-05-03,38,13884,1,4854,33,8643,4,387,5,1974,33,6144,9,8118,California
Inyo,2021-05-04,120,14004,1,4855,113,8756,6,393,22,1904,98,6242,28,8146,California
Inyo,2021-05-05,34,14038,0,4855,32,8788,2,395,11,1894,23,6265,13,8159,California
Inyo,2021-05-06,92,14130,6,4861,78,8866,8,403,12,1834,80,6345,20,8179,California
Inyo,2021-05-07,25,14155,3,4864,15,8881,7,410,8,1833,16,6361,15,8194,California
Inyo,2021-05-08,7,14162,2,4866,4,8885,1,411,4,1835,3,6364,5,8199,California
Kern,2020-12-15,1,1,1,1,0,0,0,0,1,1,0,0,1,1,California
Kern,2020-12-16,18,19,18,19,0,0,0,0,18,19,0,0,18,19,California
Kern,2020-12-17,163,182,163,182,0,0,0,0,163,182,0,0,163,182,California
Kern,2020-12-18,322,504,322,504,0,0,0,0,322,504,0,0,322,504,California
Kern,2020-12-19,98,602,98,602,0,0,0,0,99,603,0,0,99,603,California
Kern,2020-12-20,61,663,61,663,0,0,0,0,61,664,0,0,61,664,California
Kern,2020-12-21,671,1334,670,1333,1,1,0,0,671,1335,0,0,671,1335,California
Kern,2020-12-22,531,1865,528,1861,3,4,0,0,531,1866,0,0,531,1866,California
Kern,2020-12-23,556,2421,418,2279,138,142,0,0,556,2422,0,0,556,2422,California
Kern,2020-12-24,122,2543,43,2322,79,221,0,0,122,2544,0,0,122,2544,California
Kern,2020-12-25,1,2544,1,2323,0,221,0,0,1,2545,0,0,1,2545,California
Kern,2020-12-26,33,2577,1,2324,32,253,0,0,33,2578,0,0,33,2578,California
Kern,2020-12-27,35,2612,3,2327,32,285,0,0,35,2613,0,0,35,2613,California
Kern,2020-12-28,825,3437,661,2988,164,449,0,0,825,3438,0,0,825,3438,California
Kern,2020-12-29,745,4182,452,3440,293,742,0,0,744,4181,1,1,744,4182,California
Kern,2020-12-30,1203,5385,910,4350,293,1035,0,0,1203,5384,0,1,1203,5385,California
Kern,2020-12-31,277,5662,99,4449,178,1213,0,0,277,5661,0,1,277,5662,California
Kern,2021-01-01,13,5675,6,4455,7,1220,0,0,13,5674,0,1,13,5675,California
Kern,2021-01-02,78,5753,18,4473,60,1280,0,0,78,5752,0,1,78,5753,California
Kern,2021-01-03,23,5776,4,4477,19,1299,0,0,23,5775,0,1,23,5776,California
Kern,2021-01-04,554,6330,360,4837,194,1493,0,0,554,6329,0,1,554,6330,California
Kern,2021-01-05,1132,7462,737,5574,395,1888,0,0,1120,7437,12,13,1120,7450,California
Kern,2021-01-06,1167,8629,456,6030,711,2599,0,0,1137,8544,30,43,1137,8587,California
Kern,2021-01-07,1406,10035,493,6523,913,3512,0,0,1238,9615,167,210,1238,9825,California
Kern,2021-01-08,1628,11663,768,7291,860,4372,0,0,1330,10647,299,509,1331,11156,California
Kern,2021-01-09,226,11889,77,7368,149,4521,0,0,192,10805,34,543,192,11348,California
Kern,2021-01-10,195,12084,148,7516,47,4568,0,0,154,10918,41,584,154,11502,California
Kern,2021-01-11,1556,13640,984,8500,572,5140,0,0,1001,11364,555,1139,1001,12503,California
Kern,2021-01-12,1868,15508,810,9310,1058,6198,0,0,1357,12210,511,1650,1357,13860,California
Kern,2021-01-13,1853,17361,870,10180,983,7181,0,0,1432,13221,421,2071,1432,15292,California
Kern,2021-01-14,2183,19544,645,10825,1538,8719,0,0,2138,15313,46,2117,2138,17430,California
Kern,2021-01-15,2706,22250,858,11683,1848,10567,0,0,2609,17828,95,2212,2610,20040,California
Kern,2021-01-16,671,22921,213,11896,458,11025,0,0,636,18429,35,2247,636,20676,California
Kern,2021-01-17,73,22994,7,11903,66,11091,0,0,71,18498,2,2249,71,20747,California
Kern,2021-01-18,1645,24639,659,12562,986,12077,0,0,1477,19807,168,2417,1477,22224,California
Kern,2021-01-19,1853,26492,1034,13596,819,12896,0,0,1386,20727,467,2884,1387,23611,California
Kern,2021-01-20,2554,29046,1619,15215,935,13831,0,0,1853,21886,696,3580,1855,25466,California
Kern,2021-01-21,2168,31214,922,16137,1246,15077,0,0,1972,23663,195,3775,1972,27438,California
Kern,2021-01-22,2711,33925,1292,17429,1419,16496,0,0,2434,25821,276,4051,2434,29872,California
Kern,2021-01-23,1245,35170,535,17964,710,17206,0,0,1199,26974,46,4097,1199,31071,California
Kern,2021-01-24,160,35330,18,17982,142,17348,0,0,154,27122,6,4103,154,31225,California
Kern,2021-01-25,2385,37715,1086,19068,1299,18647,0,0,1901,28541,483,4586,1902,33127,California
Kern,2021-01-26,2767,40482,1126,20194,1641,20288,0,0,1911,29597,855,5441,1911,35038,California
Kern,2021-01-27,3558,44040,1901,22095,1657,21945,0,0,2858,31758,697,6138,2858,37896,California
Kern,2021-01-28,2862,46902,1353,23448,1509,23454,0,0,2429,33762,428,6566,2432,40328,California
Kern,2021-01-29,3770,50672,1805,25253,1965,25419,0,0,3226,36447,541,7107,3226,43554,California
Kern,2021-01-30,1325,51997,497,25750,828,26247,0,0,1277,37678,46,7153,1277,44831,California
Kern,2021-01-31,403,52400,276,26026,127,26374,0,0,268,37811,135,7288,268,45099,California
Kern,2021-02-01,2409,54809,818,26844,1591,27965,0,0,1858,39122,548,7836,1859,46958,California
Kern,2021-02-02,2922,57731,973,27817,1949,29914,0,0,2060,40321,862,8698,2061,49019,California
Kern,2021-02-03,3657,61388,1548,29365,2109,32023,0,0,2688,42047,962,9660,2688,51707,California
Kern,2021-02-04,3803,65191,1452,30817,2351,34374,0,0,2588,43431,1204,10864,2588,54295,California
Kern,2021-02-05,4847,70038,1988,32805,2859,37233,0,0,3088,44779,1740,12604,3088,57383,California
Kern,2021-02-06,1734,71772,766,33571,968,38201,0,0,1510,46068,221,12825,1510,58893,California
Kern,2021-02-07,283,72055,151,33722,132,38333,0,0,267,46321,14,12839,267,59160,California
Kern,2021-02-08,2562,74617,788,34510,1774,40107,0,0,1253,46284,1291,14130,1254,60414,California
Kern,2021-02-09,3039,77656,988,35498,2051,42158,0,0,1468,46189,1563,15693,1468,61882,California
Kern,2021-02-10,3784,81440,1657,37155,2127,44285,0,0,1870,46162,1898,17591,1871,63753,California
Kern,2021-02-11,4257,85697,1536,38691,2721,47006,0,0,2224,46367,2020,19611,2225,65978,California
Kern,2021-02-12,4951,90648,1892,40583,3059,50065,0,0,2479,46388,2458,22069,2479,68457,California
Kern,2021-02-13,2009,92657,727,41310,1282,51347,0,0,1166,46713,841,22910,1166,69623,California
Kern,2021-02-14,351,93008,12,41322,339,51686,0,0,270,46903,80,22990,270,69893,California
Kern,2021-02-15,2736,95744,889,42211,1847,53533,0,0,1204,46584,1523,24513,1204,71097,California
Kern,2021-02-16,2944,98688,720,42931,2224,55757,0,0,1655,46961,1279,25792,1656,72753,California
Kern,2021-02-17,4067,102755,2077,45008,1990,57747,0,0,1928,46756,2134,27926,1929,74682,California
Kern,2021-02-18,3751,106506,1481,46489,2270,60017,0,0,1616,46250,2122,30048,1616,76298,California
Kern,2021-02-19,4196,110702,1915,48404,2281,62298,0,0,1737,45536,2451,32499,1737,78035,California
Kern,2021-02-20,2570,113272,967,49371,1603,63901,0,0,1339,45647,1228,33727,1339,79374,California
Kern,2021-02-21,249,113521,143,49514,106,64007,0,0,86,45572,161,33888,86,79460,California
Kern,2021-02-22,2657,116178,1148,50662,1509,65516,0,0,1424,45768,1228,35116,1424,80884,California
Kern,2021-02-23,3542,119720,1121,51783,2421,67937,0,0,1975,46179,1565,36681,1976,82860,California
Kern,2021-02-24,5165,124885,2268,54051,2897,70834,0,0,3079,47176,2082,38763,3079,85939,California
Kern,2021-02-25,5357,130242,2449,56500,2908,73742,0,0,3179,48196,2159,40922,3179,89118,California
Kern,2021-02-26,6885,137127,3519,60019,3366,77108,0,0,4359,50037,2519,43441,4360,93478,California
Kern,2021-02-27,3855,140982,1895,61914,1960,79068,0,0,2519,51227,1329,44770,2519,95997,California
Kern,2021-02-28,908,141890,498,62412,409,79477,1,1,689,51700,217,44987,690,96687,California
Kern,2021-03-01,3991,145881,1808,64220,2180,81657,3,4,2692,53104,1291,46278,2695,99382,California
Kern,2021-03-02,4374,150255,1376,65596,2997,84654,1,5,2868,54477,1495,47773,2868,102250,California
Kern,2021-03-03,5802,156057,2700,68296,3102,87756,0,5,3715,56121,2073,49846,3717,105967,California
Kern,2021-03-04,5553,161610,2161,70457,3389,91145,3,8,3558,57700,1981,51827,3560,109527,California
Kern,2021-03-05,6466,168076,2667,73124,3781,94926,18,26,4042,59344,2416,54243,4060,113587,California
Kern,2021-03-06,4713,172789,1912,75036,2700,97626,101,127,3446,61631,1259,55502,3546,117133,California
Kern,2021-03-07,2045,174834,1585,76621,411,98037,49,176,1854,63344,190,55692,1903,119036,California
Kern,2021-03-08,2814,177648,856,77477,1745,99782,213,389,1469,63682,1342,57034,1680,120716,California
Kern,2021-03-09,3632,181280,788,78265,2461,102243,383,772,2238,64913,1388,58422,2619,123335,California
Kern,2021-03-10,6024,187304,2468,80733,2486,104729,1070,1842,3505,66979,2508,60930,4574,127909,California
Kern,2021-03-11,6287,193591,2409,83142,2852,107581,1026,2868,3731,69189,2545,63475,4755,132664,California
Kern,2021-03-12,7662,201253,2921,86063,3389,110970,1352,4220,4154,71191,3495,66970,5497,138161,California
Kern,2021-03-13,4425,205678,2299,88362,1791,112761,335,4555,3007,73115,1412,68382,3336,141497,California
Kern,2021-03-14,2184,207862,1411,89773,534,113295,239,4794,1669,74506,515,68897,1906,143403,California
Kern,2021-03-15,4247,212109,1088,90861,2446,115741,713,5507,2182,75342,2054,70951,2890,146293,California
Kern,2021-03-16,4332,216441,1008,91869,2796,118537,528,6035,2331,76206,1992,72943,2856,149149,California
Kern,2021-03-17,7235,223676,3805,95674,2874,121411,556,6591,4299,78135,2925,75868,4854,154003,California
Kern,2021-03-18,6985,230661,3403,99077,3002,124413,580,7171,4157,80060,2808,78676,4733,158736,California
Kern,2021-03-19,8745,239406,4767,103844,3330,127743,648,7819,4547,81065,4185,82861,5190,163926,California
Kern,2021-03-20,5938,245344,3593,107437,2171,129914,174,7993,3814,82939,2115,84976,3989,167915,California
Kern,2021-03-21,2865,248209,1752,109189,236,130150,877,8870,1683,84322,1176,86152,2559,170474,California
Kern,2021-03-22,3945,252154,1543,110732,2046,132196,356,9226,1921,84585,2013,88165,2276,172750,California
Kern,2021-03-23,4698,256852,1654,112386,2846,135042,198,9424,2492,85095,2178,90343,2688,175438,California
Kern,2021-03-24,6997,263849,3508,115894,3017,138059,472,9896,3668,85918,3315,93658,4138,179576,California
Kern,2021-03-25,6630,270479,2883,118777,3418,141477,329,10225,3266,86164,3346,97004,3592,183168,California
Kern,2021-03-26,9595,280074,4152,122929,4189,145666,1254,11479,4749,87335,4830,101834,6001,189169,California
Kern,2021-03-27,5439,285513,3742,126671,1569,147235,128,11607,3302,88629,2135,103969,3429,192598,California
Kern,2021-03-28,4321,289834,3834,130505,473,147708,14,11621,2768,89859,1552,105521,2782,195380,California
Kern,2021-03-29,4200,294034,1635,132140,2287,149995,278,11899,2615,91175,1574,107095,2890,198270,California
Kern,2021-03-30,5518,299552,1825,133965,3308,153303,385,12284,3072,92188,2442,109537,3455,201725,California
Kern,2021-03-31,8111,307663,4280,138245,3186,156489,645,12929,4289,93309,3811,113348,4932,206657,California
Kern,2021-04-01,7596,315259,3635,141880,3664,160153,297,13226,4098,94216,3484,116832,4391,211048,California
Kern,2021-04-02,8130,323389,4185,146065,3342,163495,603,13829,4077,94853,4038,120870,4675,215723,California
Kern,2021-04-03,5674,329063,3385,149450,2107,165602,182,14011,2587,94540,3080,123950,2767,218490,California
Kern,2021-04-04,1327,330390,865,150315,378,165980,84,14095,546,94391,779,124729,630,219120,California
Kern,2021-04-05,5325,335715,2194,152509,2364,168344,767,14862,2885,95588,2431,127160,3628,222748,California
Kern,2021-04-06,6974,342689,2455,154964,3227,171571,1292,16154,3603,97130,3350,130510,4892,227640,California
Kern,2021-04-07,9230,351919,5356,160320,2919,174490,955,17109,4628,98126,4586,135096,5582,233222,California
Kern,2021-04-08,8542,360461,4710,165030,2932,177422,900,18009,3888,98278,4631,139727,4783,238005,California
Kern,2021-04-09,10088,370549,5090,170120,4017,181439,981,18990,4453,98097,5612,145339,5431,243436,California
Kern,2021-04-10,6517,377066,3423,173543,1855,183294,1239,20229,2292,97405,4216,149555,3524,246960,California
Kern,2021-04-11,3759,380825,2884,176427,358,183652,517,20746,1428,97027,2320,151875,1942,248902,California
Kern,2021-04-12,4360,385185,979,177406,2412,186064,969,21715,1563,96776,2781,154656,2530,251432,California
Kern,2021-04-13,4268,389453,1409,178815,2834,188898,25,21740,2124,96793,2133,156789,2150,253582,California
Kern,2021-04-14,6028,395481,2963,181778,3043,191941,22,21762,3070,96941,2943,159732,3091,256673,California
Kern,2021-04-15,5247,400728,2468,184246,2777,194718,2,21764,2528,96767,2704,162436,2530,259203,California
Kern,2021-04-16,7235,407963,3433,187679,3801,198519,1,21765,3079,95713,4135,166571,3081,262284,California
Kern,2021-04-17,5884,413847,3844,191523,2040,200559,0,21765,2247,94336,3625,170196,2248,264532,California
Kern,2021-04-18,3655,417502,3418,194941,237,200796,0,21765,1055,92798,2593,172789,1055,265587,California
Kern,2021-04-19,3796,421298,1723,196664,2072,202868,1,21766,1439,91899,2338,175127,1439,267026,California
Kern,2021-04-20,4297,425595,1537,198201,2759,205627,1,21767,1658,90931,2628,177755,1660,268686,California
Kern,2021-04-21,5852,431447,3122,201323,2725,208352,5,21772,2251,89604,3582,181337,2255,270941,California
Kern,2021-04-22,4776,436223,2308,203631,2468,210820,0,21772,1769,88389,2985,184322,1770,272711,California
Kern,2021-04-23,6041,442264,2939,206570,3101,213921,1,21773,1998,86379,4010,188332,2000,274711,California
Kern,2021-04-24,3929,446193,2730,209300,1189,215110,10,21783,1481,85437,2433,190765,1491,276202,California
Kern,2021-04-25,1341,447534,1063,210363,278,215388,0,21783,772,85645,564,191329,772,276974,California
Kern,2021-04-26,3646,451180,1749,212112,1845,217233,52,21835,1005,84072,2631,193960,1058,278032,California
Kern,2021-04-27,4497,455677,2182,214294,2214,219447,101,21936,1352,82390,3132,197092,1450,279482,California
Kern,2021-04-28,6246,461923,3673,217967,2450,221897,123,22059,1833,79942,4401,201493,1953,281435,California
Kern,2021-04-29,5500,467423,3057,221024,2343,224240,100,22159,1674,77911,3806,205299,1775,283210,California
Kern,2021-04-30,5568,472991,3119,224143,2291,226531,158,22317,1619,75752,3935,209234,1776,284986,California
Kern,2021-05-01,2567,475558,1796,225939,712,227243,59,22376,958,75165,1603,210837,1016,286002,California
Kern,2021-05-02,1885,477443,1601,227540,262,227505,22,22398,695,74697,1185,212022,717,286719,California
Kern,2021-05-03,2383,479826,946,228486,1307,228812,130,22528,732,73924,1637,213659,864,287583,California
Kern,2021-05-04,3491,483317,1234,229720,2148,230960,109,22637,1211,72977,2264,215923,1317,288900,California
Kern,2021-05-05,3859,487176,2106,231826,1607,232567,146,22783,1254,71787,2590,218513,1400,290300,California
Kern,2021-05-06,3213,490389,1561,233387,1524,234091,128,22911,997,70711,2200,220713,1124,291424,California
Kern,2021-05-07,3650,494039,2043,235430,1463,235554,144,23055,996,69213,2634,223347,1136,292560,California
Kern,2021-05-08,2166,496205,1494,236924,580,236134,92,23147,624,68396,1533,224880,716,293276,California
Kings,2020-12-16,1,1,1,1,0,0,0,0,1,1,0,0,1,1,California
Kings,2020-12-17,8,9,8,9,0,0,0,0,8,9,0,0,8,9,California
Kings,2020-12-18,12,21,12,21,0,0,0,0,12,21,0,0,12,21,California
Kings,2020-12-19,11,32,11,32,0,0,0,0,11,32,0,0,11,32,California
Kings,2020-12-20,13,45,13,45,0,0,0,0,13,45,0,0,13,45,California
Kings,2020-12-21,156,201,156,201,0,0,0,0,269,314,0,0,269,314,California
Kings,2020-12-22,143,344,143,344,0,0,0,0,140,454,0,0,140,454,California
Kings,2020-12-23,135,479,123,467,12,12,0,0,136,590,0,0,136,590,California
Kings,2020-12-24,11,490,9,476,2,14,0,0,11,601,0,0,11,601,California
Kings,2020-12-26,7,497,4,480,3,17,0,0,7,608,0,0,7,608,California
Kings,2020-12-27,4,501,4,484,0,17,0,0,4,612,0,0,4,612,California
Kings,2020-12-28,131,632,103,587,28,45,0,0,132,744,0,0,132,744,California
Kings,2020-12-29,78,710,51,638,27,72,0,0,79,823,0,0,79,823,California
Kings,2020-12-30,148,858,109,747,39,111,0,0,148,971,0,0,148,971,California
Kings,2020-12-31,45,903,6,753,39,150,0,0,45,1016,0,0,45,1016,California
Kings,2021-01-01,1,904,0,753,1,151,0,0,1,1017,0,0,1,1017,California
Kings,2021-01-02,10,914,9,762,1,152,0,0,10,1027,0,0,10,1027,California
Kings,2021-01-04,112,1026,42,804,70,222,0,0,112,1139,0,0,112,1139,California
Kings,2021-01-05,196,1222,39,843,157,379,0,0,196,1335,0,0,196,1335,California
Kings,2021-01-06,277,1499,178,1021,99,478,0,0,274,1606,3,3,274,1609,California
Kings,2021-01-07,178,1677,81,1102,97,575,0,0,170,1768,8,11,170,1779,California
Kings,2021-01-08,247,1924,54,1156,193,768,0,0,228,1977,19,30,228,2007,California
Kings,2021-01-09,63,1987,9,1165,54,822,0,0,55,2024,8,38,55,2062,California
Kings,2021-01-10,15,2002,3,1168,12,834,0,0,12,2033,3,41,12,2074,California
Kings,2021-01-11,518,2520,354,1522,164,998,0,0,276,2068,242,283,277,2351,California
Kings,2021-01-12,350,2870,253,1775,97,1095,0,0,216,2153,131,414,216,2567,California
Kings,2021-01-13,415,3285,268,2043,147,1242,0,0,323,2384,92,506,323,2890,California
Kings,2021-01-14,209,3494,31,2074,178,1420,0,0,199,2563,21,527,200,3090,California
Kings,2021-01-15,417,3911,29,2103,388,1808,0,0,405,2956,12,539,405,3495,California
Kings,2021-01-16,31,3942,12,2115,19,1827,0,0,30,2985,1,540,30,3525,California
Kings,2021-01-17,9,3951,6,2121,3,1830,0,0,7,2990,2,542,7,3532,California
Kings,2021-01-18,172,4123,40,2161,132,1962,0,0,146,3110,26,568,146,3678,California
Kings,2021-01-19,376,4499,158,2319,218,2180,0,0,248,3230,128,696,248,3926,California
Kings,2021-01-20,235,4734,144,2463,91,2271,0,0,125,3250,105,801,125,4051,California
Kings,2021-01-21,190,4924,35,2498,155,2426,0,0,174,3406,18,819,174,4225,California
Kings,2021-01-22,126,5050,40,2538,86,2512,0,0,126,3527,5,824,126,4351,California
Kings,2021-01-23,26,5076,14,2552,12,2524,0,0,20,3541,6,830,20,4371,California
Kings,2021-01-24,4,5080,4,2556,0,2524,0,0,2,3541,2,832,2,4373,California
Kings,2021-01-25,124,5204,26,2582,98,2622,0,0,90,3597,34,866,90,4463,California
Kings,2021-01-26,154,5358,35,2617,119,2741,0,0,115,3673,39,905,115,4578,California
Kings,2021-01-27,319,5677,34,2651,285,3026,0,0,249,3853,69,974,249,4827,California
Kings,2021-01-28,326,6003,46,2697,280,3306,0,0,271,4069,55,1029,271,5098,California
Kings,2021-01-29,86,6089,26,2723,60,3366,0,0,69,4121,17,1046,69,5167,California
Kings,2021-01-30,1556,7645,31,2754,1525,4891,0,0,1553,5673,3,1049,1555,6722,California
Kings,2021-02-01,199,7844,64,2818,135,5026,0,0,72,5620,125,1174,72,6794,California
Kings,2021-02-02,226,8070,14,2832,212,5238,0,0,82,5559,143,1317,82,6876,California
Kings,2021-02-03,357,8427,191,3023,166,5404,0,0,203,5609,153,1470,203,7079,California
Kings,2021-02-04,395,8822,98,3121,297,5701,0,0,198,5611,196,1666,198,7277,California
Kings,2021-02-05,256,9078,14,3135,242,5943,0,0,100,5557,154,1820,100,7377,California
Kings,2021-02-06,61,9139,10,3145,51,5994,0,0,28,5552,33,1853,28,7405,California
Kings,2021-02-07,5,9144,3,3148,2,5996,0,0,3,5553,2,1855,3,7408,California
Kings,2021-02-08,170,9314,29,3177,141,6137,0,0,68,5519,102,1957,68,7476,California
Kings,2021-02-09,253,9567,57,3234,196,6333,0,0,110,5488,141,2098,110,7586,California
Kings,2021-02-10,285,9852,112,3346,173,6506,0,0,169,5541,116,2214,169,7755,California
Kings,2021-02-11,430,10282,65,3411,365,6871,0,0,316,5744,113,2327,316,8071,California
Kings,2021-02-12,622,10904,36,3447,586,7457,0,0,347,5817,274,2601,347,8418,California
Kings,2021-02-13,104,11008,6,3453,98,7555,0,0,78,5869,26,2627,78,8496,California
Kings,2021-02-14,102,11110,4,3457,98,7653,0,0,94,5955,8,2635,94,8590,California
Kings,2021-02-15,246,11356,5,3462,241,7894,0,0,137,5984,108,2743,137,8727,California
Kings,2021-02-16,485,11841,33,3495,452,8346,0,0,250,6000,234,2977,250,8977,California
Kings,2021-02-17,379,12220,22,3517,357,8703,0,0,242,6106,137,3114,243,9220,California
Kings,2021-02-18,155,12375,23,3540,132,8835,0,0,98,6147,57,3171,98,9318,California
Kings,2021-02-19,158,12533,23,3563,135,8970,0,0,102,6196,53,3224,102,9420,California
Kings,2021-02-20,171,12704,40,3603,131,9101,0,0,134,6293,37,3261,134,9554,California
Kings,2021-02-21,3,12707,2,3605,1,9102,0,0,3,6296,0,3261,3,9557,California
Kings,2021-02-22,110,12817,19,3624,91,9193,0,0,51,6288,59,3320,51,9608,California
Kings,2021-02-23,296,13113,69,3693,227,9420,0,0,179,6350,117,3437,179,9787,California
Kings,2021-02-24,592,13705,154,3847,438,9858,0,0,380,6518,212,3649,380,10167,California
Kings,2021-02-25,666,14371,115,3962,551,10409,0,0,448,6750,216,3865,448,10615,California
Kings,2021-02-26,657,15028,129,4091,528,10937,0,0,594,7282,62,3927,594,11209,California
Kings,2021-02-27,1498,16526,62,4153,1436,12373,0,0,564,6913,933,4860,564,11773,California
Kings,2021-02-28,1172,17698,597,4750,575,12948,0,0,674,7092,495,5355,674,12447,California
Kings,2021-03-01,259,17957,79,4829,180,13128,0,0,214,7261,45,5400,214,12661,California
Kings,2021-03-02,474,18431,207,5036,267,13395,0,0,424,7636,50,5450,425,13086,California
Kings,2021-03-03,628,19059,304,5340,324,13719,0,0,439,7887,188,5638,439,13525,California
Kings,2021-03-04,718,19777,343,5683,375,14094,0,0,622,8414,96,5734,623,14148,California
Kings,2021-03-05,1058,20835,349,6032,700,14794,9,9,942,9250,116,5850,952,15100,California
Kings,2021-03-06,511,21346,184,6216,314,15108,13,22,481,9714,30,5880,494,15594,California
Kings,2021-03-07,366,21712,225,6441,137,15245,4,26,358,10068,8,5888,362,15956,California
Kings,2021-03-08,369,22081,96,6537,220,15465,53,79,261,10273,108,5996,313,16269,California
Kings,2021-03-09,523,22604,238,6775,230,15695,55,134,416,10639,106,6102,472,16741,California
Kings,2021-03-10,506,23110,125,6900,290,15985,91,225,322,10868,183,6285,412,17153,California
Kings,2021-03-11,1021,24131,305,7205,606,16591,110,335,616,11191,403,6688,726,17879,California
Kings,2021-03-12,1341,25472,424,7629,823,17414,94,429,940,11827,400,7088,1036,18915,California
Kings,2021-03-13,671,26143,332,7961,295,17709,44,473,545,12291,126,7214,590,19505,California
Kings,2021-03-14,671,26814,101,8062,184,17893,386,859,200,12406,471,7685,586,20091,California
Kings,2021-03-15,687,27501,250,8312,322,18215,115,974,451,12739,235,7920,568,20659,California
Kings,2021-03-16,1039,28540,438,8750,540,18755,61,1035,703,13167,336,8256,764,21423,California
Kings,2021-03-17,1089,29629,417,9167,611,19366,61,1096,770,13686,319,8575,838,22261,California
Kings,2021-03-18,1101,30730,467,9634,412,19778,222,1318,769,14349,331,8906,994,23255,California
Kings,2021-03-19,949,31679,468,10102,396,20174,85,1403,732,14962,217,9123,830,24085,California
Kings,2021-03-20,624,32303,255,10357,338,20512,31,1434,450,15278,172,9295,488,24573,California
Kings,2021-03-21,1400,33703,1085,11442,304,20816,11,1445,846,15581,554,9849,857,25430,California
Kings,2021-03-22,450,34153,203,11645,164,20980,83,1528,277,15772,173,10022,364,25794,California
Kings,2021-03-23,899,35052,493,12138,343,21323,63,1591,575,16091,322,10344,641,26435,California
Kings,2021-03-24,922,35974,478,12616,421,21744,23,1614,511,16218,409,10753,536,26971,California
Kings,2021-03-25,891,36865,445,13061,420,22164,26,1640,446,16247,443,11196,472,27443,California
Kings,2021-03-26,1281,38146,373,13434,823,22987,85,1725,529,16113,747,11943,613,28056,California
Kings,2021-03-27,616,38762,245,13679,359,23346,12,1737,169,15849,445,12388,181,28237,California
Kings,2021-03-28,548,39310,477,14156,64,23410,7,1744,342,16000,206,12594,357,28594,California
Kings,2021-03-29,456,39766,201,14357,195,23605,60,1804,250,16105,204,12798,309,28903,California
Kings,2021-03-30,842,40608,462,14819,342,23947,38,1842,422,16146,419,13217,460,29363,California
Kings,2021-03-31,724,41332,374,15193,286,24233,64,1906,415,16323,302,13519,479,29842,California
Kings,2021-04-01,754,42086,380,15573,294,24527,80,1986,342,16339,406,13925,422,30264,California
Kings,2021-04-02,982,43068,428,16001,432,24959,122,2108,388,16259,589,14514,509,30773,California
Kings,2021-04-03,473,43541,329,16330,136,25095,8,2116,161,16123,306,14820,170,30943,California
Kings,2021-04-04,156,43697,82,16412,68,25163,6,2122,43,16060,112,14932,49,30992,California
Kings,2021-04-05,1047,44744,323,16735,474,25637,250,2372,235,15733,811,15743,484,31476,California
Kings,2021-04-06,1180,45924,447,17182,426,26063,307,2679,289,15440,888,16631,595,32071,California
Kings,2021-04-07,1340,47264,640,17822,514,26577,186,2865,413,15115,924,17555,599,32670,California
Kings,2021-04-08,1593,48857,628,18450,714,27291,251,3116,363,14506,1223,18778,614,33284,California
Kings,2021-04-09,1106,49963,521,18971,410,27701,175,3291,238,14050,866,19644,410,33694,California
Kings,2021-04-10,592,50555,329,19300,161,27862,102,3393,180,13921,411,20055,282,33976,California
Kings,2021-04-11,327,50882,74,19374,247,28109,6,3399,195,13990,132,20187,201,34177,California
Kings,2021-04-12,697,51579,311,19685,186,28295,200,3599,190,13874,506,20693,390,34567,California
Kings,2021-04-13,881,52460,508,20193,373,28668,0,3599,282,13563,598,21291,287,34854,California
Kings,2021-04-14,1023,53483,565,20758,458,29126,0,3599,372,13285,651,21942,373,35227,California
Kings,2021-04-15,1048,54531,518,21276,529,29655,1,3600,468,13175,579,22521,469,35696,California
Kings,2021-04-16,764,55295,359,21635,405,30060,0,3600,266,12944,497,23018,266,35962,California
Kings,2021-04-17,455,55750,242,21877,213,30273,0,3600,198,12886,256,23274,198,36160,California
Kings,2021-04-18,550,56300,239,22116,311,30584,0,3600,70,12476,480,23754,70,36230,California
Kings,2021-04-19,523,56823,287,22403,236,30820,0,3600,284,12523,237,23991,284,36514,California
Kings,2021-04-20,729,57552,443,22846,286,31106,0,3600,243,12281,485,24476,243,36757,California
Kings,2021-04-21,633,58185,305,23151,328,31434,0,3600,219,12091,409,24885,219,36976,California
Kings,2021-04-22,550,58735,275,23426,275,31709,0,3600,201,11948,345,25230,202,37178,California
Kings,2021-04-23,660,59395,290,23716,370,32079,0,3600,328,11947,329,25559,328,37506,California
Kings,2021-04-24,244,59639,178,23894,65,32144,1,3601,120,11945,123,25682,121,37627,California
Kings,2021-04-25,195,59834,176,24070,19,32163,0,3601,159,12068,36,25718,159,37786,California
Kings,2021-04-26,286,60120,147,24217,136,32299,3,3604,180,12146,105,25823,183,37969,California
Kings,2021-04-27,395,60515,174,24391,202,32501,19,3623,164,12099,230,26053,183,38152,California
Kings,2021-04-28,503,61018,254,24645,229,32730,20,3643,263,12142,240,26293,283,38435,California
Kings,2021-04-29,284,61302,112,24757,161,32891,11,3654,133,12137,149,26442,144,38579,California
Kings,2021-04-30,359,61661,163,24920,179,33070,17,3671,150,12098,206,26648,167,38746,California
Kings,2021-05-01,228,61889,166,25086,52,33122,10,3681,73,12028,153,26801,83,38829,California
Kings,2021-05-02,167,62056,145,25231,22,33144,0,3681,126,12113,41,26842,126,38955,California
Kings,2021-05-03,472,62528,254,25485,204,33348,14,3695,123,11902,348,27190,137,39092,California
Kings,2021-05-04,511,63039,258,25743,232,33580,21,3716,161,11735,349,27539,182,39274,California
Kings,2021-05-05,533,63572,277,26020,233,33813,23,3739,136,11497,397,27936,159,39433,California
Kings,2021-05-06,533,64105,267,26287,243,34056,23,3762,123,11235,408,28344,146,39579,California
Kings,2021-05-07,267,64372,140,26427,118,34174,9,3771,120,11219,145,28489,129,39708,California
Kings,2021-05-08,103,64475,66,26493,34,34208,3,3774,30,11179,73,28562,33,39741,California
Lake,2020-12-17,4,4,4,4,0,0,0,0,4,4,0,0,4,4,California
Lake,2020-12-18,51,55,51,55,0,0,0,0,51,55,0,0,51,55,California
Lake,2020-12-19,3,58,3,58,0,0,0,0,3,58,0,0,3,58,California
Lake,2020-12-20,6,64,6,64,0,0,0,0,6,64,0,0,6,64,California
Lake,2020-12-21,86,150,86,150,0,0,0,0,86,150,0,0,86,150,California
Lake,2020-12-22,63,213,60,210,3,3,0,0,63,213,0,0,63,213,California
Lake,2020-12-23,123,336,114,324,9,12,0,0,123,336,0,0,123,336,California
Lake,2020-12-24,2,338,0,324,2,14,0,0,2,338,0,0,2,338,California
Lake,2020-12-26,2,340,2,326,0,14,0,0,2,340,0,0,2,340,California
Lake,2020-12-27,2,342,2,328,0,14,0,0,2,342,0,0,2,342,California
Lake,2020-12-28,52,394,43,371,9,23,0,0,52,394,0,0,52,394,California
Lake,2020-12-29,50,444,45,416,5,28,0,0,50,444,0,0,50,444,California
Lake,2020-12-30,125,569,118,534,7,35,0,0,125,569,0,0,125,569,California
Lake,2020-12-31,67,636,64,598,3,38,0,0,67,636,0,0,67,636,California
Lake,2021-01-01,1,637,0,598,1,39,0,0,1,637,0,0,1,637,California
Lake,2021-01-02,2,639,1,599,1,40,0,0,2,639,0,0,2,639,California
Lake,2021-01-04,87,726,21,620,66,106,0,0,87,726,0,0,87,726,California
Lake,2021-01-05,120,846,59,679,61,167,0,0,118,842,2,2,118,844,California
Lake,2021-01-06,105,951,65,744,40,207,0,0,103,943,2,4,103,947,California
Lake,2021-01-07,107,1058,84,828,23,230,0,0,98,1032,9,13,98,1045,California
Lake,2021-01-08,152,1210,124,952,28,258,0,0,100,1080,52,65,100,1145,California
Lake,2021-01-09,63,1273,61,1013,2,260,0,0,59,1135,4,69,59,1204,California
Lake,2021-01-10,3,1276,3,1016,0,260,0,0,0,1132,3,72,0,1204,California
Lake,2021-01-11,192,1468,151,1167,41,301,0,0,112,1164,80,152,112,1316,California
Lake,2021-01-12,81,1549,48,1215,33,334,0,0,57,1197,24,176,57,1373,California
Lake,2021-01-13,164,1713,112,1327,52,386,0,0,107,1247,57,233,107,1480,California
Lake,2021-01-14,147,1860,46,1373,101,487,0,0,125,1350,22,255,125,1605,California
Lake,2021-01-15,215,2075,92,1465,123,610,0,0,188,1511,27,282,188,1793,California
Lake,2021-01-16,134,2209,81,1546,53,663,0,0,132,1641,2,284,132,1925,California
Lake,2021-01-17,18,2227,6,1552,12,675,0,0,12,1647,6,290,12,1937,California
Lake,2021-01-18,246,2473,226,1778,20,695,0,0,126,1653,120,410,126,2063,California
Lake,2021-01-19,311,2784,117,1895,194,889,0,0,266,1875,45,455,267,2330,California
Lake,2021-01-20,422,3206,80,1975,342,1231,0,0,358,2170,63,518,358,2688,California
Lake,2021-01-21,433,3639,49,2024,384,1615,0,0,398,2533,35,553,398,3086,California
Lake,2021-01-22,318,3957,46,2070,272,1887,0,0,282,2779,36,589,282,3368,California
Lake,2021-01-23,122,4079,5,2075,117,2004,0,0,121,2899,1,590,121,3489,California
Lake,2021-01-24,5,4084,2,2077,3,2007,0,0,5,2904,0,590,5,3494,California
Lake,2021-01-25,257,4341,95,2172,162,2169,0,0,176,2999,81,671,176,3670,California
Lake,2021-01-26,428,4769,36,2208,392,2561,0,0,405,3381,23,694,405,4075,California
Lake,2021-01-27,359,5128,41,2249,318,2879,0,0,331,3685,28,722,332,4407,California
Lake,2021-01-28,498,5626,161,2410,337,3216,0,0,369,3925,129,851,369,4776,California
Lake,2021-01-29,636,6262,83,2493,553,3769,0,0,576,4441,60,911,576,5352,California
Lake,2021-01-30,555,6817,44,2537,511,4280,0,0,549,4984,6,917,549,5901,California
Lake,2021-01-31,14,6831,8,2545,6,4286,0,0,12,4994,2,919,12,5913,California
Lake,2021-02-01,179,7010,18,2563,161,4447,0,0,166,5147,13,932,166,6079,California
Lake,2021-02-02,564,7574,151,2714,413,4860,0,0,398,5379,166,1098,398,6477,California
Lake,2021-02-03,445,8019,33,2747,412,5272,0,0,340,5614,105,1203,340,6817,California
Lake,2021-02-04,120,8139,69,2816,51,5323,0,0,73,5640,47,1250,73,6890,California
Lake,2021-02-05,379,8518,70,2886,309,5632,0,0,288,5839,89,1339,288,7178,California
Lake,2021-02-06,276,8794,41,2927,235,5867,0,0,265,6093,11,1350,265,7443,California
Lake,2021-02-07,2,8796,1,2928,1,5868,0,0,2,6095,0,1350,2,7445,California
Lake,2021-02-08,278,9074,206,3134,72,5940,0,0,159,6135,119,1469,159,7604,California
Lake,2021-02-09,345,9419,25,3159,320,6260,0,0,301,6393,43,1512,301,7905,California
Lake,2021-02-10,351,9770,54,3213,297,6557,0,0,274,6590,77,1589,274,8179,California
Lake,2021-02-11,169,9939,18,3231,151,6708,0,0,56,6533,113,1702,56,8235,California
Lake,2021-02-12,376,10315,29,3260,347,7055,0,0,289,6736,86,1788,289,8524,California
Lake,2021-02-13,246,10561,7,3267,239,7294,0,0,235,6960,11,1799,235,8759,California
Lake,2021-02-14,20,10581,5,3272,15,7309,0,0,6,6952,14,1813,6,8765,California
Lake,2021-02-15,172,10753,13,3285,159,7468,0,0,8,6797,163,1976,8,8773,California
Lake,2021-02-16,423,11176,23,3308,400,7868,0,0,176,6726,247,2223,176,8949,California
Lake,2021-02-17,351,11527,54,3362,297,8165,0,0,70,6516,280,2503,70,9019,California
Lake,2021-02-18,458,11985,69,3431,389,8554,0,0,114,6286,344,2847,114,9133,California
Lake,2021-02-19,418,12403,25,3456,393,8947,0,0,93,6054,325,3172,93,9226,California
Lake,2021-02-20,294,12697,60,3516,234,9181,0,0,251,6263,42,3214,251,9477,California
Lake,2021-02-21,6,12703,6,3522,0,9181,0,0,0,6257,6,3220,0,9477,California
Lake,2021-02-22,140,12843,23,3545,117,9298,0,0,43,6203,97,3317,43,9520,California
Lake,2021-02-23,213,13056,14,3559,199,9497,0,0,28,6046,185,3502,28,9548,California
Lake,2021-02-24,955,14011,377,3936,578,10075,0,0,416,5924,538,4040,416,9964,California
Lake,2021-02-25,731,14742,464,4400,267,10342,0,0,472,6139,257,4297,472,10436,California
Lake,2021-02-26,995,15737,304,4704,691,11033,0,0,350,5847,642,4939,350,10786,California
Lake,2021-02-27,411,16148,98,4802,313,11346,0,0,328,6092,83,5022,328,11114,California
Lake,2021-02-28,18,16166,12,4814,6,11352,0,0,10,6094,8,5030,10,11124,California
Lake,2021-03-01,596,16762,53,4867,543,11895,0,0,443,6384,153,5183,443,11567,California
Lake,2021-03-02,745,17507,18,4885,727,12622,0,0,290,6218,456,5639,290,11857,California
Lake,2021-03-03,359,17866,196,5081,163,12785,0,0,135,6129,224,5863,135,11992,California
Lake,2021-03-04,578,18444,510,5591,68,12853,0,0,562,6675,16,5879,562,12554,California
Lake,2021-03-05,1037,19481,40,5631,997,13850,0,0,174,5990,859,6738,174,12728,California
Lake,2021-03-06,34,19515,9,5640,24,13874,1,1,21,5999,13,6751,22,12750,California
Lake,2021-03-07,7,19522,5,5645,2,13876,0,1,4,6000,3,6754,4,12754,California
Lake,2021-03-08,339,19861,267,5912,63,13939,9,10,299,6268,40,6794,308,13062,California
Lake,2021-03-09,915,20776,29,5941,869,14808,17,27,393,6157,521,7315,410,13472,California
Lake,2021-03-10,203,20979,60,6001,130,14938,13,40,135,6237,68,7383,148,13620,California
Lake,2021-03-11,583,21562,47,6048,62,15000,474,514,48,6224,535,7918,522,14142,California
Lake,2021-03-12,853,22415,203,6251,626,15626,24,538,363,6122,489,8407,387,14529,California
Lake,2021-03-13,277,22692,21,6272,20,15646,236,774,16,6113,260,8667,251,14780,California
Lake,2021-03-14,11,22703,2,6274,9,15655,0,774,7,6116,4,8671,7,14787,California
Lake,2021-03-15,642,23345,14,6288,611,16266,17,791,483,6457,159,8830,500,15287,California
Lake,2021-03-16,1113,24458,834,7122,262,16528,17,808,446,6256,663,9493,462,15749,California
Lake,2021-03-17,246,24704,121,7243,103,16631,22,830,90,6212,156,9649,112,15861,California
Lake,2021-03-18,748,25452,373,7616,338,16969,37,867,372,6245,375,10024,408,16269,California
Lake,2021-03-19,580,26032,313,7929,247,17216,20,887,473,6632,106,10130,493,16762,California
Lake,2021-03-20,248,26280,8,7937,237,17453,3,890,29,6447,217,10347,32,16794,California
Lake,2021-03-21,16,26296,11,7948,4,17457,1,891,11,6454,5,10352,12,16806,California
Lake,2021-03-22,324,26620,244,8192,66,17523,14,905,238,6620,86,10438,252,17058,California
Lake,2021-03-23,417,27037,19,8211,385,17908,13,918,353,6923,63,10501,366,17424,California
Lake,2021-03-24,413,27450,61,8272,344,18252,8,926,317,7154,95,10596,326,17750,California
Lake,2021-03-25,659,28109,470,8742,183,18435,6,932,174,6849,485,11081,180,17930,California
Lake,2021-03-26,69,28178,33,8775,35,18470,1,933,45,6871,24,11105,46,17976,California
Lake,2021-03-27,309,28487,7,8782,299,18769,3,936,17,6601,290,11395,20,17996,California
Lake,2021-03-28,17,28504,8,8790,9,18778,0,936,11,6606,6,11401,11,18007,California
Lake,2021-03-29,899,29403,268,9058,629,19407,2,938,193,6097,704,12105,195,18202,California
Lake,2021-03-30,453,29856,304,9362,147,19554,2,940,367,6381,85,12190,369,18571,California
Lake,2021-03-31,583,30439,60,9422,523,20077,0,940,418,6642,157,12347,418,18989,California
Lake,2021-04-01,422,30861,219,9641,191,20268,12,952,177,6589,242,12589,189,19178,California
Lake,2021-04-02,220,31081,40,9681,152,20420,28,980,97,6591,123,12712,125,19303,California
Lake,2021-04-03,30,31111,6,9687,21,20441,3,983,11,6586,19,12731,14,19317,California
Lake,2021-04-04,20,31131,11,9698,7,20448,2,985,15,6598,5,12736,17,19334,California
Lake,2021-04-05,638,31769,70,9768,549,20997,19,1004,399,6779,236,12972,417,19751,California
Lake,2021-04-06,473,32242,16,9784,431,21428,26,1030,300,6933,172,13144,326,20077,California
Lake,2021-04-07,512,32754,50,9834,411,21839,51,1081,345,7164,165,13309,396,20473,California
Lake,2021-04-08,599,33353,486,10320,46,21885,67,1148,103,6841,493,13802,170,20643,California
Lake,2021-04-09,279,33632,39,10359,171,22056,69,1217,45,6724,231,14033,114,20757,California
Lake,2021-04-10,253,33885,15,10374,14,22070,224,1441,11,6717,242,14275,235,20992,California
Lake,2021-04-11,22,33907,17,10391,3,22073,2,1443,7,6711,15,14290,9,21001,California
Lake,2021-04-12,1068,34975,231,10622,804,22877,33,1476,248,6173,819,15109,281,21282,California
Lake,2021-04-13,180,35155,110,10732,70,22947,0,1476,54,6101,126,15235,54,21336,California
Lake,2021-04-14,608,35763,37,10769,571,23518,0,1476,547,6587,61,15296,547,21883,California
Lake,2021-04-15,640,36403,193,10962,447,23965,0,1476,332,6611,308,15604,332,22215,California
Lake,2021-04-16,259,36662,25,10987,233,24198,1,1477,69,6492,189,15793,70,22285,California
Lake,2021-04-17,39,36701,11,10998,28,24226,0,1477,29,6511,10,15803,29,22314,California
Lake,2021-04-18,8,36709,5,11003,3,24229,0,1477,0,6503,8,15811,0,22314,California
Lake,2021-04-19,295,37004,39,11042,256,24485,0,1477,245,6698,50,15861,245,22559,California
Lake,2021-04-20,692,37696,278,11320,414,24899,0,1477,113,6234,578,16439,114,22673,California
Lake,2021-04-21,532,38228,64,11384,468,25367,0,1477,204,6110,328,16767,204,22877,California
Lake,2021-04-22,461,38689,50,11434,411,25778,0,1477,314,6278,146,16913,314,23191,California
Lake,2021-04-23,113,38802,57,11491,56,25834,0,1477,67,6299,46,16959,67,23258,California
Lake,2021-04-24,53,38855,9,11500,44,25878,0,1477,39,6324,14,16973,39,23297,California
Lake,2021-04-25,36,38891,19,11519,17,25895,0,1477,23,6334,13,16986,23,23320,California
Lake,2021-04-26,277,39168,74,11593,202,26097,1,1478,80,6218,197,17183,81,23401,California
Lake,2021-04-27,238,39406,21,11614,199,26296,18,1496,80,6158,158,17341,98,23499,California
Lake,2021-04-28,506,39912,46,11660,445,26741,15,1511,118,5904,386,17727,132,23631,California
Lake,2021-04-29,210,40122,81,11741,113,26854,16,1527,117,5944,93,17820,133,23764,California
Lake,2021-04-30,277,40399,46,11787,204,27058,27,1554,142,5978,135,17955,169,23933,California
Lake,2021-05-01,47,40446,26,11813,19,27077,2,1556,33,5999,14,17969,35,23968,California
Lake,2021-05-02,18,40464,9,11822,8,27085,1,1557,9,6000,9,17978,10,23978,California
Lake,2021-05-03,410,40874,27,11849,347,27432,36,1593,64,5755,345,18323,100,24078,California
Lake,2021-05-04,393,41267,217,12066,130,27562,46,1639,124,5657,268,18591,170,24248,California
Lake,2021-05-05,625,41892,49,12115,568,28130,8,1647,87,5215,536,19127,94,24342,California
Lake,2021-05-06,124,42016,20,12135,76,28206,28,1675,68,5254,56,19183,95,24437,California
Lake,2021-05-07,127,42143,22,12157,91,28297,14,1689,84,5311,41,19224,98,24535,California
Lake,2021-05-08,13,42156,5,12162,7,28304,1,1690,7,5313,6,19230,8,24543,California
Lassen,2020-12-16,8,8,8,8,0,0,0,0,8,8,0,0,8,8,California
Lassen,2020-12-17,6,14,6,14,0,0,0,0,6,14,0,0,6,14,California
Lassen,2020-12-18,1,15,1,15,0,0,0,0,1,15,0,0,1,15,California
Lassen,2020-12-19,5,20,5,20,0,0,0,0,5,20,0,0,5,20,California
Lassen,2020-12-20,2,22,2,22,0,0,0,0,2,22,0,0,2,22,California
Lassen,2020-12-21,11,33,11,33,0,0,0,0,11,33,0,0,11,33,California
Lassen,2020-12-22,23,56,23,56,0,0,0,0,23,56,0,0,23,56,California
Lassen,2020-12-23,6,62,6,62,0,0,0,0,6,62,0,0,6,62,California
Lassen,2020-12-24,11,73,11,73,0,0,0,0,11,73,0,0,11,73,California
Lassen,2020-12-28,3,76,2,75,1,1,0,0,3,76,0,0,3,76,California
Lassen,2020-12-29,35,111,35,110,0,1,0,0,35,111,0,0,35,111,California
Lassen,2020-12-30,37,148,36,146,1,2,0,0,37,148,0,0,37,148,California
Lassen,2020-12-31,49,197,42,188,7,9,0,0,49,197,0,0,49,197,California
Lassen,2021-01-02,1,198,0,188,1,10,0,0,1,198,0,0,1,198,California
Lassen,2021-01-04,15,213,1,189,14,24,0,0,15,213,0,0,15,213,California
Lassen,2021-01-05,194,407,53,242,141,165,0,0,194,407,0,0,194,407,California
Lassen,2021-01-06,95,502,44,286,51,216,0,0,87,487,8,8,88,495,California
Lassen,2021-01-07,43,545,7,293,36,252,0,0,37,518,6,14,37,532,California
Lassen,2021-01-08,50,595,2,295,48,300,0,0,50,568,0,14,50,582,California
Lassen,2021-01-09,12,607,6,301,6,306,0,0,12,580,0,14,12,594,California
Lassen,2021-01-11,27,634,5,306,22,328,0,0,27,607,0,14,27,621,California
Lassen,2021-01-12,49,683,29,335,20,348,0,0,30,618,19,33,30,651,California
Lassen,2021-01-13,161,844,18,353,143,491,0,0,146,749,15,48,146,797,California
Lassen,2021-01-14,163,1007,18,371,145,636,0,0,151,888,12,60,151,948,California
Lassen,2021-01-15,33,1040,6,377,27,663,0,0,33,921,0,60,33,981,California
Lassen,2021-01-16,34,1074,33,410,1,664,0,0,34,955,0,60,34,1015,California
Lassen,2021-01-17,1,1075,0,410,1,665,0,0,1,956,0,60,1,1016,California
Lassen,2021-01-18,5,1080,2,412,3,668,0,0,4,959,1,61,4,1020,California
Lassen,2021-01-19,185,1265,36,448,149,817,0,0,157,1088,28,89,157,1177,California
Lassen,2021-01-20,189,1454,101,549,88,905,0,0,105,1124,69,158,105,1282,California
Lassen,2021-01-21,145,1599,93,642,52,957,0,0,121,1227,18,176,121,1403,California
Lassen,2021-01-22,31,1630,18,660,13,970,0,0,21,1238,10,186,21,1424,California
Lassen,2021-01-23,2,1632,0,660,2,972,0,0,2,1240,0,186,2,1426,California
Lassen,2021-01-24,1,1633,0,660,1,973,0,0,1,1241,0,186,1,1427,California
Lassen,2021-01-25,11,1644,0,660,11,984,0,0,11,1252,0,186,11,1438,California
Lassen,2021-01-26,126,1770,12,672,114,1098,0,0,122,1370,4,190,122,1560,California
Lassen,2021-01-27,87,1857,35,707,52,1150,0,0,69,1421,18,208,69,1629,California
Lassen,2021-01-28,86,1943,15,722,71,1221,0,0,85,1505,1,209,85,1714,California
Lassen,2021-01-29,23,1966,7,729,16,1237,0,0,22,1526,1,210,22,1736,California
Lassen,2021-02-01,62,2028,4,733,58,1295,0,0,36,1536,26,236,36,1772,California
Lassen,2021-02-02,177,2205,12,745,165,1460,0,0,44,1447,133,369,44,1816,California
Lassen,2021-02-03,96,2301,21,766,75,1535,0,0,51,1453,45,414,51,1867,California
Lassen,2021-02-04,112,2413,15,781,97,1632,0,0,63,1467,49,463,63,1930,California
Lassen,2021-02-05,65,2478,12,793,53,1685,0,0,23,1448,42,505,23,1953,California
Lassen,2021-02-06,69,2547,34,827,35,1720,0,0,36,1452,32,537,36,1989,California
Lassen,2021-02-07,2,2549,2,829,0,1720,0,0,2,1454,0,537,2,1991,California
Lassen,2021-02-08,43,2592,4,833,39,1759,0,0,18,1447,25,562,18,2009,California
Lassen,2021-02-09,129,2721,8,841,121,1880,0,0,50,1418,79,641,50,2059,California
Lassen,2021-02-10,183,2904,21,862,162,2042,0,0,75,1385,108,749,75,2134,California
Lassen,2021-02-11,184,3088,16,878,168,2210,0,0,80,1362,103,852,80,2214,California
Lassen,2021-02-12,42,3130,11,889,31,2241,0,0,14,1348,28,880,14,2228,California
Lassen,2021-02-13,12,3142,3,892,9,2250,0,0,10,1356,2,882,10,2238,California
Lassen,2021-02-14,13,3155,0,892,13,2263,0,0,12,1367,1,883,12,2250,California
Lassen,2021-02-15,21,3176,2,894,19,2282,0,0,17,1380,4,887,17,2267,California
Lassen,2021-02-16,192,3368,4,898,188,2470,0,0,31,1252,159,1046,31,2298,California
Lassen,2021-02-17,183,3551,94,992,89,2559,0,0,10,1089,173,1219,10,2308,California
Lassen,2021-02-18,80,3631,22,1014,58,2617,0,0,20,1049,60,1279,20,2328,California
Lassen,2021-02-19,82,3713,62,1076,20,2637,0,0,18,1003,64,1343,18,2346,California
Lassen,2021-02-20,8,3721,0,1076,8,2645,0,0,6,1007,2,1345,6,2352,California
Lassen,2021-02-21,22,3743,2,1078,20,2665,0,0,18,1021,4,1349,18,2370,California
Lassen,2021-02-22,25,3768,10,1088,15,2680,0,0,6,1008,19,1368,6,2376,California
Lassen,2021-02-23,153,3921,10,1098,143,2823,0,0,41,937,112,1480,41,2417,California
Lassen,2021-02-24,165,4086,16,1114,149,2972,0,0,107,987,57,1537,107,2524,California
Lassen,2021-02-25,156,4242,19,1133,137,3109,0,0,99,1029,57,1594,99,2623,California
Lassen,2021-02-26,73,4315,16,1149,57,3166,0,0,36,1028,37,1631,36,2659,California
Lassen,2021-02-27,8,4323,7,1156,1,3167,0,0,3,1026,5,1636,3,2662,California
Lassen,2021-02-28,6,4329,1,1157,5,3172,0,0,3,1026,3,1639,3,2665,California
Lassen,2021-03-01,41,4370,4,1161,37,3209,0,0,8,1001,33,1672,8,2673,California
Lassen,2021-03-02,106,4476,8,1169,98,3307,0,0,80,1055,26,1698,80,2753,California
Lassen,2021-03-03,170,4646,12,1181,158,3465,0,0,113,1111,57,1755,113,2866,California
Lassen,2021-03-04,150,4796,17,1198,133,3598,0,0,100,1162,49,1804,100,2966,California
Lassen,2021-03-05,47,4843,7,1205,17,3615,23,23,11,1160,36,1840,34,3000,California
Lassen,2021-03-06,55,4898,4,1209,29,3644,22,45,5,1137,50,1890,27,3027,California
Lassen,2021-03-07,56,4954,1,1210,0,3644,55,100,1,1138,55,1945,56,3083,California
Lassen,2021-03-08,90,5044,2,1212,8,3652,80,180,3,1135,86,2031,83,3166,California
Lassen,2021-03-09,137,5181,11,1223,109,3761,17,197,88,1192,49,2080,106,3272,California
Lassen,2021-03-10,174,5355,10,1233,162,3923,2,199,79,1179,94,2174,81,3353,California
Lassen,2021-03-11,185,5540,16,1249,162,4085,7,206,113,1230,69,2243,120,3473,California
Lassen,2021-03-12,35,5575,18,1267,13,4098,4,210,12,1223,23,2266,16,3489,California
Lassen,2021-03-13,49,5624,0,1267,3,4101,46,256,1,1221,48,2314,46,3535,California
Lassen,2021-03-14,14,5638,2,1269,11,4112,1,257,2,1212,12,2326,3,3538,California
Lassen,2021-03-15,33,5671,2,1271,31,4143,0,257,16,1211,17,2343,16,3554,California
Lassen,2021-03-16,93,5764,2,1273,85,4228,6,263,74,1272,19,2362,80,3634,California
Lassen,2021-03-17,1083,6847,9,1282,1069,5297,5,268,1064,2322,19,2381,1069,4703,California
Lassen,2021-03-18,95,6942,9,1291,85,5382,1,269,81,2390,14,2395,82,4785,California
Lassen,2021-03-19,17,6959,11,1302,2,5384,4,273,7,2391,10,2405,11,4796,California
Lassen,2021-03-20,29,6988,3,1305,23,5407,3,276,22,2409,7,2412,25,4821,California
Lassen,2021-03-21,34,7022,0,1305,34,5441,0,276,14,2404,19,2431,14,4835,California
Lassen,2021-03-22,57,7079,1,1306,56,5497,0,276,54,2455,3,2434,54,4889,California
Lassen,2021-03-23,119,7198,11,1317,107,5604,1,277,67,2471,52,2486,68,4957,California
Lassen,2021-03-24,213,7411,13,1330,199,5803,1,278,107,2474,105,2591,108,5065,California
Lassen,2021-03-25,153,7564,22,1352,131,5934,0,278,70,2461,83,2674,70,5135,California
Lassen,2021-03-26,78,7642,13,1365,26,5960,39,317,19,2460,58,2732,57,5192,California
Lassen,2021-03-27,20,7662,4,1369,1,5961,15,332,3,2461,17,2749,18,5210,California
Lassen,2021-03-28,18,7680,3,1372,5,5966,10,342,4,2461,14,2763,14,5224,California
Lassen,2021-03-29,52,7732,0,1372,27,5993,25,367,20,2475,31,2794,45,5269,California
Lassen,2021-03-30,198,7930,10,1382,163,6156,25,392,51,2404,147,2941,76,5345,California
Lassen,2021-03-31,146,8076,12,1394,112,6268,22,414,62,2404,84,3025,84,5429,California
Lassen,2021-04-01,165,8241,15,1409,131,6399,19,433,48,2355,116,3141,67,5496,California
Lassen,2021-04-02,29,8270,4,1413,3,6402,22,455,2,2352,27,3168,24,5520,California
Lassen,2021-04-03,12,8282,0,1413,2,6404,10,465,0,2350,12,3180,10,5530,California
Lassen,2021-04-04,7,8289,2,1415,0,6404,5,470,1,2350,6,3186,6,5536,California
Lassen,2021-04-05,23,8312,4,1419,12,6416,7,477,11,2357,11,3197,18,5554,California
Lassen,2021-04-06,184,8496,9,1428,145,6561,30,507,53,2309,131,3328,83,5637,California
Lassen,2021-04-07,135,8631,6,1434,92,6653,37,544,32,2277,103,3431,71,5708,California
Lassen,2021-04-08,170,8801,9,1443,105,6758,56,600,34,2235,132,3563,90,5798,California
Lassen,2021-04-09,52,8853,6,1449,11,6769,35,635,9,2236,42,3605,43,5841,California
Lassen,2021-04-10,9,8862,0,1449,2,6771,7,642,0,2235,8,3613,7,5848,California
Lassen,2021-04-11,5,8867,2,1451,0,6771,3,645,2,2237,3,3616,5,5853,California
Lassen,2021-04-12,30,8897,2,1453,15,6786,13,658,2,2224,28,3644,15,5868,California
Lassen,2021-04-13,129,9026,6,1459,123,6909,0,658,40,2176,88,3732,40,5908,California
Lassen,2021-04-14,987,10013,16,1475,971,7880,0,658,51,1292,935,4667,51,5959,California
Lassen,2021-04-15,147,10160,14,1489,133,8013,0,658,19,1183,128,4795,19,5978,California
Lassen,2021-04-16,11,10171,4,1493,7,8020,0,658,5,1182,6,4801,5,5983,California
Lassen,2021-04-17,24,10195,3,1496,21,8041,0,658,4,1166,20,4821,4,5987,California
Lassen,2021-04-18,5,10200,2,1498,3,8044,0,658,2,1165,3,4824,2,5989,California
Lassen,2021-04-19,33,10233,0,1498,33,8077,0,658,17,1166,16,4840,17,6006,California
Lassen,2021-04-20,138,10371,7,1505,131,8208,0,658,52,1132,86,4926,52,6058,California
Lassen,2021-04-21,163,10534,10,1515,153,8361,0,658,32,1035,129,5055,32,6090,California
Lassen,2021-04-22,102,10636,16,1531,86,8447,0,658,33,999,69,5124,33,6123,California
Lassen,2021-04-23,28,10664,3,1534,25,8472,0,658,22,1015,6,5130,22,6145,California
Lassen,2021-04-24,10,10674,6,1540,4,8476,0,658,4,1013,6,5136,4,6149,California
Lassen,2021-04-25,5,10679,0,1540,4,8480,1,659,3,1015,2,5138,4,6153,California
Lassen,2021-04-26,40,10719,1,1541,35,8515,4,663,7,993,33,5171,11,6164,California
Lassen,2021-04-27,121,10840,10,1551,108,8623,3,666,69,1013,52,5223,72,6236,California
Lassen,2021-04-28,84,10924,8,1559,74,8697,2,668,31,993,53,5276,33,6269,California
Lassen,2021-04-29,67,10991,7,1566,57,8754,3,671,22,974,44,5320,25,6294,California
Lassen,2021-04-30,11,11002,7,1573,1,8755,3,674,3,972,8,5328,6,6300,California
Lassen,2021-05-01,3,11005,0,1573,2,8757,1,675,2,974,1,5329,3,6303,California
Lassen,2021-05-02,12,11017,8,1581,4,8761,0,675,8,978,4,5333,8,6311,California
Lassen,2021-05-03,18,11035,1,1582,11,8772,6,681,4,974,14,5347,10,6321,California
Lassen,2021-05-04,74,11109,3,1585,63,8835,8,689,23,954,51,5398,31,6352,California
Lassen,2021-05-05,79,11188,4,1589,65,8900,10,699,24,934,54,5452,34,6386,California
Lassen,2021-05-06,85,11273,20,1609,43,8943,22,721,23,917,62,5514,45,6431,California
Lassen,2021-05-07,16,11289,4,1613,8,8951,4,725,10,925,6,5520,14,6445,California
Lassen,2021-05-08,5,11294,0,1613,3,8954,2,727,2,926,3,5523,4,6449,California
Los Angeles,2020-12-15,392,392,392,392,0,0,0,0,392,392,0,0,392,392,California
Los Angeles,2020-12-16,3364,3756,3364,3756,0,0,0,0,3364,3756,0,0,3364,3756,California
Los Angeles,2020-12-17,10233,13989,10233,13989,0,0,0,0,10234,13990,0,0,10234,13990,California
Los Angeles,2020-12-18,14519,28508,14495,28484,24,24,0,0,14519,28509,0,0,14519,28509,California
Los Angeles,2020-12-19,7225,35733,7217,35701,8,32,0,0,7226,35735,0,0,7226,35735,California
Los Angeles,2020-12-20,4593,40326,4586,40287,7,39,0,0,4595,40330,0,0,4595,40330,California
Los Angeles,2020-12-21,13690,54016,13675,53962,15,54,0,0,13690,54019,1,1,13690,54020,California
Los Angeles,2020-12-22,11524,65540,11144,65106,380,434,0,0,11525,65543,1,2,11525,65545,California
Los Angeles,2020-12-23,11885,77425,10130,75236,1755,2189,0,0,11886,77429,0,2,11886,77431,California
Los Angeles,2020-12-24,7019,84444,4252,79488,2767,4956,0,0,7022,84451,0,2,7022,84453,California
Los Angeles,2020-12-25,525,84969,419,79907,106,5062,0,0,525,84976,0,2,525,84978,California
Los Angeles,2020-12-26,2523,87492,2179,82086,344,5406,0,0,2523,87498,1,3,2523,87501,California
Los Angeles,2020-12-27,1756,89248,1027,83113,729,6135,0,0,1756,89254,0,3,1756,89257,California
Los Angeles,2020-12-28,10283,99531,6380,89493,3903,10038,0,0,10281,99534,1,4,10281,99538,California
Los Angeles,2020-12-29,11596,111127,6076,95569,5520,15558,0,0,11598,111132,0,4,11598,111136,California
Los Angeles,2020-12-30,14862,125989,8086,103655,6776,22334,0,0,14861,125993,0,4,14861,125997,California
Los Angeles,2020-12-31,7930,133919,2754,106409,5176,27510,0,0,7927,133918,2,6,7927,133924,California
Los Angeles,2021-01-01,999,134918,270,106679,729,28239,0,0,999,134917,0,6,999,134923,California
Los Angeles,2021-01-02,4462,139380,1657,108336,2805,31044,0,0,4462,139379,0,6,4462,139385,California
Los Angeles,2021-01-03,946,140326,211,108547,735,31779,0,0,945,140323,1,7,945,140330,California
Los Angeles,2021-01-04,12705,153031,4882,113429,7823,39602,0,0,12691,153011,3,10,12691,153021,California
Los Angeles,2021-01-05,16041,169072,7084,120513,8957,48559,0,0,14140,165280,1874,1884,14143,167164,California
Los Angeles,2021-01-06,22676,191748,12080,132593,10596,59155,0,0,17083,176845,5525,7409,17090,184254,California
Los Angeles,2021-01-07,29367,221115,15812,148405,13555,72710,0,0,18857,185251,10465,17874,18871,203125,California
Los Angeles,2021-01-08,33111,254226,17899,166304,15212,87922,0,0,20889,193953,12195,30069,20897,224022,California
Los Angeles,2021-01-09,12364,266590,7073,173377,5291,93213,0,0,7500,196597,4862,34931,7506,231528,California
Los Angeles,2021-01-10,4677,271267,3631,177008,1046,94259,0,0,1945,195811,2732,37663,1946,233474,California
Los Angeles,2021-01-11,25800,297067,16251,193259,9549,103808,0,0,14866,199762,10923,48586,14874,248348,California
Los Angeles,2021-01-12,29227,326294,16081,209340,13146,116954,0,0,19093,208751,10116,58702,19105,267453,California
Los Angeles,2021-01-13,29274,355568,15638,224978,13636,130590,0,0,20329,220156,8928,67630,20333,287786,California
Los Angeles,2021-01-14,29253,384821,12723,237701,16530,147120,0,0,23747,238426,5487,73117,23757,311543,California
Los Angeles,2021-01-15,33811,418632,12367,250068,21444,168564,0,0,30237,265122,3549,76666,30245,341788,California
Los Angeles,2021-01-16,17557,436189,4963,255031,12594,181158,0,0,15781,279139,1768,78434,15785,357573,California
Los Angeles,2021-01-17,5191,441380,2310,257341,2881,184039,0,0,4946,283843,244,78678,4948,362521,California
Los Angeles,2021-01-18,15587,456967,10065,267406,5522,189561,0,0,10881,290032,4694,83372,10883,373404,California
Los Angeles,2021-01-19,38457,495424,20573,287979,17884,207445,0,0,30662,312950,7754,91126,30672,404076,California
Los Angeles,2021-01-20,45763,541187,23914,311893,21849,229294,0,0,38278,343783,7455,98581,38288,442364,California
Los Angeles,2021-01-21,48722,589909,22454,334347,26268,255562,0,0,44451,384039,4209,102790,44465,486829,California
Los Angeles,2021-01-22,47880,637789,22233,356580,25647,281209,0,0,44464,425142,3371,106161,44474,531303,California
Los Angeles,2021-01-23,33971,671760,15712,372292,18259,299468,0,0,31919,455053,2020,108181,31931,563234,California
Los Angeles,2021-01-24,15735,687495,12212,384504,3523,302991,0,0,15187,469701,540,108721,15188,578422,California
Los Angeles,2021-01-25,38773,726268,16459,400963,22314,325305,0,0,30274,491521,8470,117191,30290,608712,California
Los Angeles,2021-01-26,49264,775532,24465,425428,24799,350104,0,0,41076,524463,8153,125344,41095,649807,California
Los Angeles,2021-01-27,48543,824075,25833,451261,22710,372814,0,0,39303,554680,9105,134449,39322,689129,California
Los Angeles,2021-01-28,48613,872688,23117,474378,25496,398310,0,0,40197,586596,8295,142744,40211,729340,California
Los Angeles,2021-01-29,49268,921956,25412,499790,23856,422166,0,0,39211,616119,9703,152447,39226,768566,California
Los Angeles,2021-01-30,30002,951958,15408,515198,14594,436760,0,0,25851,637900,4074,156521,25855,794421,California
Los Angeles,2021-01-31,13022,964980,10383,525581,2639,439399,0,0,12094,649083,915,157436,12098,806519,California
Los Angeles,2021-02-01,38055,1003035,16214,541795,21841,461240,0,0,27778,666626,10245,167681,27788,834307,California
Los Angeles,2021-02-02,44231,1047266,17898,559693,26333,487573,0,0,32049,686536,12142,179823,32052,866359,California
Los Angeles,2021-02-03,52133,1099399,19566,579259,32567,520140,0,0,37251,709149,14644,194467,37257,903616,California
Los Angeles,2021-02-04,57176,1156575,20705,599964,36471,556611,0,0,39068,730431,17800,212267,39082,942698,California
Los Angeles,2021-02-05,61195,1217770,21057,621021,40138,596749,0,0,39283,748227,21494,233761,39290,981988,California
Los Angeles,2021-02-06,35503,1253273,13304,634325,22199,618948,0,0,27069,766957,8361,242122,27091,1009079,California
Los Angeles,2021-02-07,10818,1264091,8398,642723,2420,621368,0,0,8419,772998,2384,244506,8425,1017504,California
Los Angeles,2021-02-08,46735,1310826,21508,664231,25227,646595,0,0,30573,787546,16027,260533,30575,1048079,California
Los Angeles,2021-02-09,55735,1366561,24591,688822,31144,677739,0,0,28367,788625,27295,287828,28374,1076453,California
Los Angeles,2021-02-10,66881,1433442,29404,718226,37477,715216,0,0,30825,783777,35682,323510,30834,1107287,California
Los Angeles,2021-02-11,57967,1491409,30856,749082,27111,742327,0,0,27993,782240,29534,353044,27997,1135284,California
Los Angeles,2021-02-12,59511,1550920,29782,778864,29729,772056,0,0,25962,775007,33211,386255,25978,1161262,California
Los Angeles,2021-02-13,33781,1584701,19607,798471,14174,786230,0,0,15453,772255,18243,404498,15491,1176753,California
Los Angeles,2021-02-14,21878,1606579,14968,813439,6910,793140,0,0,8779,767998,13039,417537,8782,1185535,California
Los Angeles,2021-02-15,32436,1639015,15855,829294,16581,809721,0,0,17791,771213,14582,432119,17797,1203332,California
Los Angeles,2021-02-16,63972,1702987,32502,861796,31470,841191,0,0,29844,767027,34042,466161,29856,1233188,California
Los Angeles,2021-02-17,64455,1767442,34284,896080,30171,871362,0,0,26396,755542,37888,504049,26403,1259591,California
Los Angeles,2021-02-18,68257,1835699,34687,930767,33570,904932,0,0,28577,744622,39507,543556,28587,1288178,California
Los Angeles,2021-02-19,58055,1893754,35868,966635,22187,927119,0,0,28458,743595,29500,573056,28473,1316651,California
Los Angeles,2021-02-20,32743,1926497,23820,990455,8923,936042,0,0,15728,742360,16971,590027,15736,1332387,California
Los Angeles,2021-02-21,16745,1943242,15091,1005546,1654,937696,0,0,8517,742687,8193,598220,8520,1340907,California
Los Angeles,2021-02-22,34317,1977559,24976,1030522,9341,947037,0,0,17737,743929,16506,614726,17748,1358655,California
Los Angeles,2021-02-23,53674,2031233,22786,1053308,30888,977925,0,0,21148,732668,32421,647147,21160,1379815,California
Los Angeles,2021-02-24,64276,2095509,28403,1081711,35873,1013798,0,0,28318,725212,35792,682939,28336,1408151,California
Los Angeles,2021-02-25,73553,2169062,33759,1115470,39794,1053592,0,0,38586,728998,34812,717751,38598,1446749,California
Los Angeles,2021-02-26,82814,2251876,38598,1154068,44216,1097808,0,0,47355,741151,35230,752981,47383,1494132,California
Los Angeles,2021-02-27,58695,2310571,25020,1179088,33671,1131479,4,4,30002,742629,28551,781532,30029,1524161,California
Los Angeles,2021-02-28,26820,2337391,18506,1197594,8313,1139792,1,5,18860,753636,7861,789393,18868,1543029,California
Los Angeles,2021-03-01,55625,2393016,31176,1228770,24432,1164224,17,22,33728,765657,21739,811132,33760,1576789,California
Los Angeles,2021-03-02,71010,2464026,31504,1260274,39504,1203728,2,24,43406,781592,27484,838616,43419,1620208,California
Los Angeles,2021-03-03,82755,2546781,41614,1301888,41131,1244859,10,34,52025,803074,30575,869191,52057,1672265,California
Los Angeles,2021-03-04,89640,2636421,45762,1347650,43867,1288726,11,45,56565,826772,32896,902087,56594,1728859,California
Los Angeles,2021-03-05,87670,2724091,42660,1390310,44983,1333709,27,72,58426,856191,29067,931154,58486,1787345,California
Los Angeles,2021-03-06,66190,2790281,33272,1423582,31103,1364812,1815,1887,42634,877229,23416,954570,44454,1831799,California
Los Angeles,2021-03-07,25691,2815972,19308,1442890,5583,1370395,800,2687,19807,891975,5859,960429,20605,1852404,California
Los Angeles,2021-03-08,51376,2867348,26681,1469571,22750,1393145,1945,4632,38623,919884,12656,973085,40565,1892969,California
Los Angeles,2021-03-09,68952,2936300,26453,1496024,39225,1432370,3274,7906,41207,936760,27597,1000682,44473,1937442,California
Los Angeles,2021-03-10,79178,3015478,37339,1533363,36970,1469340,4869,12775,49614,961796,29411,1030093,54447,1991889,California
Los Angeles,2021-03-11,92254,3107732,44978,1578341,40605,1509945,6671,19446,54020,984391,38059,1068152,60654,2052543,California
Los Angeles,2021-03-12,97061,3204793,43144,1621485,40091,1550036,13826,33272,56452,1014192,40429,1108581,70230,2122773,California
Los Angeles,2021-03-13,74027,3278820,34462,1655947,27667,1577703,11898,45170,43995,1040117,29926,1138507,55851,2178624,California
Los Angeles,2021-03-14,38086,3316906,25413,1681360,10213,1587916,2460,47630,25502,1055536,12521,1151028,27940,2206564,California
Los Angeles,2021-03-15,73483,3390389,35538,1716898,32613,1620529,5332,52962,44847,1077241,28454,1179482,50159,2256723,California
Los Angeles,2021-03-16,98313,3488702,42485,1759383,50061,1670590,5767,58729,64220,1113284,33912,1213394,69955,2326678,California
Los Angeles,2021-03-17,95267,3583969,42811,1802194,44254,1714844,8202,66931,64015,1154330,31063,1244457,72109,2398787,California
Los Angeles,2021-03-18,99996,3683965,47365,1849559,47445,1762289,5186,72117,63803,1187381,35928,1280385,68979,2467766,California
Los Angeles,2021-03-19,106467,3790432,55126,1904685,46671,1808960,4670,76787,66186,1218168,40022,1320407,70809,2538575,California
Los Angeles,2021-03-20,75013,3865445,36592,1941277,33912,1842872,4509,81296,51986,1251784,22864,1343271,56480,2595055,California
Los Angeles,2021-03-21,33567,3899012,24776,1966053,7947,1850819,844,82140,21798,1262761,11664,1354935,22641,2617696,California
Los Angeles,2021-03-22,68008,3967020,40225,2006278,25782,1876601,2001,84141,48440,1293849,19349,1374284,50437,2668133,California
Los Angeles,2021-03-23,93729,4060749,50578,2056856,40138,1916739,3013,87154,62075,1327498,31428,1405712,65077,2733210,California
Los Angeles,2021-03-24,102416,4163165,54457,2111313,45054,1961793,2905,90059,60637,1349532,41496,1447208,63530,2796740,California
Los Angeles,2021-03-25,107713,4270878,57731,2169044,46314,2008107,3668,93727,61699,1369128,45756,1492964,65352,2862092,California
Los Angeles,2021-03-26,111895,4382773,60987,2230031,46818,2054925,4090,97817,63745,1389041,47899,1540863,67812,2929904,California
Los Angeles,2021-03-27,81316,4464089,42844,2272875,36356,2091281,2116,99933,42236,1394543,38849,1579712,44351,2974255,California
Los Angeles,2021-03-28,40865,4504954,27330,2300205,12952,2104233,583,100516,20774,1395904,19996,1599708,21357,2995612,California
Los Angeles,2021-03-29,81383,4586337,45919,2346124,33864,2138097,1600,102116,46658,1409612,34545,1634253,48253,3043865,California
Los Angeles,2021-03-30,106936,4693273,50398,2396522,50791,2188888,5747,107863,65581,1439770,41143,1675396,71301,3115166,California
Los Angeles,2021-03-31,119864,4813137,60223,2456745,51135,2240023,8506,116369,70167,1468949,49457,1724853,78636,3193802,California
Los Angeles,2021-04-01,130137,4943274,60705,2517450,54644,2294667,14788,131157,70907,1495608,58976,1783829,85635,3279437,California
Los Angeles,2021-04-02,128023,5071297,56529,2573979,56630,2351297,14864,146021,68931,1520583,58796,1842625,83771,3363208,California
Los Angeles,2021-04-03,96066,5167363,43814,2617793,39214,2390511,13038,159059,47744,1533160,48158,1890783,60735,3423943,California
Los Angeles,2021-04-04,38917,5206280,20349,2638142,11987,2402498,6581,165640,16687,1534234,22165,1912948,23239,3447182,California
Los Angeles,2021-04-05,93018,5299298,43998,2682140,38925,2441423,10095,175735,44811,1541051,48037,1960985,54854,3502036,California
Los Angeles,2021-04-06,119980,5419278,56483,2738623,43396,2484819,20101,195836,55754,1552802,64003,2024988,75754,3577790,California
Los Angeles,2021-04-07,118557,5537835,53970,2792593,43731,2528550,20856,216692,54273,1563775,64061,2089049,75034,3652824,California
Los Angeles,2021-04-08,131173,5669008,57792,2850385,49534,2578084,23847,240539,59863,1576311,71054,2160103,83590,3736414,California
Los Angeles,2021-04-09,129374,5798382,56027,2906412,49712,2627796,23635,264174,56168,1583050,72946,2233049,79685,3816099,California
Los Angeles,2021-04-10,100547,5898929,42729,2949141,33999,2661795,23819,287993,37322,1581078,63017,2296066,61045,3877144,California
Los Angeles,2021-04-11,41527,5940456,22466,2971607,9585,2671380,9476,297469,14471,1577994,26988,2323054,23904,3901048,California
Los Angeles,2021-04-12,78234,6018690,38334,3009941,33654,2705034,6246,303715,32683,1571506,45370,2368424,38882,3939930,California
Los Angeles,2021-04-13,116691,6135381,58753,3068694,57517,2762551,421,304136,61836,1579122,54646,2423070,62262,4002192,California
Los Angeles,2021-04-14,116621,6252002,58760,3127454,57733,2820284,128,304264,63476,1589806,52913,2475983,63597,4065789,California
Los Angeles,2021-04-15,127343,6379345,69154,3196608,58020,2878304,169,304433,72905,1608560,54200,2530183,72954,4138743,California
Los Angeles,2021-04-16,127808,6507153,68085,3264693,59582,2937886,141,304574,67657,1616372,59919,2590102,67731,4206474,California
Los Angeles,2021-04-17,96484,6603637,50595,3315288,45864,2983750,25,304599,54981,1630047,41330,2631432,55005,4261479,California
Los Angeles,2021-04-18,33744,6637381,22378,3337666,11365,2995115,1,304600,18658,1633686,15026,2646458,18665,4280144,California
Los Angeles,2021-04-19,74176,6711557,39485,3377151,34681,3029796,10,304610,33342,1626363,40683,2687141,33360,4313504,California
Los Angeles,2021-04-20,100752,6812309,49345,3426496,51391,3081187,16,304626,50190,1626215,50356,2737497,50208,4363712,California
Los Angeles,2021-04-21,108155,6920464,51924,3478420,56043,3137230,188,304814,48252,1615014,59643,2797140,48442,4412154,California
Los Angeles,2021-04-22,113947,7034411,58736,3537156,55177,3192407,34,304848,50234,1601837,63450,2860590,50273,4462427,California
Los Angeles,2021-04-23,112675,7147086,61707,3598863,50952,3243359,16,304864,53827,1597092,58590,2919180,53845,4516272,California
Los Angeles,2021-04-24,87105,7234191,55906,3654769,31173,3274532,26,304890,48932,1608082,37974,2957154,48964,4565236,California
Los Angeles,2021-04-25,37708,7271899,25053,3679822,12651,3287183,4,304894,20399,1611266,17220,2974374,20404,4585640,California
Los Angeles,2021-04-26,66342,7338241,35449,3715271,30447,3317630,446,305340,33135,1611800,33040,3007414,33574,4619214,California
Los Angeles,2021-04-27,83713,7421954,40139,3755410,41901,3359531,1673,307013,31858,1593700,51624,3059038,33524,4652738,California
Los Angeles,2021-04-28,83941,7505895,40591,3796001,41348,3400879,2002,309015,32779,1577566,50908,3109946,34774,4687512,California
Los Angeles,2021-04-29,90055,7595950,44993,3840994,42963,3443842,2099,311114,32042,1554008,57700,3167646,34142,4721654,California
Los Angeles,2021-04-30,97625,7693575,48452,3889446,46832,3490674,2341,313455,35478,1529996,61818,3229464,37806,4759460,California
Los Angeles,2021-05-01,74337,7767912,41878,3931324,30980,3521654,1479,314934,28256,1513864,45864,3275328,29732,4789192,California
Los Angeles,2021-05-02,27874,7795786,17893,3949217,9262,3530916,719,315653,10102,1507018,17665,3292993,10819,4800011,California
Los Angeles,2021-05-03,59613,7855399,29271,3978488,28229,3559145,2113,317766,20895,1491491,38525,3331518,22998,4823009,California
Los Angeles,2021-05-04,83817,7939216,46327,4024815,35347,3594492,2143,319909,25601,1461280,57949,3389467,27738,4850747,California
Los Angeles,2021-05-05,74297,8013513,46074,4070889,25998,3620490,2225,322134,20812,1431079,53226,3442693,23025,4873772,California
Los Angeles,2021-05-06,80762,8094275,51098,4121987,27339,3647829,2325,324459,19431,1391799,61017,3503710,21737,4895509,California
Los Angeles,2021-05-07,59768,8154043,39516,4161503,19079,3666908,1173,325632,14166,1361743,45388,3549098,15332,4910841,California
Los Angeles,2021-05-08,37048,8191091,29442,4190945,6720,3673628,886,326518,7103,1339905,29823,3578921,7985,4918826,California
Madera,2020-12-16,22,22,22,22,0,0,0,0,22,22,0,0,22,22,California
Madera,2020-12-17,13,35,13,35,0,0,0,0,13,35,0,0,13,35,California
Madera,2020-12-18,60,95,60,95,0,0,0,0,60,95,0,0,60,95,California
Madera,2020-12-19,5,100,5,100,0,0,0,0,5,100,0,0,5,100,California
Madera,2020-12-20,14,114,14,114,0,0,0,0,14,114,0,0,14,114,California
Madera,2020-12-21,60,174,60,174,0,0,0,0,60,174,0,0,60,174,California
Madera,2020-12-22,97,271,95,269,2,2,0,0,97,271,0,0,97,271,California
Madera,2020-12-23,67,338,67,336,0,2,0,0,67,338,0,0,67,338,California
Madera,2020-12-24,45,383,40,376,5,7,0,0,45,383,0,0,45,383,California
Madera,2020-12-26,28,411,26,402,2,9,0,0,28,411,0,0,28,411,California
Madera,2020-12-27,30,441,12,414,18,27,0,0,30,441,0,0,30,441,California
Madera,2020-12-28,107,548,37,451,70,97,0,0,107,548,0,0,107,548,California
Madera,2020-12-29,175,723,40,491,135,232,0,0,175,723,0,0,175,723,California
Madera,2020-12-30,218,941,86,577,132,364,0,0,218,941,0,0,218,941,California
Madera,2020-12-31,201,1142,80,657,121,485,0,0,201,1142,0,0,201,1142,California
Madera,2021-01-01,1,1143,1,658,0,485,0,0,1,1143,0,0,1,1143,California
Madera,2021-01-02,89,1232,33,691,56,541,0,0,89,1232,0,0,89,1232,California
Madera,2021-01-03,5,1237,5,696,0,541,0,0,5,1237,0,0,5,1237,California
Madera,2021-01-04,129,1366,65,761,64,605,0,0,129,1366,0,0,129,1366,California
Madera,2021-01-05,279,1645,143,904,136,741,0,0,275,1637,4,4,275,1641,California
Madera,2021-01-06,184,1829,27,931,157,898,0,0,164,1781,20,24,164,1805,California
Madera,2021-01-07,396,2225,113,1044,283,1181,0,0,374,2133,22,46,374,2179,California
Madera,2021-01-08,418,2643,72,1116,346,1527,0,0,363,2443,54,100,364,2543,California
Madera,2021-01-09,37,2680,14,1130,23,1550,0,0,28,2462,9,109,28,2571,California
Madera,2021-01-10,17,2697,14,1144,3,1553,0,0,5,2455,12,121,5,2576,California
Madera,2021-01-11,237,2934,189,1333,48,1601,0,0,195,2608,42,163,195,2771,California
Madera,2021-01-12,390,3324,157,1490,233,1834,0,0,284,2786,106,269,284,3055,California
Madera,2021-01-13,185,3509,91,1581,94,1928,0,0,129,2860,56,325,130,3185,California
Madera,2021-01-14,554,4063,82,1663,472,2400,0,0,520,3346,34,359,520,3705,California
Madera,2021-01-15,600,4663,160,1823,440,2840,0,0,579,3904,21,380,579,4284,California
Madera,2021-01-16,382,5045,47,1870,335,3175,0,0,353,4228,29,409,353,4637,California
Madera,2021-01-17,335,5380,15,1885,320,3495,0,0,331,4555,4,413,331,4968,California
Madera,2021-01-18,77,5457,61,1946,16,3511,0,0,58,4595,18,431,58,5026,California
Madera,2021-01-19,572,6029,135,2081,437,3948,0,0,545,5114,27,458,546,5572,California
Madera,2021-01-20,235,6264,80,2161,155,4103,0,0,207,5294,27,485,207,5779,California
Madera,2021-01-21,238,6502,131,2292,107,4210,0,0,205,5468,31,516,205,5984,California
Madera,2021-01-22,257,6759,83,2375,174,4384,0,0,243,5697,14,530,243,6227,California
Madera,2021-01-23,100,6859,52,2427,48,4432,0,0,76,5749,24,554,76,6303,California
Madera,2021-01-24,101,6960,82,2509,19,4451,0,0,78,5804,23,577,78,6381,California
Madera,2021-01-25,255,7215,124,2633,131,4582,0,0,141,5831,114,691,141,6522,California
Madera,2021-01-26,483,7698,189,2822,294,4876,0,0,294,5938,188,879,295,6817,California
Madera,2021-01-27,737,8435,63,2885,674,5550,0,0,600,6403,137,1016,602,7419,California
Madera,2021-01-28,541,8976,106,2991,435,5985,0,0,438,6738,103,1119,438,7857,California
Madera,2021-01-29,468,9444,95,3086,373,6358,0,0,412,7094,56,1175,412,8269,California
Madera,2021-01-30,505,9949,16,3102,489,6847,0,0,451,7491,54,1229,451,8720,California
Madera,2021-01-31,9,9958,6,3108,3,6850,0,0,8,7498,1,1230,8,8728,California
Madera,2021-02-01,257,10215,73,3181,184,7034,0,0,197,7635,60,1290,197,8925,California
Madera,2021-02-02,251,10466,87,3268,164,7198,0,0,161,7708,89,1379,162,9087,California
Madera,2021-02-03,594,11060,460,3728,134,7332,0,0,475,8067,117,1496,476,9563,California
Madera,2021-02-04,389,11449,121,3849,268,7600,0,0,112,7904,276,1772,113,9676,California
Madera,2021-02-05,975,12424,297,4146,678,8278,0,0,369,7673,601,2373,370,10046,California
Madera,2021-02-06,359,12783,324,4470,35,8313,0,0,320,7955,38,2411,320,10366,California
Madera,2021-02-07,35,12818,7,4477,28,8341,0,0,30,7980,5,2416,30,10396,California
Madera,2021-02-08,384,13202,308,4785,76,8417,0,0,270,8137,113,2529,270,10666,California
Madera,2021-02-09,480,13682,119,4904,361,8778,0,0,198,8057,279,2808,199,10865,California
Madera,2021-02-10,429,14111,149,5053,280,9058,0,0,323,8274,106,2914,323,11188,California
Madera,2021-02-11,935,15046,307,5360,628,9686,0,0,406,8153,528,3442,407,11595,California
Madera,2021-02-12,844,15890,120,5480,724,10410,0,0,311,7940,527,3969,314,11909,California
Madera,2021-02-13,485,16375,44,5524,441,10851,0,0,139,7736,345,4314,141,12050,California
Madera,2021-02-14,399,16774,75,5599,324,11175,0,0,137,7612,262,4576,138,12188,California
Madera,2021-02-15,244,17018,98,5697,146,11321,0,0,175,7719,68,4644,175,12363,California
Madera,2021-02-16,775,17793,183,5880,592,11913,0,0,229,7405,544,5188,230,12593,California
Madera,2021-02-17,609,18402,274,6154,335,12248,0,0,339,7481,265,5453,341,12934,California
Madera,2021-02-18,1299,19701,540,6694,759,13007,0,0,1121,8425,178,5631,1122,14056,California
Madera,2021-02-19,861,20562,545,7239,316,13323,0,0,719,9003,142,5773,720,14776,California
Madera,2021-02-20,1070,21632,979,8218,91,13414,0,0,999,9933,70,5843,1000,15776,California
Madera,2021-02-21,962,22594,819,9037,143,13557,0,0,957,10885,5,5848,957,16733,California
Madera,2021-02-22,908,23502,832,9869,76,13633,0,0,854,11685,54,5902,854,17587,California
Madera,2021-02-23,768,24270,495,10364,273,13906,0,0,548,12014,219,6121,548,18135,California
Madera,2021-02-24,906,25176,299,10663,607,14513,0,0,377,11863,528,6649,377,18512,California
Madera,2021-02-25,1017,26193,306,10969,711,15224,0,0,587,12022,428,7077,587,19099,California
Madera,2021-02-26,1073,27266,185,11154,888,16112,0,0,698,12347,373,7450,698,19797,California
Madera,2021-02-27,872,28138,245,11399,627,16739,0,0,449,12379,420,7870,452,20249,California
Madera,2021-02-28,189,28327,29,11428,160,16899,0,0,183,12556,6,7876,183,20432,California
Madera,2021-03-01,373,28700,119,11547,254,17153,0,0,193,12571,178,8054,193,20625,California
Madera,2021-03-02,653,29353,268,11815,385,17538,0,0,541,13001,112,8166,542,21167,California
Madera,2021-03-03,1329,30682,707,12522,622,18160,0,0,927,13553,399,8565,951,22118,California
Madera,2021-03-04,1179,31861,506,13028,673,18833,0,0,934,14244,246,8811,937,23055,California
Madera,2021-03-05,1328,33189,407,13435,908,19741,13,13,1063,15068,263,9074,1087,24142,California
Madera,2021-03-06,802,33991,621,14056,149,19890,32,45,484,15267,318,9392,517,24659,California
Madera,2021-03-07,153,34144,27,14083,104,19994,22,67,103,15342,50,9442,125,24784,California
Madera,2021-03-08,597,34741,336,14419,202,20196,59,126,304,15414,293,9735,365,25149,California
Madera,2021-03-09,457,35198,160,14579,263,20459,34,160,279,15559,176,9911,321,25470,California
Madera,2021-03-10,1136,36334,513,15092,546,21005,77,237,709,15923,423,10334,787,26257,California
Madera,2021-03-11,1660,37994,844,15936,484,21489,332,569,749,16106,909,11243,1092,27349,California
Madera,2021-03-12,1531,39525,779,16715,597,22086,155,724,753,16263,776,12019,933,28282,California
Madera,2021-03-13,1811,41336,1268,17983,345,22431,198,922,745,16158,1064,13083,959,29241,California
Madera,2021-03-14,582,41918,448,18431,101,22532,33,955,293,16197,287,13370,326,29567,California
Madera,2021-03-15,734,42652,217,18648,470,23002,47,1002,510,16558,221,13591,582,30149,California
Madera,2021-03-16,825,43477,422,19070,356,23358,47,1049,643,17086,179,13770,707,30856,California
Madera,2021-03-17,1413,44890,932,20002,419,23777,62,1111,861,17555,544,14314,1013,31869,California
Madera,2021-03-18,1874,46764,649,20651,1165,24942,60,1171,911,17654,956,15270,1055,32924,California
Madera,2021-03-19,1521,48285,587,21238,850,25792,84,1255,987,18262,528,15798,1136,34060,California
Madera,2021-03-20,1130,49415,772,22010,307,26099,51,1306,580,18393,548,16346,679,34739,California
Madera,2021-03-21,1073,50488,872,22882,156,26255,45,1351,357,18083,713,17059,403,35142,California
Madera,2021-03-22,1359,51847,851,23733,440,26695,68,1419,686,18209,670,17729,796,35938,California
Madera,2021-03-23,1397,53244,840,24573,466,27161,91,1510,737,18461,658,18387,910,36848,California
Madera,2021-03-24,906,54150,470,25043,405,27566,31,1541,601,18794,303,18690,636,37484,California
Madera,2021-03-25,1126,55276,491,25534,611,28177,24,1565,647,19010,468,19158,684,38168,California
Madera,2021-03-26,1439,56715,510,26044,797,28974,132,1697,673,19058,760,19918,808,38976,California
Madera,2021-03-27,830,57545,530,26574,279,29253,21,1718,373,19002,451,20369,395,39371,California
Madera,2021-03-28,419,57964,136,26710,222,29475,61,1779,229,19156,189,20558,343,39714,California
Madera,2021-03-29,679,58643,179,26889,473,29948,27,1806,488,19487,188,20746,519,40233,California
Madera,2021-03-30,1016,59659,561,27450,423,30371,32,1838,556,19619,457,21203,589,40822,California
Madera,2021-03-31,1321,60980,489,27939,697,31068,135,1973,446,19332,869,22072,582,41404,California
Madera,2021-04-01,1246,62226,538,28477,659,31727,49,2022,440,19018,801,22873,487,41891,California
Madera,2021-04-02,1538,63764,409,28886,1070,32797,59,2081,472,18495,1055,23928,532,42423,California
Madera,2021-04-03,874,64638,683,29569,171,32968,20,2101,382,18416,490,24418,411,42834,California
Madera,2021-04-04,184,64822,65,29634,117,33085,2,2103,85,18404,99,24517,87,42921,California
Madera,2021-04-05,734,65556,255,29889,421,33506,58,2161,340,18423,393,24910,412,43333,California
Madera,2021-04-06,1691,67247,879,30768,464,33970,348,2509,635,18350,1055,25965,982,44315,California
Madera,2021-04-07,1199,68446,371,31139,679,34649,149,2658,456,18220,740,26705,610,44925,California
Madera,2021-04-08,1696,70142,655,31794,785,35434,256,2914,567,17927,1122,27827,829,45754,California
Madera,2021-04-09,1610,71752,672,32466,790,36224,148,3062,939,18352,665,28492,1090,46844,California
Madera,2021-04-10,954,72706,679,33145,208,36432,67,3129,709,18883,246,28738,777,47621,California
Madera,2021-04-11,786,73492,638,33783,69,36501,79,3208,296,18768,487,29225,372,47993,California
Madera,2021-04-12,778,74270,265,34048,435,36936,78,3286,301,18671,477,29702,380,48373,California
Madera,2021-04-13,1233,75503,608,34656,584,37520,41,3327,726,18943,505,30207,777,49150,California
Madera,2021-04-14,1361,76864,838,35494,523,38043,0,3327,580,18746,783,30990,586,49736,California
Madera,2021-04-15,1122,77986,470,35964,651,38694,1,3328,447,18531,664,31654,449,50185,California
Madera,2021-04-16,1280,79266,518,36482,762,39456,0,3328,442,18147,827,32481,443,50628,California
Madera,2021-04-17,1263,80529,1064,37546,199,39655,0,3328,825,18534,438,32919,825,51453,California
Madera,2021-04-18,244,80773,207,37753,37,39692,0,3328,99,18489,144,33063,99,51552,California
Madera,2021-04-19,798,81571,232,37985,565,40257,1,3329,270,18238,522,33585,271,51823,California
Madera,2021-04-20,865,82436,423,38408,442,40699,0,3329,237,17852,625,34210,239,52062,California
Madera,2021-04-21,854,83290,447,38855,407,41106,0,3329,296,17595,555,34765,298,52360,California
Madera,2021-04-22,1054,84344,510,39365,544,41650,0,3329,392,17330,658,35423,393,52753,California
Madera,2021-04-23,939,85283,304,39669,634,42284,1,3330,327,17050,608,36031,328,53081,California
Madera,2021-04-24,703,85986,464,40133,239,42523,0,3330,283,16918,416,36447,284,53365,California
Madera,2021-04-25,264,86250,160,40293,101,42624,3,3333,118,16897,143,36590,122,53487,California
Madera,2021-04-26,504,86754,89,40382,409,43033,6,3339,103,16606,400,36990,109,53596,California
Madera,2021-04-27,553,87307,257,40639,275,43308,21,3360,295,16666,257,37247,317,53913,California
Madera,2021-04-28,474,87781,197,40836,258,43566,19,3379,236,16684,236,37483,254,54167,California
Madera,2021-04-29,515,88296,240,41076,248,43814,27,3406,250,16703,258,37741,277,54444,California
Madera,2021-04-30,906,89202,505,41581,385,44199,16,3422,255,16327,647,38388,271,54715,California
Madera,2021-05-01,955,90157,863,42444,79,44278,13,3435,388,16161,567,38955,401,55116,California
Madera,2021-05-02,398,90555,350,42794,44,44322,4,3439,149,16065,249,39204,153,55269,California
Madera,2021-05-03,483,91038,199,42993,259,44581,25,3464,98,15806,382,39586,123,55392,California
Madera,2021-05-04,872,91910,428,43421,403,44984,41,3505,211,15397,661,40247,252,55644,California
Madera,2021-05-05,993,92903,477,43898,457,45441,59,3564,276,15018,715,40962,336,55980,California
Madera,2021-05-06,673,93576,239,44137,402,45843,32,3596,155,14692,513,41475,187,56167,California
Madera,2021-05-07,663,94239,219,44356,432,46275,12,3608,150,14347,506,41981,161,56328,California
Madera,2021-05-08,864,95103,718,45074,141,46416,5,3613,137,13763,726,42707,142,56470,California
Marin,2020-12-15,2,2,2,2,0,0,0,0,2,2,0,0,2,2,California
Marin,2020-12-16,107,109,107,109,0,0,0,0,107,109,0,0,107,109,California
Marin,2020-12-17,260,369,260,369,0,0,0,0,260,369,0,0,260,369,California
Marin,2020-12-18,373,742,373,742,0,0,0,0,373,742,0,0,373,742,California
Marin,2020-12-19,349,1091,348,1090,1,1,0,0,349,1091,0,0,349,1091,California
Marin,2020-12-20,167,1258,166,1256,1,2,0,0,167,1258,0,0,167,1258,California
Marin,2020-12-21,238,1496,235,1491,3,5,0,0,238,1496,0,0,238,1496,California
Marin,2020-12-22,521,2017,317,1808,204,209,0,0,521,2017,0,0,521,2017,California
Marin,2020-12-23,730,2747,321,2129,409,618,0,0,730,2747,0,0,730,2747,California
Marin,2020-12-24,357,3104,159,2288,198,816,0,0,357,3104,0,0,357,3104,California
Marin,2020-12-25,27,3131,0,2288,27,843,0,0,27,3131,0,0,27,3131,California
Marin,2020-12-26,143,3274,93,2381,50,893,0,0,143,3274,0,0,143,3274,California
Marin,2020-12-27,92,3366,55,2436,37,930,0,0,92,3366,0,0,92,3366,California
Marin,2020-12-28,408,3774,99,2535,309,1239,0,0,408,3774,0,0,408,3774,California
Marin,2020-12-29,402,4176,88,2623,314,1553,0,0,402,4176,0,0,402,4176,California
Marin,2020-12-30,626,4802,388,3011,238,1791,0,0,626,4802,0,0,626,4802,California
Marin,2020-12-31,197,4999,34,3045,163,1954,0,0,197,4999,0,0,197,4999,California
Marin,2021-01-01,16,5015,6,3051,10,1964,0,0,16,5015,0,0,16,5015,California
Marin,2021-01-02,108,5123,102,3153,6,1970,0,0,108,5123,0,0,108,5123,California
Marin,2021-01-03,54,5177,36,3189,18,1988,0,0,51,5174,0,0,51,5174,California
Marin,2021-01-04,296,5473,192,3381,104,2092,0,0,295,5468,1,1,295,5469,California
Marin,2021-01-05,369,5842,222,3603,147,2239,0,0,326,5751,43,44,326,5795,California
Marin,2021-01-06,819,6661,318,3921,501,2740,0,0,641,6214,178,222,641,6436,California
Marin,2021-01-07,890,7551,502,4423,388,3128,0,0,544,6412,346,568,544,6980,California
Marin,2021-01-08,971,8522,515,4938,456,3584,0,0,594,6630,376,944,594,7574,California
Marin,2021-01-09,619,9141,224,5162,395,3979,0,0,487,6985,132,1076,487,8061,California
Marin,2021-01-10,129,9270,100,5262,29,4008,0,0,55,6966,74,1150,55,8116,California
Marin,2021-01-11,468,9738,326,5588,142,4150,0,0,248,6996,220,1370,250,8366,California
Marin,2021-01-12,935,10673,538,6126,397,4547,0,0,568,7200,364,1734,568,8934,California
Marin,2021-01-13,1175,11848,498,6624,677,5224,0,0,937,7899,238,1972,937,9871,California
Marin,2021-01-14,1068,12916,318,6942,750,5974,0,0,918,8669,148,2120,918,10789,California
Marin,2021-01-15,1155,14071,354,7296,801,6775,0,0,1025,9566,129,2249,1026,11815,California
Marin,2021-01-16,1120,15191,914,8210,206,6981,0,0,1046,10538,74,2323,1046,12861,California
Marin,2021-01-17,1232,16423,1113,9323,119,7100,0,0,1203,11716,28,2351,1206,14067,California
Marin,2021-01-18,360,16783,159,9482,201,7301,0,0,309,11974,51,2402,309,14376,California
Marin,2021-01-19,1156,17939,914,10396,242,7543,0,0,984,12787,171,2573,984,15360,California
Marin,2021-01-20,1790,19729,1208,11604,582,8125,0,0,1060,13128,719,3292,1060,16420,California
Marin,2021-01-21,1685,21414,1062,12666,623,8748,0,0,1332,14112,350,3642,1334,17754,California
Marin,2021-01-22,1701,23115,1089,13755,612,9360,0,0,1533,15477,168,3810,1533,19287,California
Marin,2021-01-23,1843,24958,1341,15096,502,9862,0,0,1754,17143,88,3898,1754,21041,California
Marin,2021-01-24,614,25572,166,15262,448,10310,0,0,582,17693,32,3930,582,21623,California
Marin,2021-01-25,1128,26700,229,15491,899,11209,0,0,693,17952,435,4365,694,22317,California
Marin,2021-01-26,1505,28205,783,16274,722,11931,0,0,1130,18708,374,4739,1130,23447,California
Marin,2021-01-27,1714,29919,886,17160,828,12759,0,0,1352,19701,360,5099,1353,24800,California
Marin,2021-01-28,2079,31998,1070,18230,1009,13768,0,0,1815,21254,263,5362,1816,26616,California
Marin,2021-01-29,2195,34193,1446,19676,749,14517,0,0,1991,23054,192,5554,1992,28608,California
Marin,2021-01-30,1721,35914,906,20582,815,15332,0,0,1642,24618,79,5633,1643,30251,California
Marin,2021-01-31,456,36370,319,20901,137,15469,0,0,430,25022,26,5659,430,30681,California
Marin,2021-02-01,1090,37460,416,21317,674,16143,0,0,891,25715,199,5858,892,31573,California
Marin,2021-02-02,1352,38812,462,21779,890,17033,0,0,723,25819,619,6477,723,32296,California
Marin,2021-02-03,1782,40594,429,22208,1353,18386,0,0,1257,26552,524,7001,1257,33553,California
Marin,2021-02-04,1540,42134,513,22721,1027,19413,0,0,937,26889,600,7601,937,34490,California
Marin,2021-02-05,2179,44313,683,23404,1496,20909,0,0,1341,27396,834,8435,1341,35831,California
Marin,2021-02-06,1425,45738,850,24254,575,21484,0,0,603,27178,821,9256,603,36434,California
Marin,2021-02-07,1289,47027,1008,25262,281,21765,0,0,488,26866,800,10056,488,36922,California
Marin,2021-02-08,1521,48548,754,26016,767,22532,0,0,726,26799,793,10849,726,37648,California
Marin,2021-02-09,1783,50331,1122,27138,661,23193,0,0,835,26686,948,11797,835,38483,California
Marin,2021-02-10,2337,52668,1491,28629,846,24039,0,0,1217,26786,1118,12915,1218,39701,California
Marin,2021-02-11,2871,55539,1644,30273,1227,25266,0,0,1454,26832,1411,14326,1457,41158,California
Marin,2021-02-12,3062,58601,1540,31813,1522,26788,0,0,1562,26897,1497,15823,1562,42720,California
Marin,2021-02-13,2336,60937,1243,33056,1093,27881,0,0,1129,26821,1205,17028,1129,43849,California
Marin,2021-02-14,811,61748,302,33358,509,28390,0,0,718,27447,93,17121,719,44568,California
Marin,2021-02-15,1215,62963,355,33713,860,29250,0,0,835,27904,379,17500,836,45404,California
Marin,2021-02-16,2464,65427,1057,34770,1407,30657,0,0,1503,28447,960,18460,1503,46907,California
Marin,2021-02-17,2098,67525,942,35712,1156,31813,0,0,1085,28522,1011,19471,1086,47993,California
Marin,2021-02-18,2417,69942,1581,37293,836,32649,0,0,1059,28224,1357,20828,1059,49052,California
Marin,2021-02-19,2761,72703,2157,39450,604,33253,0,0,1219,27914,1530,22358,1220,50272,California
Marin,2021-02-20,2565,75268,2112,41562,453,33706,0,0,1216,27789,1342,23700,1217,51489,California
Marin,2021-02-21,1283,76551,1091,42653,192,33898,0,0,909,28328,370,24070,909,52398,California
Marin,2021-02-22,1827,78378,1407,44060,420,34318,0,0,1215,28933,610,24680,1215,53613,California
Marin,2021-02-23,2836,81214,1616,45676,1220,35538,0,0,1908,29924,918,25598,1909,55522,California
Marin,2021-02-24,3509,84723,1608,47284,1901,37439,0,0,2250,30923,1252,26850,2251,57773,California
Marin,2021-02-25,3931,88654,1809,49093,2122,39561,0,0,2773,32546,1151,28001,2774,60547,California
Marin,2021-02-26,3494,92148,1890,50983,1604,41165,0,0,2535,34135,947,28948,2536,63083,California
Marin,2021-02-27,2609,94757,1495,52478,1114,42279,0,0,1776,35083,830,29778,1778,64861,California
Marin,2021-02-28,1380,96137,919,53397,461,42740,0,0,1043,35792,334,30112,1043,65904,California
Marin,2021-03-01,2491,98628,1546,54943,945,43685,0,0,1674,36655,811,30923,1674,67578,California
Marin,2021-03-02,2446,101074,1609,56552,836,44521,1,1,1693,37599,750,31673,1694,69272,California
Marin,2021-03-03,4318,105392,2399,58951,1915,46436,4,5,2796,38882,1517,33190,2800,72072,California
Marin,2021-03-04,3348,108740,1652,60603,1695,48131,1,6,2335,40215,1006,34196,2339,74411,California
Marin,2021-03-05,3035,111775,1139,61742,1884,50015,12,18,1780,40755,1252,35448,1792,76203,California
Marin,2021-03-06,3226,115001,2314,64056,834,50849,78,96,2653,42917,568,36016,2730,78933,California
Marin,2021-03-07,1370,116371,1152,65208,194,51043,24,120,980,43535,386,36402,1004,79937,California
Marin,2021-03-08,1874,118245,1369,66577,388,51431,117,237,1408,44597,463,36865,1525,81462,California
Marin,2021-03-09,2099,120344,1218,67795,774,52205,107,344,1426,45459,671,37536,1533,82995,California
Marin,2021-03-10,4399,124743,2459,70254,1659,53864,281,625,3172,47691,1223,38759,3455,86450,California
Marin,2021-03-11,4566,129309,1875,72129,2556,56420,135,760,3272,49811,1287,40046,3407,89857,California
Marin,2021-03-12,3977,133286,1538,73667,2083,58503,356,1116,1567,49335,2399,42445,1923,91780,California
Marin,2021-03-13,4092,137378,2856,76523,1164,59667,72,1188,2418,50148,1672,44117,2485,94265,California
Marin,2021-03-14,2274,139652,1097,77620,1060,60727,117,1305,727,49446,1545,45662,843,95108,California
Marin,2021-03-15,3230,142882,1763,79383,1419,62146,48,1353,1219,48711,2001,47663,1266,96374,California
Marin,2021-03-16,4300,147182,2314,81697,1622,63768,364,1717,1524,47824,2773,50436,1886,98260,California
Marin,2021-03-17,4177,151359,2267,83964,1866,65634,44,1761,2057,47815,2109,52545,2100,100360,California
Marin,2021-03-18,4477,155836,2252,86216,2150,67784,75,1836,2244,47914,2217,54762,2316,102676,California
Marin,2021-03-19,4466,160302,2282,88498,1965,69749,219,2055,2429,48532,2028,56790,2646,105322,California
Marin,2021-03-20,3574,163876,1980,90478,1480,71229,114,2169,2032,49144,1535,58325,2147,107469,California
Marin,2021-03-21,1535,165411,1130,91608,380,71609,25,2194,800,49236,733,59058,825,108294,California
Marin,2021-03-22,2469,167880,2135,93743,169,71778,165,2359,994,48925,1470,60528,1159,109453,California
Marin,2021-03-23,4242,172122,2195,95938,1917,73695,130,2489,1932,48683,2304,62832,2062,111515,California
Marin,2021-03-24,4417,176539,2898,98836,1415,75110,104,2593,1797,47973,2609,65441,1899,113414,California
Marin,2021-03-25,4641,181180,2836,101672,1737,76847,68,2661,2266,47943,2362,67803,2332,115746,California
Marin,2021-03-26,4286,185466,2326,103998,1746,78593,214,2875,2419,48726,1850,69653,2633,118379,California
Marin,2021-03-27,3692,189158,2650,106648,1023,79616,19,2894,1145,47352,2537,72190,1163,119542,California
Marin,2021-03-28,2379,191537,1718,108366,655,80271,6,2900,1104,47193,1269,73459,1110,120652,California
Marin,2021-03-29,2686,194223,2092,110458,569,80840,25,2925,1185,46904,1499,74958,1210,121862,California
Marin,2021-03-30,4654,198877,3644,114102,977,81817,33,2958,3057,48400,1594,76552,3090,124952,California
Marin,2021-03-31,5795,204672,4106,118208,1640,83457,49,3007,2578,47820,3207,79759,2627,127579,California
Marin,2021-04-01,4394,209066,2269,120477,1874,85331,251,3258,2116,47915,2270,82029,2365,129944,California
Marin,2021-04-02,3694,212760,1833,122310,1498,86829,363,3621,1976,48539,1711,83740,2335,132279,California
Marin,2021-04-03,3835,216595,2518,124828,949,87778,368,3989,1466,48014,2359,86099,1834,134113,California
Marin,2021-04-04,1636,218231,1230,126058,202,87980,204,4193,1194,48972,440,86539,1398,135511,California
Marin,2021-04-05,2197,220428,1526,127584,300,88280,371,4564,1269,49687,923,87462,1638,137149,California
Marin,2021-04-06,3947,224375,2109,129693,1288,89568,550,5114,2194,50680,1748,89210,2741,139890,California
Marin,2021-04-07,3914,228289,1981,131674,1294,90862,639,5753,1428,50268,2479,91689,2067,141957,California
Marin,2021-04-08,5001,233290,1956,133630,2438,93300,607,6360,2285,50442,2708,94397,2882,144839,California
Marin,2021-04-09,3952,237242,1540,135170,1686,94986,726,7086,1302,49821,2645,97042,2024,146863,California
Marin,2021-04-10,3185,240427,1462,136632,1290,96276,433,7519,1436,49949,1739,98781,1867,148730,California
Marin,2021-04-11,1059,241486,804,137436,93,96369,162,7681,476,50004,582,99363,637,149367,California
Marin,2021-04-12,1737,243223,1237,138673,340,96709,160,7841,926,50283,808,100171,1087,150454,California
Marin,2021-04-13,3706,246929,2267,140940,1432,98141,7,7848,1342,49278,2354,102525,1349,151803,California
Marin,2021-04-14,4147,251076,2475,143415,1670,99811,2,7850,1701,48541,2439,104964,1702,153505,California
Marin,2021-04-15,5554,256630,3933,147348,1621,101432,0,7850,3182,49365,2359,107323,3183,156688,California
Marin,2021-04-16,4240,260870,2234,149582,2003,103435,3,7853,2061,49262,2167,109490,2064,158752,California
Marin,2021-04-17,3520,264390,2151,151733,1369,104804,0,7853,1759,49265,1756,111246,1759,160511,California
Marin,2021-04-18,3196,267586,3094,154827,102,104906,0,7853,2560,51192,633,111879,2560,163071,California
Marin,2021-04-19,2016,269602,1848,156675,168,105074,0,7853,1160,51501,853,112732,1162,164233,California
Marin,2021-04-20,3689,273291,2551,159226,1138,106212,0,7853,1475,50768,2208,114940,1475,165708,California
Marin,2021-04-21,3996,277287,2937,162163,1056,107268,3,7856,1373,49533,2609,117549,1374,167082,California
Marin,2021-04-22,4205,281492,3204,165367,1001,108269,0,7856,1482,48302,2716,120265,1485,168567,California
Marin,2021-04-23,3222,284714,1824,167191,1398,109667,0,7856,1235,47556,1982,122247,1236,169803,California
Marin,2021-04-24,2518,287232,1691,168882,826,110493,1,7857,925,46898,1584,123831,926,170729,California
Marin,2021-04-25,1388,288620,1271,170153,117,110610,0,7857,312,46140,1070,124901,312,171041,California
Marin,2021-04-26,1510,290130,1319,171472,188,110798,3,7860,336,45307,1173,126074,340,171381,California
Marin,2021-04-27,2917,293047,2134,173606,745,111543,38,7898,939,44312,1968,128042,973,172354,California
Marin,2021-04-28,2274,295321,1564,175170,663,112206,47,7945,708,43503,1563,129605,754,173108,California
Marin,2021-04-29,2873,298194,1967,177137,844,113050,62,8007,791,42281,2075,131680,853,173961,California
Marin,2021-04-30,1944,300138,1269,178406,587,113637,88,8095,694,41820,1243,132923,782,174743,California
Marin,2021-05-01,1802,301940,1002,179408,777,114414,23,8118,524,41097,1270,134193,547,175290,California
Marin,2021-05-02,724,302664,587,179995,108,114522,29,8147,202,40809,518,134711,230,175520,California
Marin,2021-05-03,1210,303874,987,180982,170,114692,53,8200,264,40182,943,135654,316,175836,California
Marin,2021-05-04,2922,306796,1964,182946,868,115560,90,8290,477,38310,2439,138093,567,176403,California
Marin,2021-05-05,2675,309471,1964,184910,597,116157,114,8404,433,36620,2237,140330,547,176950,California
Marin,2021-05-06,3218,312689,2516,187426,620,116777,82,8486,423,34337,2788,143118,505,177455,California
Marin,2021-05-07,1780,314469,1406,188832,332,117109,42,8528,320,33243,1456,144574,362,177817,California
Marin,2021-05-08,1015,315484,562,189394,352,117461,101,8629,234,32802,776,145350,335,178152,California
Mariposa,2020-12-17,37,37,37,37,0,0,0,0,39,39,0,0,39,39,California
Mariposa,2020-12-18,56,93,56,93,0,0,0,0,57,96,0,0,57,96,California
Mariposa,2020-12-20,2,95,2,95,0,0,0,0,2,98,0,0,2,98,California
Mariposa,2020-12-21,47,142,47,142,0,0,0,0,52,150,0,0,52,150,California
Mariposa,2020-12-22,5,147,5,147,0,0,0,0,5,155,0,0,5,155,California
Mariposa,2020-12-23,17,164,17,164,0,0,0,0,17,172,0,0,17,172,California
Mariposa,2020-12-24,1,165,0,164,1,1,0,0,0,172,0,0,0,172,California
Mariposa,2020-12-26,1,166,1,165,0,1,0,0,1,173,0,0,1,173,California
Mariposa,2020-12-27,1,167,0,165,1,2,0,0,1,174,0,0,1,174,California
Mariposa,2020-12-28,6,173,3,168,3,5,0,0,6,180,0,0,6,180,California
Mariposa,2020-12-29,33,206,3,171,30,35,0,0,33,213,0,0,33,213,California
Mariposa,2020-12-30,25,231,4,175,21,56,0,0,25,238,0,0,25,238,California
Mariposa,2020-12-31,16,247,0,175,16,72,0,0,16,254,0,0,16,254,California
Mariposa,2021-01-02,1,248,1,176,0,72,0,0,1,255,0,0,1,255,California
Mariposa,2021-01-04,8,256,1,177,7,79,0,0,8,263,0,0,8,263,California
Mariposa,2021-01-05,24,280,14,191,10,89,0,0,14,267,10,10,14,277,California
Mariposa,2021-01-06,6,286,3,194,3,92,0,0,3,267,3,13,3,280,California
Mariposa,2021-01-07,52,338,47,241,5,97,0,0,5,225,47,60,5,285,California
Mariposa,2021-01-08,108,446,79,320,29,126,0,0,33,183,75,135,33,318,California
Mariposa,2021-01-09,1,447,0,320,1,127,0,0,1,184,0,135,1,319,California
Mariposa,2021-01-11,31,478,10,330,21,148,0,0,23,199,8,143,23,342,California
Mariposa,2021-01-12,19,497,4,334,15,163,0,0,15,210,4,147,15,357,California
Mariposa,2021-01-13,21,518,4,338,17,180,0,0,18,225,3,150,18,375,California
Mariposa,2021-01-14,73,591,7,345,66,246,0,0,67,286,6,156,67,442,California
Mariposa,2021-01-15,66,657,26,371,40,286,0,0,56,332,10,166,56,498,California
Mariposa,2021-01-16,14,671,2,373,12,298,0,0,13,344,1,167,13,511,California
Mariposa,2021-01-17,2,673,0,373,2,300,0,0,2,346,0,167,2,513,California
Mariposa,2021-01-18,3,676,3,376,0,300,0,0,1,345,2,169,1,514,California
Mariposa,2021-01-19,8,684,4,380,4,304,0,0,5,348,2,171,5,519,California
Mariposa,2021-01-20,23,707,1,381,22,326,0,0,22,369,1,172,22,541,California
Mariposa,2021-01-21,64,771,7,388,57,383,0,0,60,425,4,176,60,601,California
Mariposa,2021-01-22,56,827,2,390,54,437,0,0,56,481,0,176,56,657,California
Mariposa,2021-01-23,116,943,2,392,114,551,0,0,115,595,1,177,115,772,California
Mariposa,2021-01-24,2,945,2,394,0,551,0,0,2,597,0,177,2,774,California
Mariposa,2021-01-25,4,949,1,395,3,554,0,0,0,593,4,181,0,774,California
Mariposa,2021-01-26,36,985,4,399,32,586,0,0,4,569,32,213,8,782,California
Mariposa,2021-01-27,22,1007,1,400,21,607,0,0,13,573,9,222,13,795,California
Mariposa,2021-01-28,126,1133,3,403,123,730,0,0,113,674,12,234,113,908,California
Mariposa,2021-01-29,84,1217,22,425,62,792,0,0,83,756,1,235,83,991,California
Mariposa,2021-01-30,9,1226,1,426,8,800,0,0,8,763,1,236,8,999,California
Mariposa,2021-01-31,1,1227,0,426,1,801,0,0,1,764,0,236,1,1000,California
Mariposa,2021-02-01,87,1314,30,456,57,858,0,0,66,809,21,257,66,1066,California
Mariposa,2021-02-02,15,1329,3,459,12,870,0,0,9,812,6,263,9,1075,California
Mariposa,2021-02-03,20,1349,1,460,19,889,0,0,14,820,6,269,14,1089,California
Mariposa,2021-02-04,96,1445,8,468,88,977,0,0,91,908,4,273,92,1181,California
Mariposa,2021-02-05,189,1634,5,473,184,1161,0,0,163,1045,26,299,163,1344,California
Mariposa,2021-02-06,11,1645,4,477,7,1168,0,0,10,1054,1,300,10,1354,California
Mariposa,2021-02-08,40,1685,2,479,38,1206,0,0,21,1056,19,319,21,1375,California
Mariposa,2021-02-09,43,1728,25,504,18,1224,0,0,37,1087,6,325,37,1412,California
Mariposa,2021-02-10,28,1756,5,509,23,1247,0,0,17,1100,10,335,23,1435,California
Mariposa,2021-02-11,375,2131,5,514,370,1617,0,0,361,1450,14,349,364,1799,California
Mariposa,2021-02-12,184,2315,8,522,176,1793,0,0,141,1548,43,392,141,1940,California
Mariposa,2021-02-13,11,2326,3,525,8,1801,0,0,9,1555,2,394,9,1949,California
Mariposa,2021-02-14,8,2334,4,529,4,1805,0,0,5,1557,3,397,5,1954,California
Mariposa,2021-02-15,9,2343,3,532,6,1811,0,0,7,1562,2,399,7,1961,California
Mariposa,2021-02-16,57,2400,34,566,23,1834,0,0,34,1573,23,422,34,1995,California
Mariposa,2021-02-17,36,2436,8,574,28,1862,0,0,27,1593,8,430,28,2023,California
Mariposa,2021-02-18,56,2492,7,581,49,1911,0,0,20,1577,36,466,20,2043,California
Mariposa,2021-02-19,82,2574,3,584,79,1990,0,0,77,1649,5,471,77,2120,California
Mariposa,2021-02-20,251,2825,4,588,247,2237,0,0,221,1841,29,500,221,2341,California
Mariposa,2021-02-21,236,3061,3,591,233,2470,0,0,235,2075,1,501,235,2576,California
Mariposa,2021-02-22,23,3084,7,598,16,2486,0,0,21,2094,2,503,21,2597,California
Mariposa,2021-02-23,42,3126,36,634,6,2492,0,0,25,2102,17,520,25,2622,California
Mariposa,2021-02-24,20,3146,3,637,17,2509,0,0,8,2099,11,531,8,2630,California
Mariposa,2021-02-25,17,3163,8,645,9,2518,0,0,11,2104,6,537,11,2641,California
Mariposa,2021-02-26,420,3583,7,652,413,2931,0,0,359,2403,61,598,360,3001,California
Mariposa,2021-02-27,171,3754,5,657,166,3097,0,0,160,2552,11,609,160,3161,California
Mariposa,2021-02-28,2,3756,1,658,1,3098,0,0,0,2550,2,611,0,3161,California
Mariposa,2021-03-01,82,3838,26,684,56,3154,0,0,17,2503,64,675,17,3178,California
Mariposa,2021-03-02,21,3859,14,698,7,3161,0,0,11,2505,9,684,11,3189,California
Mariposa,2021-03-03,70,3929,5,703,65,3226,0,0,66,2568,4,688,67,3256,California
Mariposa,2021-03-04,36,3965,8,711,28,3254,0,0,20,2573,16,704,21,3277,California
Mariposa,2021-03-05,53,4018,9,720,44,3298,0,0,38,2601,15,719,43,3320,California
Mariposa,2021-03-06,15,4033,6,726,9,3307,0,0,7,2600,8,727,7,3327,California
Mariposa,2021-03-07,1,4034,1,727,0,3307,0,0,0,2599,1,728,0,3327,California
Mariposa,2021-03-08,38,4072,4,731,23,3330,11,11,9,2590,29,757,20,3347,California
Mariposa,2021-03-09,45,4117,18,749,17,3347,10,21,14,2583,31,788,24,3371,California
Mariposa,2021-03-10,29,4146,9,758,10,3357,10,31,9,2582,20,808,19,3390,California
Mariposa,2021-03-11,466,4612,6,764,442,3799,18,49,224,2586,241,1049,245,3635,California
Mariposa,2021-03-12,254,4866,8,772,219,4018,27,76,114,2586,140,1189,140,3775,California
Mariposa,2021-03-13,32,4898,6,778,11,4029,15,91,11,2590,21,1210,25,3800,California
Mariposa,2021-03-14,17,4915,2,780,4,4033,11,102,3,2590,14,1224,14,3814,California
Mariposa,2021-03-15,76,4991,7,787,31,4064,38,140,31,2614,45,1269,69,3883,California
Mariposa,2021-03-16,82,5073,32,819,15,4079,35,175,24,2615,58,1327,59,3942,California
Mariposa,2021-03-17,71,5144,10,829,53,4132,8,183,51,2655,19,1346,59,4001,California
Mariposa,2021-03-18,66,5210,15,844,41,4173,10,193,41,2681,25,1371,51,4052,California
Mariposa,2021-03-19,338,5548,11,855,322,4495,5,198,303,2954,35,1406,308,4360,California
Mariposa,2021-03-20,426,5974,5,860,419,4914,2,200,47,2625,379,1785,50,4410,California
Mariposa,2021-03-21,14,5988,8,868,5,4919,1,201,9,2631,4,1789,10,4420,California
Mariposa,2021-03-22,36,6024,7,875,21,4940,8,209,24,2652,12,1801,33,4453,California
Mariposa,2021-03-23,53,6077,33,908,10,4950,10,219,32,2673,21,1822,42,4495,California
Mariposa,2021-03-24,55,6132,5,913,48,4998,2,221,50,2720,5,1827,52,4547,California
Mariposa,2021-03-25,73,6205,15,928,50,5048,8,229,53,2761,20,1847,61,4608,California
Mariposa,2021-03-26,486,6691,9,937,476,5524,1,230,250,2776,236,2083,251,4859,California
Mariposa,2021-03-27,225,6916,8,945,217,5741,0,230,90,2733,135,2218,92,4951,California
Mariposa,2021-03-28,5,6921,0,945,2,5743,3,233,1,2733,4,2222,4,4955,California
Mariposa,2021-03-29,18,6939,5,950,13,5756,0,233,11,2737,7,2229,11,4966,California
Mariposa,2021-03-30,36,6975,13,963,7,5763,16,249,13,2743,23,2252,29,4995,California
Mariposa,2021-03-31,91,7066,16,979,68,5831,7,256,71,2801,20,2272,78,5073,California
Mariposa,2021-04-01,51,7117,9,988,34,5865,8,264,31,2820,20,2292,39,5112,California
Mariposa,2021-04-02,346,7463,11,999,333,6198,2,266,307,3091,38,2330,309,5421,California
Mariposa,2021-04-03,10,7473,7,1006,3,6201,0,266,5,3091,5,2335,5,5426,California
Mariposa,2021-04-04,2,7475,1,1007,0,6201,1,267,0,3090,2,2337,1,5427,California
Mariposa,2021-04-05,31,7506,23,1030,5,6206,3,270,15,3092,16,2353,18,5445,California
Mariposa,2021-04-06,44,7550,20,1050,8,6214,16,286,14,3093,29,2382,30,5475,California
Mariposa,2021-04-07,97,7647,6,1056,72,6286,19,305,28,3071,69,2451,47,5522,California
Mariposa,2021-04-08,275,7922,13,1069,243,6529,19,324,140,3098,133,2584,160,5682,California
Mariposa,2021-04-09,34,7956,9,1078,13,6542,12,336,10,3096,24,2608,22,5704,California
Mariposa,2021-04-10,202,8158,3,1081,189,6731,10,346,188,3280,13,2621,197,5901,California
Mariposa,2021-04-11,115,8273,4,1085,109,6840,2,348,48,3264,67,2688,51,5952,California
Mariposa,2021-04-12,38,8311,12,1097,24,6864,2,350,9,3246,29,2717,11,5963,California
Mariposa,2021-04-13,53,8364,45,1142,8,6872,0,350,34,3261,19,2736,34,5997,California
Mariposa,2021-04-14,112,8476,7,1149,105,6977,0,350,58,3266,53,2789,58,6055,California
Mariposa,2021-04-15,55,8531,17,1166,38,7015,0,350,40,3294,12,2801,40,6095,California
Mariposa,2021-04-16,381,8912,11,1177,370,7385,0,350,106,3125,275,3076,106,6201,California
Mariposa,2021-04-17,11,8923,6,1183,5,7390,0,350,8,3130,3,3079,8,6209,California
Mariposa,2021-04-18,6,8929,0,1183,6,7396,0,350,3,3130,3,3082,3,6212,California
Mariposa,2021-04-19,54,8983,23,1206,31,7427,0,350,28,3134,24,3106,28,6240,California
Mariposa,2021-04-20,62,9045,49,1255,13,7440,0,350,39,3153,20,3126,39,6279,California
Mariposa,2021-04-21,88,9133,12,1267,76,7516,0,350,40,3146,47,3173,40,6319,California
Mariposa,2021-04-22,44,9177,8,1275,36,7552,0,350,36,3175,7,3180,36,6355,California
Mariposa,2021-04-23,314,9491,69,1344,245,7797,0,350,145,3152,169,3349,146,6501,California
Mariposa,2021-04-24,105,9596,10,1354,95,7892,0,350,42,3132,62,3411,42,6543,California
Mariposa,2021-04-26,12,9608,9,1363,3,7895,0,350,2,3124,10,3421,2,6545,California
Mariposa,2021-04-27,29,9637,15,1378,13,7908,1,351,14,3128,11,3432,15,6560,California
Mariposa,2021-04-28,68,9705,13,1391,53,7961,2,353,28,3118,40,3472,30,6590,California
Mariposa,2021-04-29,42,9747,12,1403,29,7990,1,354,37,3151,5,3477,38,6628,California
Mariposa,2021-04-30,50,9797,4,1407,41,8031,5,359,39,3184,11,3488,44,6672,California
Mariposa,2021-05-01,1,9798,1,1408,0,8031,0,359,0,3183,1,3489,0,6672,California
Mariposa,2021-05-02,3,9801,2,1410,0,8031,1,360,0,3181,3,3492,1,6673,California
Mariposa,2021-05-03,15,9816,12,1422,2,8033,1,361,7,3182,7,3499,8,6681,California
Mariposa,2021-05-04,50,9866,31,1453,15,8048,4,365,36,3208,14,3513,40,6721,California
Mariposa,2021-05-05,54,9920,8,1461,44,8092,2,367,19,3194,35,3548,21,6742,California
Mariposa,2021-05-06,55,9975,33,1494,16,8108,6,373,36,3217,19,3567,42,6784,California
Mariposa,2021-05-07,15,9990,2,1496,13,8121,0,373,10,3222,5,3572,10,6794,California
Mariposa,2021-05-08,20,10010,2,1498,18,8139,0,373,18,3238,2,3574,18,6812,California
Mendocino,2020-12-17,70,70,70,70,0,0,0,0,70,70,0,0,70,70,California
Mendocino,2020-12-18,85,155,84,154,1,1,0,0,84,154,0,0,84,154,California
Mendocino,2020-12-19,4,159,4,158,0,1,0,0,4,158,0,0,4,158,California
Mendocino,2020-12-20,7,166,7,165,0,1,0,0,7,165,0,0,7,165,California
Mendocino,2020-12-21,241,407,241,406,0,1,0,0,77,242,0,0,77,242,California
Mendocino,2020-12-22,251,658,190,596,61,62,0,0,251,493,0,0,251,493,California
Mendocino,2020-12-23,270,928,47,643,223,285,0,0,269,762,0,0,269,762,California
Mendocino,2020-12-24,49,977,8,651,41,326,0,0,49,811,0,0,49,811,California
Mendocino,2020-12-25,1,978,0,651,1,327,0,0,1,812,0,0,1,812,California
Mendocino,2020-12-26,2,980,2,653,0,327,0,0,2,814,0,0,2,814,California
Mendocino,2020-12-27,1,981,0,653,1,328,0,0,1,815,0,0,1,815,California
Mendocino,2020-12-28,74,1055,9,662,65,393,0,0,74,889,0,0,74,889,California
Mendocino,2020-12-29,122,1177,61,723,61,454,0,0,122,1011,0,0,122,1011,California
Mendocino,2020-12-30,123,1300,68,791,55,509,0,0,123,1134,0,0,123,1134,California
Mendocino,2020-12-31,131,1431,96,887,35,544,0,0,131,1265,0,0,131,1265,California
Mendocino,2021-01-01,8,1439,6,893,2,546,0,0,8,1273,0,0,8,1273,California
Mendocino,2021-01-04,840,2279,19,912,821,1367,0,0,840,2113,0,0,840,2113,California
Mendocino,2021-01-05,71,2350,35,947,36,1403,0,0,58,2158,13,13,58,2171,California
Mendocino,2021-01-06,155,2505,133,1080,22,1425,0,0,145,2293,10,23,145,2316,California
Mendocino,2021-01-07,358,2863,238,1318,120,1545,0,0,295,2525,63,86,295,2611,California
Mendocino,2021-01-08,95,2958,82,1400,13,1558,0,0,41,2513,54,140,42,2653,California
Mendocino,2021-01-09,10,2968,6,1406,4,1562,0,0,8,2519,2,142,8,2661,California
Mendocino,2021-01-10,8,2976,8,1414,0,1562,0,0,1,2513,7,149,1,2662,California
Mendocino,2021-01-11,101,3077,92,1506,9,1571,0,0,43,2499,57,206,43,2705,California
Mendocino,2021-01-12,385,3462,375,1881,10,1581,0,0,269,2652,116,322,269,2974,California
Mendocino,2021-01-13,484,3946,145,2026,339,1920,0,0,442,3055,40,362,443,3417,California
Mendocino,2021-01-14,636,4582,20,2046,616,2536,0,0,627,3673,9,371,627,4044,California
Mendocino,2021-01-15,1857,6439,859,2905,998,3534,0,0,1852,5521,5,376,1853,5897,California
Mendocino,2021-01-16,791,7230,50,2955,741,4275,0,0,789,6308,2,378,789,6686,California
Mendocino,2021-01-17,553,7783,1,2956,552,4827,0,0,552,6859,1,379,552,7238,California
Mendocino,2021-01-18,488,8271,463,3419,25,4852,0,0,476,7323,12,391,476,7714,California
Mendocino,2021-01-19,334,8605,148,3567,186,5038,0,0,158,7305,176,567,158,7872,California
Mendocino,2021-01-20,553,9158,406,3973,147,5185,0,0,447,7649,104,671,448,8320,California
Mendocino,2021-01-21,536,9694,223,4196,313,5498,0,0,351,7816,184,855,351,8671,California
Mendocino,2021-01-22,149,9843,58,4254,91,5589,0,0,110,7887,39,894,110,8781,California
Mendocino,2021-01-23,155,9998,83,4337,72,5661,0,0,149,8030,6,900,149,8930,California
Mendocino,2021-01-24,5,10003,3,4340,2,5663,0,0,5,8035,0,900,5,8935,California
Mendocino,2021-01-25,191,10194,18,4358,173,5836,0,0,121,8086,70,970,121,9056,California
Mendocino,2021-01-26,155,10349,55,4413,100,5936,0,0,95,8121,60,1030,95,9151,California
Mendocino,2021-01-27,439,10788,369,4782,70,6006,0,0,174,8037,258,1288,174,9325,California
Mendocino,2021-01-28,590,11378,526,5308,64,6070,0,0,495,8438,94,1382,495,9820,California
Mendocino,2021-01-29,392,11770,351,5659,41,6111,0,0,363,8773,29,1411,364,10184,California
Mendocino,2021-01-30,49,11819,31,5690,18,6129,0,0,42,8808,7,1418,42,10226,California
Mendocino,2021-01-31,273,12092,2,5692,271,6400,0,0,3,8541,270,1688,3,10229,California
Mendocino,2021-02-01,381,12473,52,5744,329,6729,0,0,59,8278,322,2010,59,10288,California
Mendocino,2021-02-02,723,13196,503,6247,220,6949,0,0,364,8283,359,2369,364,10652,California
Mendocino,2021-02-03,390,13586,205,6452,185,7134,0,0,221,8337,167,2536,221,10873,California
Mendocino,2021-02-04,624,14210,529,6981,95,7229,0,0,500,8713,124,2660,500,11373,California
Mendocino,2021-02-05,1300,15510,1212,8193,88,7317,0,0,583,8581,715,3375,583,11956,California
Mendocino,2021-02-06,559,16069,158,8351,401,7718,0,0,544,9110,15,3390,544,12500,California
Mendocino,2021-02-07,32,16101,28,8379,4,7722,0,0,32,9142,0,3390,32,12532,California
Mendocino,2021-02-08,747,16848,715,9094,32,7754,0,0,285,8965,462,3852,285,12817,California
Mendocino,2021-02-09,141,16989,58,9152,83,7837,0,0,89,9002,52,3904,89,12906,California
Mendocino,2021-02-10,1481,18470,921,10073,560,8397,0,0,741,9009,734,4638,741,13647,California
Mendocino,2021-02-11,1134,19604,208,10281,926,9323,0,0,280,8435,854,5492,280,13927,California
Mendocino,2021-02-12,1405,21009,162,10443,1243,10566,0,0,640,8311,764,6256,640,14567,California
Mendocino,2021-02-13,496,21505,12,10455,484,11050,0,0,103,8027,392,6648,108,14675,California
Mendocino,2021-02-14,693,22198,3,10458,690,11740,0,0,134,7602,559,7207,134,14809,California
Mendocino,2021-02-15,330,22528,42,10500,288,12028,0,0,175,7622,155,7362,175,14984,California
Mendocino,2021-02-16,201,22729,51,10551,150,12178,0,0,130,7681,71,7433,130,15114,California
Mendocino,2021-02-17,1353,24082,1191,11742,162,12340,0,0,878,8086,473,7906,878,15992,California
Mendocino,2021-02-18,1781,25863,640,12382,1141,13481,0,0,1215,8736,565,8471,1215,17207,California
Mendocino,2021-02-19,750,26613,146,12528,604,14085,0,0,611,9208,139,8610,611,17818,California
Mendocino,2021-02-20,571,27184,545,13073,26,14111,0,0,540,9719,29,8639,540,18358,California
Mendocino,2021-02-21,325,27509,6,13079,319,14430,0,0,313,10021,11,8650,313,18671,California
Mendocino,2021-02-22,162,27671,30,13109,132,14562,0,0,69,9999,91,8741,69,18740,California
Mendocino,2021-02-23,677,28348,664,13773,13,14575,0,0,613,10550,62,8803,613,19353,California
Mendocino,2021-02-24,1839,30187,1759,15532,80,14655,0,0,1430,11578,404,9207,1432,20785,California
Mendocino,2021-02-25,1703,31890,531,16063,1172,15827,0,0,1284,12444,418,9625,1284,22069,California
Mendocino,2021-02-26,1402,33292,748,16811,654,16481,0,0,1039,13122,361,9986,1039,23108,California
Mendocino,2021-02-27,199,33491,151,16962,48,16529,0,0,76,13076,122,10108,76,23184,California
Mendocino,2021-02-28,35,33526,13,16975,22,16551,0,0,24,13089,11,10119,24,23208,California
Mendocino,2021-03-01,578,34104,534,17509,44,16595,0,0,539,13591,37,10156,539,23747,California
Mendocino,2021-03-02,73,34177,26,17535,47,16642,0,0,41,13601,31,10187,41,23788,California
Mendocino,2021-03-03,1715,35892,1330,18865,385,17027,0,0,1082,14052,631,10818,1082,24870,California
Mendocino,2021-03-04,1767,37659,147,19012,1620,18647,0,0,1550,15388,215,11033,1551,26421,California
Mendocino,2021-03-05,210,37869,149,19161,52,18699,9,9,118,15425,90,11123,127,26548,California
Mendocino,2021-03-06,244,38113,21,19182,198,18897,25,34,203,15613,40,11163,228,26776,California
Mendocino,2021-03-07,505,38618,8,19190,477,19374,20,54,118,15364,386,11549,137,26913,California
Mendocino,2021-03-08,124,38742,30,19220,58,19432,36,90,64,15406,58,11607,100,27013,California
Mendocino,2021-03-09,572,39314,232,19452,299,19731,41,131,474,15823,98,11705,515,27528,California
Mendocino,2021-03-10,1110,40424,980,20432,65,19796,65,196,268,15320,839,12544,336,27864,California
Mendocino,2021-03-11,825,41249,612,21044,160,19956,53,249,395,15341,427,12971,448,28312,California
Mendocino,2021-03-12,2020,43269,1031,22075,894,20850,95,344,1213,15849,800,13771,1308,29620,California
Mendocino,2021-03-13,654,43923,524,22599,73,20923,57,401,97,15450,553,14324,154,29774,California
Mendocino,2021-03-14,104,44027,2,22601,95,21018,7,408,11,15379,89,14413,18,29792,California
Mendocino,2021-03-15,597,44624,50,22651,489,21507,58,466,208,15256,388,14801,265,30057,California
Mendocino,2021-03-16,569,45193,373,23024,151,21658,45,511,138,15010,429,15230,183,30240,California
Mendocino,2021-03-17,1563,46756,1359,24383,56,21714,148,659,214,14033,1346,16576,369,30609,California
Mendocino,2021-03-18,1306,48062,247,24630,1021,22735,38,697,284,13340,1014,17590,321,30930,California
Mendocino,2021-03-19,1756,49818,856,25486,839,23574,61,758,332,12315,1420,19010,395,31325,California
Mendocino,2021-03-20,68,49886,10,25496,37,23611,21,779,12,12292,56,19066,33,31358,California
Mendocino,2021-03-21,8,49894,1,25497,2,23613,5,784,3,12295,5,19071,8,31366,California
Mendocino,2021-03-22,624,50518,580,26077,15,23628,29,813,146,11995,474,19545,174,31540,California
Mendocino,2021-03-23,165,50683,33,26110,102,23730,30,843,115,12090,50,19595,145,31685,California
Mendocino,2021-03-24,911,51594,840,26950,24,23754,47,890,114,11456,795,20390,161,31846,California
Mendocino,2021-03-25,1987,53581,50,27000,1917,25671,20,910,174,9839,1809,22199,192,32038,California
Mendocino,2021-03-26,507,54088,358,27358,124,25795,25,935,324,10005,183,22382,349,32387,California
Mendocino,2021-03-27,143,54231,13,27371,118,25913,12,947,81,10036,61,22443,92,32479,California
Mendocino,2021-03-28,25,54256,5,27376,16,25929,4,951,3,10022,21,22464,7,32486,California
Mendocino,2021-03-29,187,54443,99,27475,46,25975,42,993,96,10069,91,22555,138,32624,California
Mendocino,2021-03-30,683,55126,598,28073,48,26023,37,1030,411,10246,271,22826,448,33072,California
Mendocino,2021-03-31,869,55995,272,28345,537,26560,60,1090,405,10249,462,23288,465,33537,California
Mendocino,2021-04-01,1708,57703,399,28744,1231,27791,78,1168,384,9394,1316,24604,461,33998,California
Mendocino,2021-04-02,1284,58987,1056,29800,155,27946,73,1241,223,8633,1057,25661,296,34294,California
Mendocino,2021-04-03,703,59690,7,29807,675,28621,21,1262,82,8119,617,26278,103,34397,California
Mendocino,2021-04-04,69,59759,34,29841,29,28650,6,1268,54,8164,15,26293,60,34457,California
Mendocino,2021-04-05,211,59970,142,29983,45,28695,24,1292,131,8236,80,26373,152,34609,California
Mendocino,2021-04-06,396,60366,121,30104,180,28875,95,1387,107,8149,289,26662,202,34811,California
Mendocino,2021-04-07,485,60851,177,30281,63,28938,245,1632,120,8150,363,27025,364,35175,California
Mendocino,2021-04-08,1488,62339,911,31192,462,29400,115,1747,998,8780,483,27508,1113,36288,California
Mendocino,2021-04-09,757,63096,424,31616,172,29572,161,1908,396,8977,360,27868,557,36845,California
Mendocino,2021-04-10,403,63499,91,31707,267,29839,45,1953,100,8819,303,28171,145,36990,California
Mendocino,2021-04-11,121,63620,47,31754,18,29857,56,2009,58,8870,63,28234,114,37104,California
Mendocino,2021-04-12,619,64239,513,32267,46,29903,60,2069,413,9137,206,28440,473,37577,California
Mendocino,2021-04-13,288,64527,225,32492,63,29966,0,2069,221,9291,67,28507,221,37798,California
Mendocino,2021-04-14,513,65040,424,32916,89,30055,0,2069,412,9602,101,28608,412,38210,California
Mendocino,2021-04-15,656,65696,326,33242,330,30385,0,2069,395,9740,257,28865,395,38605,California
Mendocino,2021-04-16,124,65820,51,33293,72,30457,1,2070,76,9770,47,28912,77,38682,California
Mendocino,2021-04-17,196,66016,11,33304,185,30642,0,2070,69,9713,126,29038,69,38751,California
Mendocino,2021-04-18,7,66023,2,33306,5,30647,0,2070,4,9714,3,29041,4,38755,California
Mendocino,2021-04-19,531,66554,506,33812,24,30671,1,2071,433,10051,97,29138,434,39189,California
Mendocino,2021-04-20,410,66964,283,34095,127,30798,0,2071,261,10163,149,29287,261,39450,California
Mendocino,2021-04-21,182,67146,124,34219,57,30855,1,2072,113,10208,68,29355,113,39563,California
Mendocino,2021-04-22,485,67631,309,34528,175,31030,1,2073,320,10365,163,29518,320,39883,California
Mendocino,2021-04-23,840,68471,699,35227,141,31171,0,2073,688,10903,150,29668,688,40571,California
Mendocino,2021-04-24,101,68572,14,35241,87,31258,0,2073,94,10990,7,29675,94,40665,California
Mendocino,2021-04-25,52,68624,28,35269,20,31278,4,2077,18,10978,34,29709,22,40687,California
Mendocino,2021-04-26,267,68891,205,35474,57,31335,5,2082,184,11085,82,29791,189,40876,California
Mendocino,2021-04-27,174,69065,67,35541,83,31418,24,2106,90,11115,83,29874,113,40989,California
Mendocino,2021-04-28,215,69280,147,35688,53,31471,15,2121,126,11167,89,29963,141,41130,California
Mendocino,2021-04-29,1135,70415,839,36527,282,31753,14,2135,106,10260,1027,30990,120,41250,California
Mendocino,2021-04-30,607,71022,386,36913,211,31964,10,2145,229,10121,378,31368,239,41489,California
Mendocino,2021-05-01,470,71492,434,37347,30,31994,6,2151,366,10390,103,31471,372,41861,California
Mendocino,2021-05-02,56,71548,47,37394,6,32000,3,2154,9,10356,46,31517,12,41873,California
Mendocino,2021-05-03,135,71683,76,37470,38,32038,21,2175,40,10323,94,31611,61,41934,California
Mendocino,2021-05-04,362,72045,253,37723,86,32124,23,2198,134,10253,227,31838,157,42091,California
Mendocino,2021-05-05,865,72910,783,38506,66,32190,16,2214,216,9837,647,32485,231,42322,California
Mendocino,2021-05-06,624,73534,381,38887,222,32412,21,2235,149,9535,472,32957,170,42492,California
Mendocino,2021-05-07,87,73621,28,38915,41,32453,18,2253,39,9545,47,33004,57,42549,California
Mendocino,2021-05-08,4,73625,1,38916,3,32456,0,2253,1,9543,3,33007,1,42550,California
Merced,2020-12-16,3,3,3,3,0,0,0,0,3,3,0,0,3,3,California
Merced,2020-12-17,5,8,5,8,0,0,0,0,5,8,0,0,5,8,California
Merced,2020-12-18,143,151,143,151,0,0,0,0,143,151,0,0,143,151,California
Merced,2020-12-19,39,190,39,190,0,0,0,0,39,190,0,0,39,190,California
Merced,2020-12-20,17,207,17,207,0,0,0,0,17,207,0,0,17,207,California
Merced,2020-12-21,125,332,122,329,3,3,0,0,125,332,0,0,125,332,California
Merced,2020-12-22,152,484,152,481,0,3,0,0,152,484,0,0,152,484,California
Merced,2020-12-23,248,732,242,723,6,9,0,0,248,732,0,0,248,732,California
Merced,2020-12-24,72,804,72,795,0,9,0,0,72,804,0,0,72,804,California
Merced,2020-12-25,4,808,4,799,0,9,0,0,4,808,0,0,4,808,California
Merced,2020-12-26,6,814,3,802,3,12,0,0,6,814,0,0,6,814,California
Merced,2020-12-27,12,826,11,813,1,13,0,0,12,826,0,0,12,826,California
Merced,2020-12-28,123,949,98,911,25,38,0,0,123,949,0,0,123,949,California
Merced,2020-12-29,180,1129,124,1035,56,94,0,0,180,1129,0,0,180,1129,California
Merced,2020-12-30,214,1343,89,1124,125,219,0,0,214,1343,0,0,214,1343,California
Merced,2020-12-31,103,1446,34,1158,69,288,0,0,103,1446,0,0,103,1446,California
Merced,2021-01-01,3,1449,0,1158,3,291,0,0,3,1449,0,0,3,1449,California
Merced,2021-01-02,128,1577,117,1275,11,302,0,0,128,1577,0,0,128,1577,California
Merced,2021-01-03,9,1586,5,1280,4,306,0,0,9,1586,0,0,9,1586,California
Merced,2021-01-04,80,1666,42,1322,38,344,0,0,80,1666,0,0,80,1666,California
Merced,2021-01-05,320,1986,231,1553,89,433,0,0,314,1976,6,6,316,1982,California
Merced,2021-01-06,254,2240,103,1656,151,584,0,0,248,2218,6,12,248,2230,California
Merced,2021-01-07,184,2424,80,1736,104,688,0,0,174,2381,11,23,174,2404,California
Merced,2021-01-08,527,2951,393,2129,134,822,0,0,376,2607,150,173,376,2780,California
Merced,2021-01-09,23,2974,10,2139,13,835,0,0,17,2618,6,179,17,2797,California
Merced,2021-01-10,11,2985,7,2146,4,839,0,0,7,2621,4,183,7,2804,California
Merced,2021-01-11,225,3210,167,2313,58,897,0,0,101,2600,124,307,103,2907,California
Merced,2021-01-12,280,3490,157,2470,123,1020,0,0,230,2779,51,358,230,3137,California
Merced,2021-01-13,372,3862,173,2643,199,1219,0,0,221,2852,151,509,224,3361,California
Merced,2021-01-14,325,4187,201,2844,124,1343,0,0,160,2849,164,673,161,3522,California
Merced,2021-01-15,578,4765,127,2971,451,1794,0,0,540,3352,39,712,542,4064,California
Merced,2021-01-16,203,4968,122,3093,81,1875,0,0,198,3545,5,717,198,4262,California
Merced,2021-01-17,49,5017,12,3105,37,1912,0,0,48,3592,1,718,48,4310,California
Merced,2021-01-18,260,5277,126,3231,134,2046,0,0,238,3811,22,740,241,4551,California
Merced,2021-01-19,710,5987,586,3817,124,2170,0,0,539,4183,171,911,543,5094,California
Merced,2021-01-20,571,6558,466,4283,105,2275,0,0,514,4643,57,968,517,5611,California
Merced,2021-01-21,1006,7564,646,4929,360,2635,0,0,907,5454,99,1067,910,6521,California
Merced,2021-01-22,1304,8868,686,5615,618,3253,0,0,1277,6716,27,1094,1289,7810,California
Merced,2021-01-23,307,9175,185,5800,122,3375,0,0,202,6813,105,1199,202,8012,California
Merced,2021-01-24,32,9207,14,5814,18,3393,0,0,23,6828,8,1207,23,8035,California
Merced,2021-01-25,726,9933,240,6054,486,3879,0,0,667,7438,58,1265,668,8703,California
Merced,2021-01-26,912,10845,483,6537,429,4308,0,0,671,7896,214,1479,672,9375,California
Merced,2021-01-27,976,11821,582,7119,394,4702,0,0,809,8540,165,1644,809,10184,California
Merced,2021-01-28,1138,12959,592,7711,546,5248,0,0,1016,9435,122,1766,1017,11201,California
Merced,2021-01-29,845,13804,321,8032,524,5772,0,0,600,9799,238,2004,602,11803,California
Merced,2021-01-30,259,14063,27,8059,232,6004,0,0,243,10026,16,2020,243,12046,California
Merced,2021-01-31,46,14109,10,8069,36,6040,0,0,45,10070,1,2021,45,12091,California
Merced,2021-02-01,373,14482,52,8121,321,6361,0,0,325,10349,47,2068,326,12417,California
Merced,2021-02-02,293,14775,181,8302,112,6473,0,0,174,10407,117,2185,175,12592,California
Merced,2021-02-03,349,15124,71,8373,278,6751,0,0,168,10394,181,2366,168,12760,California
Merced,2021-02-04,371,15495,146,8519,225,6976,0,0,240,10505,130,2496,241,13001,California
Merced,2021-02-05,513,16008,173,8692,340,7316,0,0,272,10539,240,2736,274,13275,California
Merced,2021-02-06,388,16396,219,8911,169,7485,0,0,245,10643,142,2878,246,13521,California
Merced,2021-02-07,21,16417,13,8924,8,7493,0,0,14,10650,7,2885,14,13535,California
Merced,2021-02-08,278,16695,196,9120,82,7575,0,0,169,10712,108,2993,170,13705,California
Merced,2021-02-09,1213,17908,953,10073,260,7835,0,0,771,11050,434,3427,772,14477,California
Merced,2021-02-10,1852,19760,1431,11504,421,8256,0,0,1273,11754,569,3996,1273,15750,California
Merced,2021-02-11,2502,22262,2006,13510,496,8752,0,0,1815,12891,678,4674,1815,17565,California
Merced,2021-02-12,1713,23975,1012,14522,701,9453,0,0,745,12679,959,5633,747,18312,California
Merced,2021-02-13,360,24335,205,14727,155,9608,0,0,262,12846,97,5730,264,18576,California
Merced,2021-02-14,117,24452,26,14753,91,9699,0,0,96,12922,21,5751,97,18673,California
Merced,2021-02-15,274,24726,40,14793,234,9933,0,0,170,12995,98,5849,171,18844,California
Merced,2021-02-16,1211,25937,842,15635,369,10302,0,0,837,13478,356,6205,839,19683,California
Merced,2021-02-17,1874,27811,1629,17264,245,10547,0,0,1314,14247,547,6752,1316,20999,California
Merced,2021-02-18,1205,29016,816,18080,389,10936,0,0,403,13869,781,7533,403,21402,California
Merced,2021-02-19,1262,30278,413,18493,849,11785,0,0,537,13689,719,8252,539,21941,California
Merced,2021-02-20,276,30554,31,18524,245,12030,0,0,142,13699,132,8384,142,22083,California
Merced,2021-02-21,76,30630,62,18586,14,12044,0,0,32,13687,44,8428,32,22115,California
Merced,2021-02-22,826,31456,293,18879,533,12577,0,0,480,13823,344,8772,480,22595,California
Merced,2021-02-23,1080,32536,421,19300,659,13236,0,0,638,14024,437,9209,638,23233,California
Merced,2021-02-24,814,33350,302,19602,512,13748,0,0,444,14108,361,9570,445,23678,California
Merced,2021-02-25,1754,35104,864,20466,890,14638,0,0,1303,14965,448,10018,1305,24983,California
Merced,2021-02-26,2137,37241,1365,21831,772,15410,0,0,1728,16287,407,10425,1729,26712,California
Merced,2021-02-27,2518,39759,1101,22932,1417,16827,0,0,2233,18236,284,10709,2233,28945,California
Merced,2021-02-28,299,40058,71,23003,228,17055,0,0,251,18443,44,10753,251,29196,California
Merced,2021-03-01,1112,41170,279,23282,833,17888,0,0,773,18885,331,11084,773,29969,California
Merced,2021-03-02,1745,42915,902,24184,842,18730,1,1,1358,19866,378,11462,1359,31328,California
Merced,2021-03-03,2210,45125,1726,25910,483,19213,1,2,1455,20584,738,12200,1456,32784,California
Merced,2021-03-04,2880,48005,2267,28177,611,19824,2,4,1910,21544,953,13153,1913,34697,California
Merced,2021-03-05,2064,50069,1193,29370,847,20671,24,28,1528,22573,524,13677,1553,36250,California
Merced,2021-03-06,1166,51235,662,30032,482,21153,22,50,910,23250,255,13932,932,37182,California
Merced,2021-03-07,229,51464,65,30097,139,21292,25,75,200,23446,29,13961,225,37407,California
Merced,2021-03-08,1340,52804,742,30839,533,21825,65,140,1129,24429,210,14171,1193,38600,California
Merced,2021-03-09,1689,54493,995,31834,587,22412,107,247,1097,25047,587,14758,1205,39805,California
Merced,2021-03-10,2685,57178,1860,33694,625,23037,200,447,1615,25810,1057,15815,1820,41625,California
Merced,2021-03-11,1931,59109,685,34379,1041,24078,205,652,1219,26557,699,16514,1446,43071,California
Merced,2021-03-12,2192,61301,899,35278,1026,25104,267,919,1479,27606,709,17223,1758,44829,California
Merced,2021-03-13,720,62021,309,35587,168,25272,243,1162,412,27962,300,17523,656,45485,California
Merced,2021-03-14,249,62270,136,35723,83,25355,30,1192,149,28043,99,17622,180,45665,California
Merced,2021-03-15,1501,63771,493,36216,753,26108,255,1447,983,28769,511,18133,1237,46902,California
Merced,2021-03-16,1430,65201,686,36902,519,26627,225,1672,948,29468,473,18606,1172,48074,California
Merced,2021-03-17,1959,67160,1057,37959,724,27351,178,1850,1511,30719,440,19046,1691,49765,California
Merced,2021-03-18,2032,69192,1166,39125,719,28070,147,1997,1386,31628,638,19684,1547,51312,California
Merced,2021-03-19,2659,71851,1447,40572,1019,29089,193,2190,1382,31938,1266,20950,1576,52888,California
Merced,2021-03-20,2413,74264,1485,42057,533,29622,395,2585,960,31847,1450,22400,1359,54247,California
Merced,2021-03-21,556,74820,343,42400,200,29822,13,2598,437,32180,119,22519,452,54699,California
Merced,2021-03-22,1259,76079,628,43028,555,30377,76,2674,887,32780,365,22884,965,55664,California
Merced,2021-03-23,1820,77899,1097,44125,659,31036,64,2738,1345,33719,471,23355,1410,57074,California
Merced,2021-03-24,1407,79306,877,45002,495,31531,35,2773,930,34213,472,23827,966,58040,California
Merced,2021-03-25,3298,82604,2267,47269,1010,32541,21,2794,2077,35101,1213,25040,2101,60141,California
Merced,2021-03-26,1917,84521,1073,48342,810,33351,34,2828,885,34995,1024,26064,918,61059,California
Merced,2021-03-27,3033,87554,1766,50108,1196,34547,71,2899,1383,34811,1639,27703,1455,62514,California
Merced,2021-03-28,512,88066,211,50319,294,34841,7,2906,210,34729,300,28003,218,62732,California
Merced,2021-03-29,1726,89792,695,51014,867,35708,164,3070,661,34499,1059,29062,829,63561,California
Merced,2021-03-30,2124,91916,790,51804,1275,36983,59,3129,979,34396,1141,30203,1038,64599,California
Merced,2021-03-31,2107,94023,1394,53198,679,37662,34,3163,941,34221,1151,31354,976,65575,California
Merced,2021-04-01,2171,96194,1016,54214,1034,38696,121,3284,997,34172,1169,32523,1120,66695,California
Merced,2021-04-02,2321,98515,631,54845,1287,39983,403,3687,778,33828,1526,34049,1182,67877,California
Merced,2021-04-03,892,99407,420,55265,459,40442,13,3700,490,33935,398,34447,505,68382,California
Merced,2021-04-04,368,99775,142,55407,222,40664,4,3704,140,33855,227,34674,147,68529,California
Merced,2021-04-05,1249,101024,591,55998,447,41111,211,3915,408,33637,836,35510,618,69147,California
Merced,2021-04-06,2411,103435,890,56888,696,41807,825,4740,898,33850,1509,37019,1722,70869,California
Merced,2021-04-07,1647,105082,885,57773,655,42462,107,4847,583,33491,1051,38070,692,71561,California
Merced,2021-04-08,2247,107329,1145,58918,887,43349,215,5062,789,33064,1429,39499,1002,72563,California
Merced,2021-04-09,1676,109005,475,59393,625,43974,576,5638,562,33106,1098,40597,1140,73703,California
Merced,2021-04-10,691,109696,362,59755,142,44116,187,5825,174,32953,512,41109,359,74062,California
Merced,2021-04-11,486,110182,280,60035,72,44188,134,5959,146,32896,338,41447,281,74343,California
Merced,2021-04-12,1415,111597,927,60962,365,44553,123,6082,814,33267,566,42013,937,75280,California
Merced,2021-04-13,2019,113616,1446,62408,570,45123,3,6085,935,33207,1001,43014,941,76221,California
Merced,2021-04-14,2036,115652,1207,63615,829,45952,0,6085,901,33105,1005,44019,903,77124,California
Merced,2021-04-15,3006,118658,1970,65585,1036,46988,0,6085,955,32239,1825,45844,959,78083,California
Merced,2021-04-16,2352,121010,1146,66731,1206,48194,0,6085,960,31904,1295,47139,960,79043,California
Merced,2021-04-17,1439,122449,793,67524,646,48840,0,6085,372,31215,1062,48201,373,79416,California
Merced,2021-04-18,467,122916,248,67772,219,49059,0,6085,192,31159,248,48449,192,79608,California
Merced,2021-04-19,1315,124231,739,68511,576,49635,0,6085,703,31344,518,48967,703,80311,California
Merced,2021-04-20,1408,125639,732,69243,676,50311,0,6085,785,31577,553,49520,786,81097,California
Merced,2021-04-21,1462,127101,879,70122,583,50894,0,6085,753,31732,598,50118,753,81850,California
Merced,2021-04-22,1600,128701,737,70859,863,51757,0,6085,779,31771,740,50858,779,82629,California
Merced,2021-04-23,1625,130326,666,71525,959,52716,0,6085,883,31959,696,51554,884,83513,California
Merced,2021-04-24,566,130892,397,71922,169,52885,0,6085,388,32174,174,51728,389,83902,California
Merced,2021-04-25,324,131216,185,72107,139,53024,0,6085,192,32235,131,51859,192,84094,California
Merced,2021-04-26,1118,132334,456,72563,662,53686,0,6085,590,32332,495,52354,592,84686,California
Merced,2021-04-27,1471,133805,621,73184,840,54526,10,6095,613,32163,793,53147,624,85310,California
Merced,2021-04-28,1358,135163,672,73856,677,55203,9,6104,783,32401,555,53702,793,86103,California
Merced,2021-04-29,1317,136480,517,74373,775,55978,25,6129,635,32387,675,54377,661,86764,California
Merced,2021-04-30,1372,137852,557,74930,773,56751,42,6171,681,32423,688,55065,724,87488,California
Merced,2021-05-01,553,138405,238,75168,311,57062,4,6175,258,32393,292,55357,262,87750,California
Merced,2021-05-02,291,138696,117,75285,159,57221,15,6190,128,32374,163,55520,144,87894,California
Merced,2021-05-03,767,139463,527,75812,194,57415,46,6236,268,32213,496,56016,335,88229,California
Merced,2021-05-04,989,140452,534,76346,402,57817,53,6289,349,31978,636,56652,401,88630,California
Merced,2021-05-05,1104,141556,703,77049,328,58145,73,6362,459,31874,637,57289,533,89163,California
Merced,2021-05-06,844,142400,450,77499,346,58491,48,6410,267,31616,573,57862,315,89478,California
Merced,2021-05-07,405,142805,83,77582,298,58789,24,6434,191,31627,213,58075,224,89702,California
Merced,2021-05-08,190,142995,67,77649,97,58886,26,6460,69,31602,120,58195,95,89797,California
Modoc,2020-12-16,1,1,1,1,0,0,0,0,1,1,0,0,1,1,California
Modoc,2020-12-21,99,100,99,100,0,0,0,0,99,100,0,0,99,100,California
Modoc,2020-12-22,14,114,14,114,0,0,0,0,14,114,0,0,14,114,California
Modoc,2020-12-23,4,118,4,118,0,0,0,0,4,118,0,0,4,118,California
Modoc,2020-12-24,1,119,1,119,0,0,0,0,1,119,0,0,1,119,California
Modoc,2020-12-28,2,121,2,121,0,0,0,0,2,121,0,0,2,121,California
Modoc,2020-12-29,10,131,1,122,9,9,0,0,10,131,0,0,10,131,California
Modoc,2020-12-30,7,138,0,122,7,16,0,0,7,138,0,0,7,138,California
Modoc,2021-01-02,2,140,0,122,2,18,0,0,2,140,0,0,2,140,California
Modoc,2021-01-04,8,148,0,122,8,26,0,0,8,148,0,0,8,148,California
Modoc,2021-01-05,2,150,1,123,1,27,0,0,2,150,0,0,2,150,California
Modoc,2021-01-06,3,153,2,125,1,28,0,0,2,151,1,1,2,152,California
Modoc,2021-01-07,72,225,0,125,72,100,0,0,72,223,0,1,72,224,California
Modoc,2021-01-08,105,330,0,125,105,205,0,0,105,328,0,1,105,329,California
Modoc,2021-01-10,1,331,1,126,0,205,0,0,0,327,1,2,0,329,California
Modoc,2021-01-11,90,421,81,207,9,214,0,0,19,275,71,73,19,348,California
Modoc,2021-01-12,94,515,25,232,69,283,0,0,68,317,26,99,68,416,California
Modoc,2021-01-13,24,539,4,236,20,303,0,0,22,337,2,101,22,438,California
Modoc,2021-01-14,129,668,6,242,123,426,0,0,124,456,5,106,124,562,California
Modoc,2021-01-15,6,674,1,243,5,431,0,0,6,462,0,106,6,568,California
Modoc,2021-01-16,1,675,1,244,0,431,0,0,1,463,0,106,1,569,California
Modoc,2021-01-18,1,676,1,245,0,431,0,0,1,464,0,106,1,570,California
Modoc,2021-01-19,5,681,3,248,2,433,0,0,3,465,2,108,3,573,California
Modoc,2021-01-20,11,692,1,249,10,443,0,0,11,476,0,108,11,584,California
Modoc,2021-01-21,157,849,2,251,155,598,0,0,157,633,0,108,157,741,California
Modoc,2021-01-22,2,851,0,251,2,600,0,0,2,635,0,108,2,743,California
Modoc,2021-01-25,11,862,0,251,11,611,0,0,11,646,0,108,11,754,California
Modoc,2021-01-26,65,927,1,252,64,675,0,0,65,711,0,108,65,819,California
Modoc,2021-01-27,41,968,2,254,39,714,0,0,25,720,16,124,25,844,California
Modoc,2021-01-28,144,1112,1,255,143,857,0,0,144,864,0,124,144,988,California
Modoc,2021-01-29,3,1115,1,256,2,859,0,0,3,867,0,124,3,991,California
Modoc,2021-02-01,25,1140,12,268,13,872,0,0,11,864,14,138,11,1002,California
Modoc,2021-02-02,170,1310,2,270,168,1040,0,0,167,1028,3,141,167,1169,California
Modoc,2021-02-03,18,1328,13,283,5,1045,0,0,11,1032,7,148,11,1180,California
Modoc,2021-02-04,155,1483,4,287,151,1196,0,0,27,931,128,276,27,1207,California
Modoc,2021-02-05,4,1487,3,290,1,1197,0,0,3,933,1,277,3,1210,California
Modoc,2021-02-08,9,1496,2,292,7,1204,0,0,8,940,1,278,8,1218,California
Modoc,2021-02-09,197,1693,13,305,184,1388,0,0,65,873,132,410,65,1283,California
Modoc,2021-02-10,5,1698,2,307,3,1391,0,0,4,876,1,411,4,1287,California
Modoc,2021-02-11,201,1899,3,310,198,1589,0,0,83,841,118,529,83,1370,California
Modoc,2021-02-12,4,1903,0,310,4,1593,0,0,2,841,2,531,2,1372,California
Modoc,2021-02-13,1,1904,0,310,1,1594,0,0,1,842,0,531,1,1373,California
Modoc,2021-02-16,147,2051,6,316,141,1735,0,0,143,981,4,535,143,1516,California
Modoc,2021-02-17,24,2075,1,317,23,1758,0,0,12,981,12,547,12,1528,California
Modoc,2021-02-18,188,2263,2,319,186,1944,0,0,25,845,162,709,26,1554,California
Modoc,2021-02-19,2,2265,2,321,0,1944,0,0,2,847,0,709,2,1556,California
Modoc,2021-02-20,1,2266,1,322,0,1944,0,0,1,848,0,709,1,1557,California
Modoc,2021-02-22,17,2283,9,331,8,1952,0,0,3,837,14,723,3,1560,California
Modoc,2021-02-23,20,2303,2,333,18,1970,0,0,1,819,19,742,1,1561,California
Modoc,2021-02-24,90,2393,1,334,89,2059,0,0,30,789,60,802,30,1591,California
Modoc,2021-02-25,169,2562,1,335,168,2227,0,0,13,646,156,958,13,1604,California
Modoc,2021-02-26,3,2565,0,335,3,2230,0,0,1,645,2,960,1,1605,California
Modoc,2021-02-27,5,2570,5,340,0,2230,0,0,2,644,3,963,2,1607,California
Modoc,2021-03-01,5,2575,0,340,5,2235,0,0,0,640,4,967,0,1607,California
Modoc,2021-03-02,193,2768,12,352,181,2416,0,0,26,499,167,1134,26,1633,California
Modoc,2021-03-03,12,2780,6,358,6,2422,0,0,2,491,10,1144,2,1635,California
Modoc,2021-03-04,175,2955,2,360,173,2595,0,0,148,612,27,1171,148,1783,California
Modoc,2021-03-05,4,2959,3,363,1,2596,0,0,2,612,2,1173,2,1785,California
Modoc,2021-03-06,11,2970,0,363,1,2597,10,10,1,613,10,1183,11,1796,California
Modoc,2021-03-07,6,2976,1,364,0,2597,5,15,1,614,5,1188,6,1802,California
Modoc,2021-03-08,8,2984,1,365,3,2600,4,19,1,613,6,1194,5,1807,California
Modoc,2021-03-09,126,3110,10,375,108,2708,8,27,61,617,65,1259,69,1876,California
Modoc,2021-03-10,9,3119,3,378,2,2710,4,31,4,620,5,1264,8,1884,California
Modoc,2021-03-11,207,3326,0,378,99,2809,108,139,22,565,185,1449,130,2014,California
Modoc,2021-03-12,10,3336,1,379,4,2813,5,144,4,568,6,1455,9,2023,California
Modoc,2021-03-13,4,3340,0,379,1,2814,3,147,1,569,3,1458,4,2027,California
Modoc,2021-03-15,12,3352,1,380,10,2824,1,148,10,578,2,1460,11,2038,California
Modoc,2021-03-16,173,3525,1,381,168,2992,4,152,42,492,131,1591,45,2083,California
Modoc,2021-03-17,10,3535,1,382,4,2996,5,157,2,491,8,1599,7,2090,California
Modoc,2021-03-18,67,3602,2,384,58,3054,7,164,35,501,32,1631,42,2132,California
Modoc,2021-03-19,5,3607,0,384,0,3054,5,169,0,501,5,1636,5,2137,California
Modoc,2021-03-20,6,3613,2,386,1,3055,3,172,1,500,5,1641,4,2141,California
Modoc,2021-03-21,4,3617,1,387,1,3056,2,174,2,502,2,1643,4,2145,California
Modoc,2021-03-22,18,3635,1,388,11,3067,6,180,12,514,6,1649,18,2163,California
Modoc,2021-03-23,37,3672,7,395,27,3094,3,183,28,536,9,1658,31,2194,California
Modoc,2021-03-24,29,3701,1,396,18,3112,10,193,2,521,27,1685,12,2206,California
Modoc,2021-03-25,77,3778,1,397,74,3186,2,195,45,536,32,1717,47,2253,California
Modoc,2021-03-26,7,3785,2,399,2,3188,3,198,2,536,5,1722,5,2258,California
Modoc,2021-03-27,2,3787,0,399,1,3189,1,199,1,537,1,1723,2,2260,California
Modoc,2021-03-28,2,3789,1,400,0,3189,1,200,0,536,2,1725,1,2261,California
Modoc,2021-03-29,14,3803,1,401,5,3194,8,208,5,540,9,1734,13,2274,California
Modoc,2021-03-30,55,3858,10,411,38,3232,7,215,21,534,34,1768,28,2302,California
Modoc,2021-03-31,9,3867,3,414,2,3234,4,219,3,535,6,1774,7,2309,California
Modoc,2021-04-01,167,4034,2,416,160,3394,5,224,32,437,135,1909,37,2346,California
Modoc,2021-04-02,5,4039,0,416,2,3396,3,227,1,438,3,1912,4,2350,California
Modoc,2021-04-03,5,4044,2,418,0,3396,3,230,2,440,2,1914,4,2354,California
Modoc,2021-04-05,9,4053,0,418,9,3405,0,230,9,449,0,1914,9,2363,California
Modoc,2021-04-06,24,4077,5,423,9,3414,10,240,6,447,18,1932,16,2379,California
Modoc,2021-04-07,12,4089,1,424,4,3418,7,247,3,448,9,1941,10,2389,California
Modoc,2021-04-08,97,4186,1,425,93,3511,3,250,26,406,71,2012,29,2418,California
Modoc,2021-04-09,11,4197,2,427,6,3517,3,253,2,401,9,2021,4,2422,California
Modoc,2021-04-10,5,4202,0,427,1,3518,4,257,0,400,5,2026,4,2426,California
Modoc,2021-04-11,2,4204,2,429,0,3518,0,257,1,400,1,2027,1,2427,California
Modoc,2021-04-12,14,4218,1,430,9,3527,4,261,1,394,11,2038,5,2432,California
Modoc,2021-04-13,30,4248,29,459,1,3528,0,261,21,406,9,2047,21,2453,California
Modoc,2021-04-14,2,4250,2,461,0,3528,0,261,1,406,1,2048,1,2454,California
Modoc,2021-04-15,100,4350,0,461,100,3628,0,261,27,360,73,2121,27,2481,California
Modoc,2021-04-16,4,4354,4,465,0,3628,0,261,3,362,1,2122,3,2484,California
Modoc,2021-04-17,3,4357,2,467,1,3629,0,261,2,363,1,2123,2,2486,California
Modoc,2021-04-18,1,4358,0,467,1,3630,0,261,1,364,0,2123,1,2487,California
Modoc,2021-04-19,7,4365,1,468,6,3636,0,261,2,361,5,2128,2,2489,California
Modoc,2021-04-20,27,4392,2,470,25,3661,0,261,9,352,18,2146,9,2498,California
Modoc,2021-04-21,3,4395,3,473,0,3661,0,261,1,351,2,2148,1,2499,California
Modoc,2021-04-22,98,4493,4,477,94,3755,0,261,41,335,57,2205,41,2540,California
Modoc,2021-04-23,5,4498,1,478,4,3759,0,261,4,338,1,2206,4,2544,California
Modoc,2021-04-24,3,4501,1,479,1,3760,1,262,2,340,1,2207,3,2547,California
Modoc,2021-04-25,1,4502,1,480,0,3760,0,262,1,341,0,2207,1,2548,California
Modoc,2021-04-26,8,4510,1,481,7,3767,0,262,3,339,5,2212,3,2551,California
Modoc,2021-04-27,6,4516,4,485,1,3768,1,263,1,336,5,2217,2,2553,California
Modoc,2021-04-28,5,4521,1,486,3,3771,1,264,1,334,4,2221,2,2555,California
Modoc,2021-04-29,65,4586,2,488,63,3834,0,264,24,317,41,2262,24,2579,California
Modoc,2021-04-30,5,4591,4,492,1,3835,0,264,3,318,2,2264,3,2582,California
Modoc,2021-05-01,1,4592,1,493,0,3835,0,264,0,317,1,2265,0,2582,California
Modoc,2021-05-02,4,4596,3,496,1,3836,0,264,3,319,1,2266,3,2585,California
Modoc,2021-05-03,10,4606,0,496,9,3845,1,265,0,310,10,2276,1,2586,California
Modoc,2021-05-04,11,4617,3,499,6,3851,2,267,5,311,6,2282,7,2593,California
Modoc,2021-05-05,27,4644,24,523,2,3853,1,268,8,301,19,2301,9,2602,California
Modoc,2021-05-06,53,4697,4,527,47,3900,2,270,20,290,33,2334,22,2624,California
Modoc,2021-05-07,6,4703,2,529,2,3902,2,272,0,286,6,2340,2,2626,California
Modoc,2021-05-08,1,4704,1,530,0,3902,0,272,0,285,1,2341,0,2626,California
Mono,2020-12-18,1,1,1,1,0,0,0,0,1,1,0,0,1,1,California
Mono,2020-12-19,5,6,5,6,0,0,0,0,5,6,0,0,5,6,California
Mono,2020-12-20,7,13,7,13,0,0,0,0,7,13,0,0,7,13,California
Mono,2020-12-21,24,37,17,30,7,7,0,0,24,37,0,0,24,37,California
Mono,2020-12-22,66,103,65,95,1,8,0,0,66,103,0,0,66,103,California
Mono,2020-12-23,70,173,42,137,28,36,0,0,70,173,0,0,70,173,California
Mono,2020-12-24,3,176,1,138,2,38,0,0,3,176,0,0,3,176,California
Mono,2020-12-26,3,179,3,141,0,38,0,0,3,179,0,0,3,179,California
Mono,2020-12-28,94,273,63,204,31,69,0,0,94,273,0,0,94,273,California
Mono,2020-12-29,29,302,29,233,0,69,0,0,29,302,0,0,29,302,California
Mono,2020-12-30,77,379,36,269,41,110,0,0,77,379,0,0,77,379,California
Mono,2020-12-31,4,383,1,270,3,113,0,0,4,383,0,0,4,383,California
Mono,2021-01-01,4,387,4,274,0,113,0,0,4,387,0,0,4,387,California
Mono,2021-01-02,2,389,2,276,0,113,0,0,2,389,0,0,2,389,California
Mono,2021-01-04,1,390,0,276,1,114,0,0,1,390,0,0,1,390,California
Mono,2021-01-05,45,435,2,278,43,157,0,0,44,433,1,1,44,434,California
Mono,2021-01-06,44,479,0,278,44,201,0,0,44,477,0,1,44,478,California
Mono,2021-01-07,55,534,3,281,52,253,0,0,54,530,1,2,54,532,California
Mono,2021-01-08,2,536,1,282,1,254,0,0,1,530,1,3,1,533,California
Mono,2021-01-09,4,540,4,286,0,254,0,0,0,526,4,7,0,533,California
Mono,2021-01-10,5,545,5,291,0,254,0,0,0,521,5,12,0,533,California
Mono,2021-01-11,8,553,5,296,3,257,0,0,4,521,4,16,4,537,California
Mono,2021-01-12,282,835,75,371,207,464,0,0,218,676,63,79,218,755,California
Mono,2021-01-13,233,1068,73,444,160,624,0,0,178,799,55,134,178,933,California
Mono,2021-01-14,73,1141,71,515,2,626,0,0,73,872,0,134,73,1006,California
Mono,2021-01-15,62,1203,2,517,60,686,0,0,62,934,0,134,62,1068,California
Mono,2021-01-16,4,1207,3,520,1,687,0,0,1,932,3,137,1,1069,California
Mono,2021-01-18,64,1271,55,575,9,696,0,0,2,872,62,199,2,1071,California
Mono,2021-01-19,210,1481,208,783,2,698,0,0,172,1007,38,237,173,1244,California
Mono,2021-01-20,231,1712,199,982,32,730,0,0,170,1116,61,298,170,1414,California
Mono,2021-01-21,3,1715,3,985,0,730,0,0,3,1119,0,298,3,1417,California
Mono,2021-01-22,4,1719,0,985,4,734,0,0,4,1123,0,298,4,1421,California
Mono,2021-01-23,595,2314,595,1580,0,734,0,0,594,1716,1,299,594,2015,California
Mono,2021-01-25,203,2517,165,1745,38,772,0,0,164,1841,39,338,164,2179,California
Mono,2021-01-26,505,3022,503,2248,2,774,0,0,499,2334,6,344,499,2678,California
Mono,2021-01-27,5,3027,1,2249,4,778,0,0,5,2339,0,344,5,2683,California
Mono,2021-01-28,6,3033,2,2251,4,782,0,0,2,2337,4,348,2,2685,California
Mono,2021-01-30,202,3235,200,2451,2,784,0,0,201,2537,1,349,201,2886,California
Mono,2021-01-31,243,3478,138,2589,105,889,0,0,139,2572,104,453,139,3025,California
Mono,2021-02-01,27,3505,27,2616,0,889,0,0,0,2545,27,480,0,3025,California
Mono,2021-02-02,5,3510,0,2616,5,894,0,0,2,2544,3,483,2,3027,California
Mono,2021-02-03,4,3514,2,2618,2,896,0,0,2,2544,2,485,2,3029,California
Mono,2021-02-04,211,3725,158,2776,53,949,0,0,90,2513,121,606,90,3119,California
Mono,2021-02-05,615,4340,609,3385,6,955,0,0,612,3122,3,609,612,3731,California
Mono,2021-02-06,139,4479,138,3523,1,956,0,0,138,3259,1,610,138,3869,California
Mono,2021-02-07,2,4481,0,3523,2,958,0,0,2,3261,0,610,2,3871,California
Mono,2021-02-08,172,4653,172,3695,0,958,0,0,15,3120,156,766,15,3886,California
Mono,2021-02-09,226,4879,6,3701,220,1178,0,0,14,2922,212,978,14,3900,California
Mono,2021-02-10,538,5417,187,3888,351,1529,0,0,195,2775,343,1321,196,4096,California
Mono,2021-02-11,7,5424,4,3892,3,1532,0,0,2,2772,5,1326,2,4098,California
Mono,2021-02-12,84,5508,20,3912,64,1596,0,0,26,2740,58,1384,26,4124,California
Mono,2021-02-13,586,6094,586,4498,0,1596,0,0,25,2205,560,1944,25,4149,California
Mono,2021-02-15,167,6261,165,4663,2,1598,0,0,3,2046,162,2106,3,4152,California
Mono,2021-02-16,516,6777,513,5176,3,1601,0,0,45,1623,468,2574,45,4197,California
Mono,2021-02-17,6,6783,1,5177,5,1606,0,0,1,1619,5,2579,1,4198,California
Mono,2021-02-18,3,6786,2,5179,1,1607,0,0,2,1620,1,2580,2,4200,California
Mono,2021-02-19,54,6840,53,5232,1,1608,0,0,54,1674,0,2580,54,4254,California
Mono,2021-02-20,4,6844,4,5236,0,1608,0,0,4,1678,0,2580,4,4258,California
Mono,2021-02-21,5,6849,5,5241,0,1608,0,0,3,1679,2,2582,3,4261,California
Mono,2021-02-22,285,7134,284,5525,1,1609,0,0,24,1443,260,2842,24,4285,California
Mono,2021-02-23,135,7269,115,5640,20,1629,0,0,22,1352,113,2955,22,4307,California
Mono,2021-02-24,8,7277,3,5643,5,1634,0,0,2,1348,6,2961,2,4309,California
Mono,2021-02-25,5,7282,2,5645,3,1637,0,0,3,1350,1,2962,3,4312,California
Mono,2021-02-26,596,7878,595,6240,1,1638,0,0,20,795,575,3537,20,4332,California
Mono,2021-02-27,141,8019,137,6377,4,1642,0,0,4,664,135,3672,4,4336,California
Mono,2021-03-01,2,8021,2,6379,0,1642,0,0,1,665,0,3672,1,4337,California
Mono,2021-03-02,5,8026,3,6382,2,1644,0,0,3,666,2,3674,3,4340,California
Mono,2021-03-03,82,8108,2,6384,80,1724,0,0,79,743,2,3676,79,4419,California
Mono,2021-03-04,5,8113,1,6385,4,1728,0,0,3,744,2,3678,3,4422,California
Mono,2021-03-05,37,8150,27,6412,10,1738,0,0,14,735,23,3701,14,4436,California
Mono,2021-03-06,508,8658,17,6429,491,2229,0,0,500,1230,6,3707,501,4937,California
Mono,2021-03-07,1,8659,0,6429,1,2230,0,0,0,1229,1,3708,0,4937,California
Mono,2021-03-08,539,9198,11,6440,525,2755,3,3,530,1753,9,3717,533,5470,California
Mono,2021-03-09,6,9204,2,6442,3,2758,1,4,3,1755,2,3719,4,5474,California
Mono,2021-03-10,286,9490,90,6532,193,2951,3,7,9,1492,275,3994,12,5486,California
Mono,2021-03-11,10,9500,0,6532,1,2952,9,16,0,1491,10,4004,9,5495,California
Mono,2021-03-12,7,9507,1,6533,1,2953,5,21,0,1489,7,4011,5,5500,California
Mono,2021-03-13,823,10330,386,6919,437,3390,0,21,815,2296,8,4019,815,6315,California
Mono,2021-03-14,4,10334,4,6923,0,3390,0,21,1,2294,3,4022,1,6316,California
Mono,2021-03-15,29,10363,23,6946,1,3391,5,26,12,2295,16,4038,17,6333,California
Mono,2021-03-16,16,10379,6,6952,4,3395,6,32,8,2301,8,4046,14,6347,California
Mono,2021-03-17,34,10413,5,6957,21,3416,8,40,22,2319,12,4058,30,6377,California
Mono,2021-03-18,21,10434,2,6959,11,3427,8,48,9,2324,12,4070,17,6394,California
Mono,2021-03-19,21,10455,1,6960,17,3444,3,51,17,2341,3,4073,20,6414,California
Mono,2021-03-20,5,10460,3,6963,1,3445,1,52,4,2345,1,4074,5,6419,California
Mono,2021-03-21,1,10461,1,6964,0,3445,0,52,1,2346,0,4074,1,6420,California
Mono,2021-03-22,11,10472,0,6964,6,3451,5,57,5,2350,6,4080,10,6430,California
Mono,2021-03-23,41,10513,5,6969,31,3482,5,62,18,2350,23,4103,23,6453,California
Mono,2021-03-24,11,10524,1,6970,5,3487,5,67,5,2354,6,4109,10,6463,California
Mono,2021-03-25,19,10543,3,6973,12,3499,4,71,12,2363,7,4116,16,6479,California
Mono,2021-03-26,19,10562,3,6976,11,3510,5,76,10,2370,8,4124,15,6494,California
Mono,2021-03-27,350,10912,347,7323,3,3513,0,76,324,2668,26,4150,324,6818,California
Mono,2021-03-28,1,10913,1,7324,0,3513,0,76,1,2669,0,4150,1,6819,California
Mono,2021-03-29,10,10923,3,7327,6,3519,1,77,8,2676,2,4152,9,6828,California
Mono,2021-03-30,12,10935,0,7327,8,3527,4,81,7,2682,5,4157,11,6839,California
Mono,2021-03-31,126,11061,7,7334,118,3645,1,82,47,2652,78,4235,48,6887,California
Mono,2021-04-01,8,11069,0,7334,7,3652,1,83,3,2651,5,4240,4,6891,California
Mono,2021-04-02,18,11087,2,7336,16,3668,0,83,7,2647,11,4251,7,6898,California
Mono,2021-04-03,846,11933,365,7701,481,4149,0,83,34,1871,810,5061,34,6932,California
Mono,2021-04-05,529,12462,17,7718,511,4660,1,84,30,1404,498,5559,31,6963,California
Mono,2021-04-06,20,12482,2,7720,5,4665,13,97,2,1401,18,5577,15,6978,California
Mono,2021-04-07,25,12507,3,7723,3,4668,19,116,4,1403,21,5598,23,7001,California
Mono,2021-04-08,22,12529,3,7726,2,4670,17,133,4,1406,18,5616,21,7022,California
Mono,2021-04-09,37,12566,4,7730,4,4674,29,162,7,1412,30,5646,36,7058,California
Mono,2021-04-10,446,13012,2,7732,437,5111,7,169,28,1029,418,6064,35,7093,California
Mono,2021-04-11,1,13013,1,7733,0,5111,0,169,0,1028,1,6065,0,7093,California
Mono,2021-04-12,6,13019,0,7733,3,5114,3,172,3,1031,3,6068,6,7099,California
Mono,2021-04-13,18,13037,2,7735,15,5129,1,173,12,1038,6,6074,13,7112,California
Mono,2021-04-14,26,13063,1,7736,25,5154,0,173,7,1026,19,6093,7,7119,California
Mono,2021-04-15,18,13081,3,7739,15,5169,0,173,9,1026,9,6102,9,7128,California
Mono,2021-04-16,14,13095,1,7740,13,5182,0,173,5,1022,9,6111,5,7133,California
Mono,2021-04-17,51,13146,2,7742,49,5231,0,173,44,1059,7,6118,44,7177,California
Mono,2021-04-18,2,13148,1,7743,1,5232,0,173,2,1061,0,6118,2,7179,California
Mono,2021-04-19,527,13675,319,8062,208,5440,0,173,201,938,324,6442,201,7380,California
Mono,2021-04-20,17,13692,2,8064,15,5455,0,173,12,945,5,6447,12,7392,California
Mono,2021-04-21,9,13701,1,8065,8,5463,0,173,4,944,5,6452,4,7396,California
Mono,2021-04-22,27,13728,13,8078,14,5477,0,173,13,943,14,6466,13,7409,California
Mono,2021-04-23,21,13749,2,8080,19,5496,0,173,11,944,10,6476,11,7420,California
Mono,2021-04-24,34,13783,20,8100,14,5510,0,173,19,948,15,6491,19,7439,California
Mono,2021-04-25,3,13786,2,8102,1,5511,0,173,3,951,0,6491,3,7442,California
Mono,2021-04-26,8,13794,1,8103,7,5518,0,173,2,947,6,6497,2,7444,California
Mono,2021-04-27,63,13857,40,8143,18,5536,5,178,49,987,14,6511,54,7498,California
Mono,2021-04-28,63,13920,41,8184,18,5554,4,182,48,1026,13,6524,52,7550,California
Mono,2021-04-29,8,13928,1,8185,4,5558,3,185,2,1025,6,6530,5,7555,California
Mono,2021-04-30,15,13943,3,8188,9,5567,3,188,8,1029,7,6537,11,7566,California
Mono,2021-05-01,110,14053,4,8192,106,5673,0,188,98,1115,12,6549,98,7664,California
Mono,2021-05-03,2,14055,0,8192,1,5674,1,189,0,1114,2,6551,1,7665,California
Mono,2021-05-04,23,14078,1,8193,16,5690,6,195,14,1125,9,6560,20,7685,California
Mono,2021-05-05,52,14130,8,8201,41,5731,3,198,45,1166,7,6567,48,7733,California
Mono,2021-05-06,13,14143,4,8205,8,5739,1,199,8,1170,5,6572,9,7742,California
Mono,2021-05-07,24,14167,22,8227,2,5741,0,199,22,1190,2,6574,22,7764,California
Mono,2021-05-08,24,14191,5,8232,19,5760,0,199,20,1206,4,6578,20,7784,California
Monterey,2020-12-16,4,4,4,4,0,0,0,0,4,4,0,0,4,4,California
Monterey,2020-12-17,83,87,83,87,0,0,0,0,83,87,0,0,83,87,California
Monterey,2020-12-18,482,569,482,569,0,0,0,0,482,569,0,0,482,569,California
Monterey,2020-12-19,581,1150,581,1150,0,0,0,0,581,1150,0,0,581,1150,California
Monterey,2020-12-20,422,1572,422,1572,0,0,0,0,422,1572,0,0,422,1572,California
Monterey,2020-12-21,719,2291,719,2291,0,0,0,0,719,2291,0,0,719,2291,California
Monterey,2020-12-22,533,2824,520,2811,13,13,0,0,533,2824,0,0,533,2824,California
Monterey,2020-12-23,437,3261,262,3073,175,188,0,0,437,3261,0,0,437,3261,California
Monterey,2020-12-24,84,3345,10,3083,74,262,0,0,84,3345,0,0,84,3345,California
Monterey,2020-12-25,6,3351,0,3083,6,268,0,0,6,3351,0,0,6,3351,California
Monterey,2020-12-26,92,3443,5,3088,87,355,0,0,92,3443,0,0,92,3443,California
Monterey,2020-12-27,7,3450,4,3092,3,358,0,0,7,3450,0,0,7,3450,California
Monterey,2020-12-28,475,3925,25,3117,450,808,0,0,475,3925,0,0,475,3925,California
Monterey,2020-12-29,898,4823,167,3284,731,1539,0,0,898,4823,0,0,898,4823,California
Monterey,2020-12-30,568,5391,98,3382,470,2009,0,0,568,5391,0,0,568,5391,California
Monterey,2020-12-31,33,5424,11,3393,22,2031,0,0,33,5424,0,0,33,5424,California
Monterey,2021-01-01,12,5436,2,3395,10,2041,0,0,12,5436,0,0,12,5436,California
Monterey,2021-01-02,137,5573,134,3529,3,2044,0,0,137,5573,0,0,137,5573,California
Monterey,2021-01-03,30,5603,29,3558,1,2045,0,0,30,5603,0,0,30,5603,California
Monterey,2021-01-04,411,6014,18,3576,393,2438,0,0,411,6014,0,0,411,6014,California
Monterey,2021-01-05,752,6766,327,3903,425,2863,0,0,738,6738,14,14,738,6752,California
Monterey,2021-01-06,656,7422,172,4075,484,3347,0,0,634,7350,22,36,634,7386,California
Monterey,2021-01-07,746,8168,572,4647,174,3521,0,0,422,7450,322,358,422,7808,California
Monterey,2021-01-08,1087,9255,734,5381,353,3874,0,0,394,7151,693,1051,394,8202,California
Monterey,2021-01-09,965,10220,937,6318,28,3902,0,0,313,6812,652,1703,313,8515,California
Monterey,2021-01-10,274,10494,271,6589,3,3905,0,0,9,6556,265,1968,9,8524,California
Monterey,2021-01-11,1065,11559,985,7574,80,3985,0,0,362,6215,703,2671,362,8886,California
Monterey,2021-01-12,464,12023,387,7961,77,4062,0,0,203,6157,261,2932,203,9089,California
Monterey,2021-01-13,1217,13240,593,8554,624,4686,0,0,1171,7282,46,2978,1171,10260,California
Monterey,2021-01-14,1119,14359,165,8719,954,5640,0,0,1101,8368,18,2996,1104,11364,California
Monterey,2021-01-15,1045,15404,44,8763,1001,6641,0,0,1032,9387,13,3009,1032,12396,California
Monterey,2021-01-16,363,15767,300,9063,63,6704,0,0,358,9740,5,3014,358,12754,California
Monterey,2021-01-17,309,16076,288,9351,21,6725,0,0,296,10023,13,3027,296,13050,California
Monterey,2021-01-18,401,16477,50,9401,351,7076,0,0,380,10382,21,3048,380,13430,California
Monterey,2021-01-19,578,17055,396,9797,182,7258,0,0,419,10644,157,3205,419,13849,California
Monterey,2021-01-20,532,17587,270,10067,262,7520,0,0,326,10764,206,3411,326,14175,California
Monterey,2021-01-21,840,18427,92,10159,748,8268,0,0,730,11388,110,3521,734,14909,California
Monterey,2021-01-22,1050,19477,193,10352,857,9125,0,0,1011,12360,39,3560,1011,15920,California
Monterey,2021-01-23,240,19717,174,10526,66,9191,0,0,117,12356,122,3682,118,16038,California
Monterey,2021-01-24,56,19773,38,10564,18,9209,0,0,22,12344,34,3716,22,16060,California
Monterey,2021-01-25,782,20555,173,10737,609,9818,0,0,157,11883,618,4334,157,16217,California
Monterey,2021-01-26,928,21483,224,10961,704,10522,0,0,236,11427,692,5026,236,16453,California
Monterey,2021-01-27,857,22340,308,11269,549,11071,0,0,378,11326,479,5505,378,16831,California
Monterey,2021-01-28,2021,24361,737,12006,1284,12355,0,0,1681,12669,340,5845,1683,18514,California
Monterey,2021-01-29,1229,25590,707,12713,522,12877,0,0,1112,13666,116,5961,1113,19627,California
Monterey,2021-01-30,442,26032,295,13008,147,13024,0,0,185,13594,257,6218,185,19812,California
Monterey,2021-01-31,493,26525,71,13079,422,13446,0,0,483,14068,10,6228,484,20296,California
Monterey,2021-02-01,1651,28176,1139,14218,512,13958,0,0,1088,14594,562,6790,1088,21384,California
Monterey,2021-02-02,2160,30336,463,14681,1697,15655,0,0,1553,15541,606,7396,1553,22937,California
Monterey,2021-02-03,2327,32663,1045,15726,1282,16937,0,0,1552,16322,771,8167,1552,24489,California
Monterey,2021-02-04,2771,35434,2087,17813,684,17621,0,0,2462,18477,307,8474,2462,26951,California
Monterey,2021-02-05,3640,39074,2819,20632,821,18442,0,0,3206,21254,429,8903,3206,30157,California
Monterey,2021-02-06,1096,40170,379,21011,717,19159,0,0,754,21668,340,9243,754,30911,California
Monterey,2021-02-07,315,40485,270,21281,45,19204,0,0,96,21545,219,9462,96,31007,California
Monterey,2021-02-08,515,41000,290,21571,225,19429,0,0,426,21882,89,9551,426,31433,California
Monterey,2021-02-09,861,41861,673,22244,188,19617,0,0,551,22125,310,9861,553,31986,California
Monterey,2021-02-10,2083,43944,1113,23357,970,20587,0,0,1233,22509,850,10711,1234,33220,California
Monterey,2021-02-11,2498,46442,970,24327,1528,22115,0,0,1544,23103,952,11663,1546,34766,California
Monterey,2021-02-12,2586,49028,428,24755,2158,24273,0,0,1518,23555,1067,12730,1519,36285,California
Monterey,2021-02-13,1068,50096,50,24805,1018,25291,0,0,977,24441,91,12821,977,37262,California
Monterey,2021-02-14,591,50687,73,24878,518,25809,0,0,518,24886,73,12894,518,37780,California
Monterey,2021-02-15,1367,52054,160,25038,1207,27016,0,0,982,25486,383,13277,983,38763,California
Monterey,2021-02-16,1090,53144,244,25282,846,27862,0,0,866,26128,224,13501,866,39629,California
Monterey,2021-02-17,1937,55081,1164,26446,773,28635,0,0,1639,27473,296,13797,1641,41270,California
Monterey,2021-02-18,2224,57305,1175,27621,1049,29684,0,0,907,27079,1303,15100,909,42179,California
Monterey,2021-02-19,2938,60243,1534,29155,1404,31088,0,0,1346,26835,1591,16691,1347,43526,California
Monterey,2021-02-20,1007,61250,607,29762,400,31488,0,0,952,27733,54,16745,952,44478,California
Monterey,2021-02-21,1240,62490,1212,30974,28,31516,0,0,1170,28835,68,16813,1170,45648,California
Monterey,2021-02-22,976,63466,843,31817,133,31649,0,0,643,29147,331,17144,643,46291,California
Monterey,2021-02-23,953,64419,621,32438,332,31981,0,0,302,28800,650,17794,303,46594,California
Monterey,2021-02-24,2463,66882,1315,33753,1148,33129,0,0,1851,30045,607,18401,1852,48446,California
Monterey,2021-02-25,4401,71283,2411,36164,1990,35119,0,0,1471,28594,2923,21324,1472,49918,California
Monterey,2021-02-26,5246,76529,3080,39244,2166,37285,0,0,2625,28602,2618,23942,2626,52544,California
Monterey,2021-02-27,996,77525,182,39426,814,38099,0,0,805,29221,186,24128,805,53349,California
Monterey,2021-02-28,1528,79053,81,39507,1447,39546,0,0,1066,29830,457,24585,1066,54415,California
Monterey,2021-03-01,1281,80334,139,39646,1139,40685,3,3,744,30045,533,25118,748,55163,California
Monterey,2021-03-02,2729,83063,1720,41366,1009,41694,0,3,1878,31076,847,25965,1878,57041,California
Monterey,2021-03-03,3199,86262,1241,42607,1958,43652,0,3,1261,30402,1936,27901,1262,58303,California
Monterey,2021-03-04,4550,90812,1468,44075,3082,46734,0,3,2951,31758,1595,29496,2951,61254,California
Monterey,2021-03-05,3588,94400,1622,45697,1689,48423,277,280,2956,34360,631,30127,3233,64487,California
Monterey,2021-03-06,5033,99433,1067,46764,3663,52086,303,583,4129,37889,901,31028,4430,68917,California
Monterey,2021-03-07,520,99953,108,46872,167,52253,245,828,233,38078,287,31315,476,69393,California
Monterey,2021-03-08,1658,101611,326,47198,943,53196,389,1217,1119,39045,539,31854,1506,70899,California
Monterey,2021-03-09,1906,103517,678,47876,952,54148,276,1493,1417,40248,488,32342,1691,72590,California
Monterey,2021-03-10,3119,106636,1021,48897,1610,55758,488,1981,1416,40454,1697,34039,1903,74493,California
Monterey,2021-03-11,4102,110738,1403,50300,2326,58084,373,2354,2342,41416,1753,35792,2715,77208,California
Monterey,2021-03-12,4316,115054,2047,52347,2134,60218,135,2489,2634,42505,1679,37471,2768,79976,California
Monterey,2021-03-13,5241,120295,960,53307,3934,64152,347,2836,3934,45480,1307,38778,4282,84258,California
Monterey,2021-03-14,2147,122442,1325,54632,797,64949,25,2861,576,44522,1559,40337,601,84859,California
Monterey,2021-03-15,3936,126378,1264,55896,2383,67332,289,3150,2251,45380,1681,42018,2539,87398,California
Monterey,2021-03-16,3490,129868,573,56469,2543,69875,374,3524,2080,46421,1409,43427,2450,89848,California
Monterey,2021-03-17,5706,135574,2336,58805,3117,72992,253,3777,4111,49202,1588,45015,4369,94217,California
Monterey,2021-03-18,4352,139926,2153,60958,2032,75024,167,3944,2998,51057,1348,46363,3203,97420,California
Monterey,2021-03-19,5391,145317,2557,63515,2691,77715,143,4087,4118,54051,1268,47631,4262,101682,California
Monterey,2021-03-20,3310,148627,420,63935,2195,79910,695,4782,2232,55903,1075,48706,2927,104609,California
Monterey,2021-03-21,624,149251,201,64136,415,80325,8,4790,557,56402,65,48771,564,105173,California
Monterey,2021-03-22,2458,151709,1433,65569,963,81288,62,4852,2249,58506,205,48976,2309,107482,California
Monterey,2021-03-23,3972,155681,2350,67919,1579,82867,43,4895,2517,59615,1450,50426,2559,110041,California
Monterey,2021-03-24,4983,160664,2088,70007,2586,85453,309,5204,3629,62201,1350,51776,3936,113977,California
Monterey,2021-03-25,5211,165875,1210,71217,3644,89097,357,5561,2587,62530,2617,54393,2946,116923,California
Monterey,2021-03-26,5292,171167,2602,73819,2624,91721,66,5627,2654,62623,2629,57022,2722,119645,California
Monterey,2021-03-27,4760,175927,1419,75238,3085,94806,256,5883,3049,64220,1708,58730,3305,122950,California
Monterey,2021-03-28,1106,177033,333,75571,764,95570,9,5892,623,64374,478,59208,632,123582,California
Monterey,2021-03-29,3168,180201,1404,76975,1750,97320,14,5906,1952,65134,1209,60417,1969,125551,California
Monterey,2021-03-30,4437,184638,2131,79106,2263,99583,43,5949,2751,66256,1676,62093,2798,128349,California
Monterey,2021-03-31,5285,189923,2377,81483,2119,101702,789,6738,3340,68434,1942,64035,4120,132469,California
Monterey,2021-04-01,6018,195941,2059,83542,3552,105254,407,7145,3011,68855,2993,67028,3414,135883,California
Monterey,2021-04-02,4666,200607,2241,85783,2364,107618,61,7206,3170,70594,1495,68523,3234,139117,California
Monterey,2021-04-03,5767,206374,1106,86889,3640,111258,1021,8227,1184,68227,4567,73090,2200,141317,California
Monterey,2021-04-04,753,207127,156,87045,583,111841,14,8241,485,68460,268,73358,501,141818,California
Monterey,2021-04-05,3969,211096,2463,89508,1279,113120,227,8468,1462,67646,2503,75861,1689,143507,California
Monterey,2021-04-06,3340,214436,1321,90829,1548,114668,471,8939,1119,67015,2219,78080,1588,145095,California
Monterey,2021-04-07,5484,219920,1366,92195,3608,118276,510,9449,2644,67336,2829,80909,3150,148245,California
Monterey,2021-04-08,6466,226386,3447,95642,2217,120493,802,10251,3168,68015,3292,84201,3971,152216,California
Monterey,2021-04-09,5501,231887,3350,98992,1520,122013,631,10882,2218,67583,3280,87481,2848,155064,California
Monterey,2021-04-10,10012,241899,4872,103864,2993,125006,2147,13029,4887,69498,5117,92598,7032,162096,California
Monterey,2021-04-11,5413,247312,4246,108110,566,125572,601,13630,4371,73431,1036,93634,4969,167065,California
Monterey,2021-04-12,4054,251366,1843,109953,1901,127473,310,13940,905,71635,3011,96645,1215,168280,California
Monterey,2021-04-13,3120,254486,717,110670,2398,129871,5,13945,1492,71526,1607,98252,1498,169778,California
Monterey,2021-04-14,6560,261046,3110,113780,3448,133319,2,13947,1797,68575,4750,103002,1799,171577,California
Monterey,2021-04-15,5739,266785,3885,117665,1854,135173,0,13947,3824,70514,1885,104887,3824,175401,California
Monterey,2021-04-16,4663,271448,2390,120055,2259,137432,14,13961,2173,70221,2480,107367,2187,177588,California
Monterey,2021-04-17,5505,276953,1339,121394,4166,141598,0,13961,3685,72098,1808,109175,3685,181273,California
Monterey,2021-04-18,834,277787,253,121647,581,142179,0,13961,235,71738,595,109770,235,181508,California
Monterey,2021-04-19,3666,281453,1283,122930,2383,144562,0,13961,1751,71582,1907,111677,1751,183259,California
Monterey,2021-04-20,3748,285201,1568,124498,2180,146742,0,13961,1543,70942,2184,113861,1544,184803,California
Monterey,2021-04-21,5774,290975,3151,127649,2623,149365,0,13961,2833,70871,2906,116767,2835,187638,California
Monterey,2021-04-22,4690,295665,1007,128656,3683,153048,0,13961,1947,70112,2706,119473,1947,189585,California
Monterey,2021-04-23,5621,301286,2625,131281,2995,156043,1,13962,2208,68929,3395,122868,2212,191797,California
Monterey,2021-04-24,4131,305417,582,131863,3549,159592,0,13962,1530,67889,2570,125438,1530,193327,California
Monterey,2021-04-25,1230,306647,602,132465,628,160220,0,13962,786,68240,435,125873,786,194113,California
Monterey,2021-04-26,3401,310048,2143,134608,1241,161461,17,13979,858,66597,2518,128391,875,194988,California
Monterey,2021-04-27,2499,312547,864,135472,1518,162979,117,14096,1091,66402,1402,129793,1207,196195,California
Monterey,2021-04-28,3488,316035,1353,136825,1997,164976,138,14234,2167,67396,1308,131101,2302,198497,California
Monterey,2021-04-29,4376,320411,2404,139229,1896,166872,76,14310,1631,66369,2735,133836,1708,200205,California
Monterey,2021-04-30,3074,323485,1653,140882,1345,168217,76,14386,760,64897,2306,136142,834,201039,California
Monterey,2021-05-01,5603,329088,4229,145111,1334,169551,40,14426,680,60707,4908,141050,718,201757,California
Monterey,2021-05-02,4349,333437,3925,149036,397,169948,27,14453,325,57047,4012,145062,352,202109,California
Monterey,2021-05-03,2517,335954,1562,150598,838,170786,117,14570,582,55822,1924,146986,699,202808,California
Monterey,2021-05-04,1716,337670,589,151187,1038,171824,89,14659,621,55452,1081,148067,711,203519,California
Monterey,2021-05-05,3148,340818,1181,152368,1882,173706,85,14744,1008,54416,2129,150196,1093,204612,California
Monterey,2021-05-06,4018,344836,2692,155060,1115,174821,211,14955,1081,52784,2924,153120,1292,205904,California
Monterey,2021-05-07,1288,346124,789,155849,458,175279,41,14996,483,52506,801,153921,523,206427,California
Monterey,2021-05-08,1606,347730,1126,156975,383,175662,97,15093,554,52109,1046,154967,649,207076,California
Napa,2020-12-16,12,12,12,12,0,0,0,0,12,12,0,0,12,12,California
Napa,2020-12-17,44,56,44,56,0,0,0,0,44,56,0,0,44,56,California
Napa,2020-12-18,101,157,101,157,0,0,0,0,101,157,0,0,101,157,California
Napa,2020-12-19,221,378,221,378,0,0,0,0,221,378,0,0,221,378,California
Napa,2020-12-20,189,567,189,567,0,0,0,0,189,567,0,0,189,567,California
Napa,2020-12-21,310,877,310,877,0,0,0,0,311,878,0,0,311,878,California
Napa,2020-12-22,340,1217,331,1208,9,9,0,0,340,1218,0,0,340,1218,California
Napa,2020-12-23,428,1645,318,1526,110,119,0,0,428,1646,0,0,428,1646,California
Napa,2020-12-24,139,1784,78,1604,61,180,0,0,139,1785,0,0,139,1785,California
Napa,2020-12-25,1,1785,1,1605,0,180,0,0,1,1786,0,0,1,1786,California
Napa,2020-12-26,39,1824,11,1616,28,208,0,0,39,1825,0,0,39,1825,California
Napa,2020-12-27,32,1856,16,1632,16,224,0,0,32,1857,0,0,32,1857,California
Napa,2020-12-28,251,2107,185,1817,66,290,0,0,280,2137,0,0,280,2137,California
Napa,2020-12-29,273,2380,214,2031,59,349,0,0,307,2444,0,0,307,2444,California
Napa,2020-12-30,628,3008,485,2516,143,492,0,0,636,3080,0,0,636,3080,California
Napa,2020-12-31,459,3467,371,2887,88,580,0,0,459,3539,0,0,459,3539,California
Napa,2021-01-01,1,3468,1,2888,0,580,0,0,1,3540,0,0,1,3540,California
Napa,2021-01-02,98,3566,93,2981,5,585,0,0,98,3638,0,0,98,3638,California
Napa,2021-01-03,13,3579,11,2992,2,587,0,0,9,3647,0,0,9,3647,California
Napa,2021-01-04,106,3685,64,3056,42,629,0,0,106,3753,0,0,106,3753,California
Napa,2021-01-05,162,3847,85,3141,77,706,0,0,145,3874,24,24,145,3898,California
Napa,2021-01-06,460,4307,115,3256,345,1051,0,0,396,4208,62,86,396,4294,California
Napa,2021-01-07,499,4806,235,3491,264,1315,0,0,398,4506,100,186,398,4692,California
Napa,2021-01-08,443,5249,227,3718,216,1531,0,0,262,4588,180,366,262,4954,California
Napa,2021-01-09,325,5574,300,4018,25,1556,0,0,189,4641,136,502,189,5143,California
Napa,2021-01-10,185,5759,102,4120,83,1639,0,0,109,4674,76,578,109,5252,California
Napa,2021-01-11,883,6642,426,4546,457,2096,0,0,510,4812,374,952,512,5764,California
Napa,2021-01-12,1312,7954,370,4916,942,3038,0,0,997,5494,315,1267,997,6761,California
Napa,2021-01-13,1311,9265,264,5180,1047,4085,0,0,1149,6483,161,1428,1150,7911,California
Napa,2021-01-14,1053,10318,173,5353,880,4965,0,0,935,7302,116,1544,935,8846,California
Napa,2021-01-15,1456,11774,384,5737,1072,6037,0,0,1308,8455,156,1700,1309,10155,California
Napa,2021-01-16,357,12131,134,5871,223,6260,0,0,339,8776,18,1718,339,10494,California
Napa,2021-01-17,341,12472,176,6047,165,6425,0,0,331,9097,10,1728,331,10825,California
Napa,2021-01-18,1081,13553,197,6244,884,7309,0,0,990,9996,91,1819,990,11815,California
Napa,2021-01-19,1009,14562,404,6648,605,7914,0,0,768,10524,240,2059,768,12583,California
Napa,2021-01-20,826,15388,185,6833,641,8555,0,0,643,10986,181,2240,643,13226,California
Napa,2021-01-21,1336,16724,374,7207,962,9517,0,0,1081,11814,254,2494,1082,14308,California
Napa,2021-01-22,1540,18264,412,7619,1128,10645,0,0,1213,12702,326,2820,1214,15522,California
Napa,2021-01-23,398,18662,318,7937,80,10725,0,0,336,12976,62,2882,336,15858,California
Napa,2021-01-24,265,18927,188,8125,77,10802,0,0,208,13127,57,2939,208,16066,California
Napa,2021-01-25,1521,20448,231,8356,1290,12092,0,0,1431,14468,90,3029,1431,17497,California
Napa,2021-01-26,882,21330,286,8642,596,12688,0,0,788,15163,94,3123,789,18286,California
Napa,2021-01-27,627,21957,221,8863,406,13094,0,0,471,15479,156,3279,472,18758,California
Napa,2021-01-28,389,22346,176,9039,213,13307,0,0,197,15486,190,3469,197,18955,California
Napa,2021-01-29,256,22602,65,9104,191,13498,0,0,161,15552,95,3564,161,19116,California
Napa,2021-01-30,804,23406,695,9799,109,13607,0,0,640,16028,164,3728,640,19756,California
Napa,2021-01-31,656,24062,625,10424,31,13638,0,0,630,16632,26,3754,630,20386,California
Napa,2021-02-01,315,24377,110,10534,205,13843,0,0,163,16643,152,3906,163,20549,California
Napa,2021-02-02,608,24985,281,10815,327,14170,0,0,298,16634,307,4213,298,20847,California
Napa,2021-02-03,746,25731,310,11125,436,14606,0,0,431,16751,314,4527,431,21278,California
Napa,2021-02-04,789,26520,373,11498,416,15022,0,0,441,16846,346,4873,441,21719,California
Napa,2021-02-05,711,27231,311,11809,400,15422,0,0,343,16821,368,5241,343,22062,California
Napa,2021-02-06,434,27665,146,11955,288,15710,0,0,328,17043,106,5347,328,22390,California
Napa,2021-02-07,176,27841,163,12118,13,15723,0,0,71,17009,105,5452,71,22461,California
Napa,2021-02-08,837,28678,191,12309,646,16369,0,0,274,16723,560,6012,274,22735,California
Napa,2021-02-09,1078,29756,443,12752,635,17004,0,0,437,16519,641,6653,437,23172,California
Napa,2021-02-10,1719,31475,193,12945,1526,18530,0,0,452,15708,1264,7917,453,23625,California
Napa,2021-02-11,1495,32970,195,13140,1300,19830,0,0,407,15040,1075,8992,407,24032,California
Napa,2021-02-12,2165,35135,842,13982,1323,21153,0,0,725,14328,1437,10429,725,24757,California
Napa,2021-02-13,499,35634,52,14034,447,21600,0,0,313,14455,186,10615,313,25070,California
Napa,2021-02-14,355,35989,89,14123,266,21866,0,0,194,14488,161,10776,194,25264,California
Napa,2021-02-15,874,36863,183,14306,691,22557,0,0,221,14058,651,11427,221,25485,California
Napa,2021-02-16,1288,38151,597,14903,691,23248,0,0,612,13995,675,12102,612,26097,California
Napa,2021-02-17,1050,39201,533,15436,517,23765,0,0,480,13907,568,12670,480,26577,California
Napa,2021-02-18,1901,41102,485,15921,1416,25181,0,0,660,13329,1238,13908,660,27237,California
Napa,2021-02-19,1483,42585,588,16509,895,26076,0,0,677,13201,805,14713,677,27914,California
Napa,2021-02-20,823,43408,597,17106,226,26302,0,0,275,12928,548,15261,275,28189,California
Napa,2021-02-21,799,44207,736,17842,63,26365,0,0,197,12523,602,15863,197,28386,California
Napa,2021-02-22,444,44651,187,18029,257,26622,0,0,138,12355,306,16169,138,28524,California
Napa,2021-02-23,1125,45776,301,18330,824,27446,0,0,308,11846,817,16986,308,28832,California
Napa,2021-02-24,1164,46940,644,18974,520,27966,0,0,576,11836,586,17572,576,29408,California
Napa,2021-02-25,2553,49493,1222,20196,1331,29297,0,0,1843,12970,709,18281,1843,31251,California
Napa,2021-02-26,1508,51001,529,20725,979,30276,0,0,594,12652,912,19193,594,31845,California
Napa,2021-02-27,1118,52119,379,21104,739,31015,0,0,866,13268,250,19443,866,32711,California
Napa,2021-02-28,560,52679,459,21563,101,31116,0,0,461,13632,97,19540,461,33172,California
Napa,2021-03-01,1102,53781,816,22379,286,31402,0,0,832,14195,269,19809,832,34004,California
Napa,2021-03-02,1483,55264,1024,23403,459,31861,0,0,1142,14997,340,20149,1142,35146,California
Napa,2021-03-03,1554,56818,690,24093,864,32725,0,0,1370,16184,183,20332,1370,36516,California
Napa,2021-03-04,1708,58526,784,24877,924,33649,0,0,1470,17419,235,20567,1470,37986,California
Napa,2021-03-05,1895,60421,788,25665,1103,34752,4,4,1476,18482,417,20984,1480,39466,California
Napa,2021-03-06,648,61069,281,25946,336,35088,31,35,535,18937,111,21095,566,40032,California
Napa,2021-03-07,520,61589,318,26264,187,35275,15,50,370,19172,150,21245,385,40417,California
Napa,2021-03-08,706,62295,330,26594,323,35598,53,103,529,19579,175,21420,582,40999,California
Napa,2021-03-09,1633,63928,571,27165,1016,36614,46,149,1201,20397,429,21849,1247,42246,California
Napa,2021-03-10,1479,65407,917,28082,468,37082,94,243,777,20569,698,22547,870,43116,California
Napa,2021-03-11,1874,67281,1057,29139,688,37770,129,372,983,20790,891,23438,1112,44228,California
Napa,2021-03-12,1505,68786,914,30053,495,38265,96,468,801,20984,702,24140,896,45124,California
Napa,2021-03-13,1165,69951,300,30353,840,39105,25,493,827,21500,336,24476,852,45976,California
Napa,2021-03-14,613,70564,331,30684,134,39239,148,641,229,21493,383,24859,376,46352,California
Napa,2021-03-15,949,71513,408,31092,472,39711,69,710,480,21575,467,25326,549,46901,California
Napa,2021-03-16,1838,73351,388,31480,1324,41035,126,836,1377,22622,457,25783,1504,48405,California
Napa,2021-03-17,2497,75848,1848,33328,470,41505,179,1015,1587,23478,910,26693,1766,50171,California
Napa,2021-03-18,2105,77953,918,34246,1177,42682,10,1025,1283,23951,820,27513,1293,51464,California
Napa,2021-03-19,1444,79397,872,35118,544,43226,28,1053,711,23960,730,28243,739,52203,California
Napa,2021-03-20,1005,80402,529,35647,323,43549,153,1206,431,23971,573,28816,584,52787,California
Napa,2021-03-21,701,81103,680,36327,19,43568,2,1208,349,23971,351,29167,351,53138,California
Napa,2021-03-22,1090,82193,914,37241,165,43733,11,1219,476,23849,609,29776,487,53625,California
Napa,2021-03-23,1515,83708,824,38065,674,44407,17,1236,1001,24356,511,30287,1018,54643,California
Napa,2021-03-24,1705,85413,945,39010,752,45159,8,1244,819,24298,885,31172,827,55470,California
Napa,2021-03-25,1634,87047,1048,40058,532,45691,54,1298,746,24214,885,32057,801,56271,California
Napa,2021-03-26,1298,88345,831,40889,461,46152,6,1304,592,24110,702,32759,598,56869,California
Napa,2021-03-27,947,89292,432,41321,488,46640,27,1331,315,23820,632,33391,342,57211,California
Napa,2021-03-28,483,89775,373,41694,103,46743,7,1338,184,23713,298,33689,191,57402,California
Napa,2021-03-29,1193,90968,870,42564,318,47061,5,1343,733,23992,459,34148,738,58140,California
Napa,2021-03-30,2537,93505,929,43493,1604,48665,4,1347,1751,24961,786,34934,1755,59895,California
Napa,2021-03-31,1962,95467,957,44450,936,49601,69,1416,800,24669,1159,36093,867,60762,California
Napa,2021-04-01,1730,97197,830,45280,784,50385,116,1532,469,23998,1255,37348,584,61346,California
Napa,2021-04-02,1832,99029,822,46102,868,51253,142,1674,457,23225,1372,38720,599,61945,California
Napa,2021-04-03,623,99652,360,46462,204,51457,59,1733,209,23078,414,39134,267,62212,California
Napa,2021-04-04,354,100006,144,46606,152,51609,58,1791,125,23033,228,39362,183,62395,California
Napa,2021-04-05,1264,101270,755,47361,291,51900,218,2009,574,23136,689,40051,792,63187,California
Napa,2021-04-06,2221,103491,560,47921,1406,53306,255,2264,527,22227,1691,41742,782,63969,California
Napa,2021-04-07,1721,105212,701,48622,799,54105,221,2485,521,21773,1195,42937,741,64710,California
Napa,2021-04-08,1839,107051,1050,49672,419,54524,370,2855,950,22206,885,43822,1318,66028,California
Napa,2021-04-09,1529,108580,918,50590,309,54833,302,3157,675,22330,852,44674,976,67004,California
Napa,2021-04-10,1029,109609,346,50936,583,55416,100,3257,239,21879,789,45463,338,67342,California
Napa,2021-04-11,384,109993,299,51235,62,55478,23,3280,155,21828,229,45692,178,67520,California
Napa,2021-04-12,784,110777,301,51536,359,55837,124,3404,292,21750,491,46183,413,67933,California
Napa,2021-04-13,2520,113297,841,52377,1679,57516,0,3404,918,21070,1598,47781,918,68851,California
Napa,2021-04-14,2061,115358,977,53354,1084,58600,0,3404,1007,21031,1046,48827,1007,69858,California
Napa,2021-04-15,1621,116979,525,53879,1096,59696,0,3404,864,21143,752,49579,864,70722,California
Napa,2021-04-16,2900,119879,1571,55450,1329,61025,0,3404,2187,22619,711,50290,2187,72909,California
Napa,2021-04-17,1124,121003,266,55716,858,61883,0,3404,828,23151,296,50586,828,73737,California
Napa,2021-04-18,263,121266,171,55887,92,61975,0,3404,118,23125,144,50730,118,73855,California
Napa,2021-04-19,609,121875,339,56226,270,62245,0,3404,266,23049,342,51072,266,74121,California
Napa,2021-04-20,3038,124913,2065,58291,973,63218,0,3404,2088,24189,949,52021,2089,76210,California
Napa,2021-04-21,2907,127820,2149,60440,758,63976,0,3404,1855,24998,1047,53068,1856,78066,California
Napa,2021-04-22,1625,129445,1127,61567,498,64474,0,3404,834,25045,787,53855,834,78900,California
Napa,2021-04-23,1582,131027,1205,62772,375,64849,2,3406,1111,25689,467,54322,1111,80011,California
Napa,2021-04-24,544,131571,314,63086,230,65079,0,3406,284,25716,257,54579,284,80295,California
Napa,2021-04-25,248,131819,191,63277,57,65136,0,3406,129,25727,118,54697,129,80424,California
Napa,2021-04-26,492,132311,256,63533,236,65372,0,3406,251,25741,237,54934,251,80675,California
Napa,2021-04-27,1497,133808,426,63959,1060,66432,11,3417,622,25502,872,55806,633,81308,California
Napa,2021-04-28,966,134774,423,64382,526,66958,17,3434,319,25192,646,56452,336,81644,California
Napa,2021-04-29,635,135409,323,64705,293,67251,19,3453,205,24991,424,56876,223,81867,California
Napa,2021-04-30,596,136005,298,65003,234,67485,64,3517,247,24953,348,57224,310,82177,California
Napa,2021-05-01,315,136320,263,65266,44,67529,8,3525,116,24878,199,57423,124,82301,California
Napa,2021-05-02,237,136557,193,65459,38,67567,6,3531,99,24846,137,57560,105,82406,California
Napa,2021-05-03,617,137174,492,65951,91,67658,34,3565,100,24467,514,58074,135,82541,California
Napa,2021-05-04,1124,138298,714,66665,301,67959,109,3674,297,24048,825,58899,406,82947,California
Napa,2021-05-05,1017,139315,683,67348,299,68258,35,3709,258,23585,756,59655,293,83240,California
Napa,2021-05-06,679,139994,310,67658,346,68604,23,3732,362,23660,310,59965,385,83625,California
Napa,2021-05-07,464,140458,296,67954,135,68739,33,3765,117,23465,344,60309,149,83774,California
Napa,2021-05-08,152,140610,117,68071,29,68768,6,3771,32,23384,119,60428,38,83812,California
Nevada,2020-12-16,3,3,3,3,0,0,0,0,3,3,0,0,3,3,California
Nevada,2020-12-17,6,9,6,9,0,0,0,0,6,9,0,0,6,9,California
Nevada,2020-12-18,52,61,52,61,0,0,0,0,52,61,0,0,52,61,California
Nevada,2020-12-19,55,116,55,116,0,0,0,0,55,116,0,0,55,116,California
Nevada,2020-12-20,12,128,12,128,0,0,0,0,12,128,0,0,12,128,California
Nevada,2020-12-21,69,197,69,197,0,0,0,0,69,197,0,0,69,197,California
Nevada,2020-12-22,91,288,89,286,2,2,0,0,91,288,0,0,91,288,California
Nevada,2020-12-23,233,521,202,488,31,33,0,0,233,521,0,0,233,521,California
Nevada,2020-12-24,13,534,11,499,2,35,0,0,13,534,0,0,13,534,California
Nevada,2020-12-25,3,537,3,502,0,35,0,0,3,537,0,0,3,537,California
Nevada,2020-12-26,6,543,4,506,2,37,0,0,6,543,0,0,6,543,California
Nevada,2020-12-27,88,631,88,594,0,37,0,0,88,631,0,0,88,631,California
Nevada,2020-12-28,170,801,93,687,77,114,0,0,170,801,0,0,170,801,California
Nevada,2020-12-29,100,901,74,761,26,140,0,0,100,901,0,0,100,901,California
Nevada,2020-12-30,86,987,66,827,20,160,0,0,86,987,0,0,86,987,California
Nevada,2020-12-31,39,1026,9,836,30,190,0,0,39,1026,0,0,39,1026,California
Nevada,2021-01-01,1,1027,0,836,1,191,0,0,1,1027,0,0,1,1027,California
Nevada,2021-01-02,1,1028,1,837,0,191,0,0,1,1028,0,0,1,1028,California
Nevada,2021-01-03,129,1157,126,963,3,194,0,0,129,1157,0,0,129,1157,California
Nevada,2021-01-04,71,1228,47,1010,24,218,0,0,71,1228,0,0,71,1228,California
Nevada,2021-01-05,273,1501,132,1142,141,359,0,0,272,1499,1,1,272,1500,California
Nevada,2021-01-06,91,1592,43,1185,48,407,0,0,83,1574,8,9,83,1583,California
Nevada,2021-01-07,215,1807,43,1228,172,579,0,0,208,1777,6,15,209,1792,California
Nevada,2021-01-08,223,2030,129,1357,94,673,0,0,170,1895,53,68,171,1963,California
Nevada,2021-01-09,64,2094,56,1413,8,681,0,0,16,1863,48,116,16,1979,California
Nevada,2021-01-10,18,2112,9,1422,9,690,0,0,10,1865,8,124,10,1989,California
Nevada,2021-01-11,185,2297,131,1553,54,744,0,0,57,1794,128,252,57,2046,California
Nevada,2021-01-12,597,2894,451,2004,146,890,0,0,531,2259,66,318,531,2577,California
Nevada,2021-01-13,259,3153,147,2151,112,1002,0,0,124,2248,135,453,124,2701,California
Nevada,2021-01-14,238,3391,127,2278,111,1113,0,0,220,2451,17,470,220,2921,California
Nevada,2021-01-15,394,3785,169,2447,225,1338,0,0,296,2649,98,568,296,3217,California
Nevada,2021-01-16,296,4081,15,2462,281,1619,0,0,292,2937,4,572,292,3509,California
Nevada,2021-01-17,35,4116,31,2493,4,1623,0,0,33,2968,2,574,33,3542,California
Nevada,2021-01-18,151,4267,41,2534,110,1733,0,0,141,3099,10,584,141,3683,California
Nevada,2021-01-19,244,4511,85,2619,159,1892,0,0,225,3305,19,603,225,3908,California
Nevada,2021-01-20,258,4769,153,2772,105,1997,0,0,245,3537,13,616,245,4153,California
Nevada,2021-01-21,338,5107,207,2979,131,2128,0,0,325,3849,13,629,325,4478,California
Nevada,2021-01-22,346,5453,209,3188,137,2265,0,0,316,4135,30,659,316,4794,California
Nevada,2021-01-23,177,5630,104,3292,73,2338,0,0,177,4312,0,659,177,4971,California
Nevada,2021-01-24,105,5735,98,3390,7,2345,0,0,66,4339,39,698,66,5037,California
Nevada,2021-01-25,267,6002,137,3527,130,2475,0,0,206,4484,61,759,206,5243,California
Nevada,2021-01-26,402,6404,141,3668,261,2736,0,0,298,4678,104,863,298,5541,California
Nevada,2021-01-27,419,6823,249,3917,170,2906,0,0,395,5049,24,887,395,5936,California
Nevada,2021-01-28,470,7293,319,4236,151,3057,0,0,426,5432,43,930,426,6362,California
Nevada,2021-01-29,602,7895,392,4628,210,3267,0,0,576,5984,25,955,577,6939,California
Nevada,2021-01-30,232,8127,105,4733,127,3394,0,0,229,6210,3,958,229,7168,California
Nevada,2021-01-31,103,8230,86,4819,17,3411,0,0,101,6311,1,959,102,7270,California
Nevada,2021-02-01,291,8521,71,4890,220,3631,0,0,277,6574,14,973,277,7547,California
Nevada,2021-02-02,511,9032,173,5063,338,3969,0,0,323,6709,188,1161,323,7870,California
Nevada,2021-02-03,811,9843,571,5634,240,4209,0,0,758,7415,52,1213,758,8628,California
Nevada,2021-02-04,738,10581,392,6026,346,4555,0,0,488,7654,249,1462,488,9116,California
Nevada,2021-02-05,645,11226,366,6392,279,4834,0,0,455,7921,188,1650,455,9571,California
Nevada,2021-02-06,269,11495,83,6475,186,5020,0,0,242,8136,27,1677,242,9813,California
Nevada,2021-02-07,244,11739,191,6666,53,5073,0,0,190,8272,54,1731,190,10003,California
Nevada,2021-02-08,651,12390,408,7074,243,5316,0,0,553,8727,98,1829,553,10556,California
Nevada,2021-02-09,601,12991,337,7411,264,5580,0,0,463,9052,138,1967,463,11019,California
Nevada,2021-02-10,647,13638,322,7733,325,5905,0,0,417,9240,230,2197,418,11437,California
Nevada,2021-02-11,871,14509,505,8238,366,6271,0,0,542,9454,328,2525,542,11979,California
Nevada,2021-02-12,936,15445,437,8675,499,6770,0,0,616,9753,317,2842,616,12595,California
Nevada,2021-02-13,598,16043,235,8910,363,7133,0,0,389,9938,205,3047,390,12985,California
Nevada,2021-02-14,229,16272,119,9029,110,7243,0,0,201,10111,28,3075,201,13186,California
Nevada,2021-02-15,709,16981,438,9467,271,7514,0,0,535,10472,174,3249,535,13721,California
Nevada,2021-02-16,621,17602,197,9664,424,7938,0,0,451,10754,169,3418,451,14172,California
Nevada,2021-02-17,1186,18788,764,10428,422,8360,0,0,857,11282,329,3747,857,15029,California
Nevada,2021-02-18,1007,19795,548,10976,459,8819,0,0,600,11477,405,4152,600,15629,California
Nevada,2021-02-19,1014,20809,630,11606,384,9203,0,0,652,11768,362,4514,653,16282,California
Nevada,2021-02-20,298,21107,106,11712,192,9395,0,0,173,11817,124,4638,173,16455,California
Nevada,2021-02-21,90,21197,85,11797,5,9400,0,0,8,11744,81,4719,8,16463,California
Nevada,2021-02-22,494,21691,327,12124,167,9567,0,0,346,11943,147,4866,346,16809,California
Nevada,2021-02-23,468,22159,219,12343,249,9816,0,0,206,11890,259,5125,206,17015,California
Nevada,2021-02-24,474,22633,235,12578,239,10055,0,0,248,11914,226,5351,250,17265,California
Nevada,2021-02-25,861,23494,466,13044,395,10450,0,0,431,11917,428,5779,431,17696,California
Nevada,2021-02-26,1236,24730,881,13925,355,10805,0,0,408,11500,825,6604,408,18104,California
Nevada,2021-02-27,354,25084,110,14035,244,11049,0,0,184,11514,170,6774,184,18288,California
Nevada,2021-02-28,265,25349,152,14187,113,11162,0,0,123,11496,141,6915,123,18411,California
Nevada,2021-03-01,820,26169,426,14613,394,11556,0,0,355,11388,463,7378,355,18766,California
Nevada,2021-03-02,706,26875,262,14875,444,12000,0,0,480,11646,222,7600,480,19246,California
Nevada,2021-03-03,965,27840,492,15367,472,12472,1,1,493,11669,471,8071,494,19740,California
Nevada,2021-03-04,1105,28945,616,15983,489,12961,0,1,466,11499,636,8707,466,20206,California
Nevada,2021-03-05,820,29765,460,16443,350,13311,10,11,363,11417,455,9162,373,20579,California
Nevada,2021-03-06,359,30124,121,16564,211,13522,27,38,145,11375,214,9376,172,20751,California
Nevada,2021-03-07,209,30333,109,16673,81,13603,19,57,68,11321,141,9517,87,20838,California
Nevada,2021-03-08,806,31139,538,17211,223,13826,45,102,359,11280,446,9963,405,21243,California
Nevada,2021-03-09,671,31810,320,17531,301,14127,50,152,368,11396,301,10264,417,21660,California
Nevada,2021-03-10,960,32770,605,18136,298,14425,57,209,322,11141,634,10898,379,22039,California
Nevada,2021-03-11,1102,33872,723,18859,354,14779,25,234,549,11170,545,11443,574,22613,California
Nevada,2021-03-12,1190,35062,722,19581,438,15217,30,264,504,11019,684,12127,533,23146,California
Nevada,2021-03-13,269,35331,52,19633,212,15429,5,269,98,10951,170,12297,102,23248,California
Nevada,2021-03-14,155,35486,21,19654,128,15557,6,275,33,10868,122,12419,39,23287,California
Nevada,2021-03-15,841,36327,456,20110,373,15930,12,287,358,10758,480,12899,370,23657,California
Nevada,2021-03-16,993,37320,465,20575,467,16397,61,348,646,11119,346,13245,707,24364,California
Nevada,2021-03-17,1015,38335,451,21026,554,16951,10,358,585,11287,427,13672,595,24959,California
Nevada,2021-03-18,970,39305,526,21552,420,17371,24,382,476,11297,490,14162,500,25459,California
Nevada,2021-03-19,758,40063,437,21989,284,17655,37,419,352,11284,402,14564,389,25848,California
Nevada,2021-03-20,822,40885,92,22081,306,17961,424,843,235,11358,581,15145,655,26503,California
Nevada,2021-03-21,58,40943,32,22113,25,17986,1,844,40,11382,17,15162,41,26544,California
Nevada,2021-03-22,795,41738,513,22626,277,18263,5,849,537,11668,256,15418,542,27086,California
Nevada,2021-03-23,852,42590,383,23009,443,18706,26,875,641,12127,208,15626,667,27753,California
Nevada,2021-03-24,1021,43611,541,23550,473,19179,7,882,650,12418,365,15991,656,28409,California
Nevada,2021-03-25,898,44509,451,24001,422,19601,25,907,493,12531,404,16395,517,28926,California
Nevada,2021-03-26,1138,45647,433,24434,667,20268,38,945,826,13085,309,16704,863,29789,California
Nevada,2021-03-27,568,46215,71,24505,481,20749,16,961,386,13305,182,16886,402,30191,California
Nevada,2021-03-28,174,46389,50,24555,111,20860,13,974,39,13225,132,17018,52,30243,California
Nevada,2021-03-29,821,47210,501,25056,298,21158,22,996,393,13214,425,17443,414,30657,California
Nevada,2021-03-30,1043,48253,475,25531,534,21692,34,1030,539,13291,496,17939,573,31230,California
Nevada,2021-03-31,1173,49426,658,26189,498,22190,17,1047,695,13533,469,18408,711,31941,California
Nevada,2021-04-01,1223,50649,714,26903,456,22646,53,1100,541,13450,677,19085,594,32535,California
Nevada,2021-04-02,1282,51931,655,27558,591,23237,36,1136,761,13730,517,19602,797,33332,California
Nevada,2021-04-03,288,52219,89,27647,161,23398,38,1174,83,13647,204,19806,121,33453,California
Nevada,2021-04-04,128,52347,42,27689,79,23477,7,1181,78,13682,50,19856,85,33538,California
Nevada,2021-04-05,929,53276,610,28299,300,23777,19,1200,617,14010,308,20164,636,34174,California
Nevada,2021-04-06,1070,54346,662,28961,264,24041,144,1344,471,14032,592,20756,614,34788,California
Nevada,2021-04-07,1143,55489,815,29776,246,24287,82,1426,605,14187,531,21287,686,35474,California
Nevada,2021-04-08,1275,56764,890,30666,302,24589,83,1509,703,14404,569,21856,786,36260,California
Nevada,2021-04-09,1241,58005,846,31512,326,24915,69,1578,844,14920,397,22253,913,37173,California
Nevada,2021-04-10,262,58267,76,31588,110,25025,76,1654,110,14955,151,22404,186,37359,California
Nevada,2021-04-11,100,58367,31,31619,65,25090,4,1658,39,14937,61,22465,43,37402,California
Nevada,2021-04-12,733,59100,536,32155,180,25270,17,1675,309,14842,421,22886,326,37728,California
Nevada,2021-04-13,875,59975,349,32504,526,25796,0,1675,466,14901,407,23293,466,38194,California
Nevada,2021-04-14,1051,61026,565,33069,486,26282,0,1675,540,14938,503,23796,540,38734,California
Nevada,2021-04-15,1073,62099,709,33778,364,26646,0,1675,623,15121,440,24236,623,39357,California
Nevada,2021-04-16,899,62998,698,34476,201,26847,0,1675,529,15281,369,24605,529,39886,California
Nevada,2021-04-17,194,63192,52,34528,142,26989,0,1675,84,15256,109,24714,84,39970,California
Nevada,2021-04-18,181,63373,17,34545,164,27153,0,1675,101,15277,80,24794,101,40071,California
Nevada,2021-04-19,750,64123,481,35026,269,27422,0,1675,304,15143,438,25232,304,40375,California
Nevada,2021-04-20,795,64918,307,35333,488,27910,0,1675,298,14949,492,25724,298,40673,California
Nevada,2021-04-21,896,65814,489,35822,407,28317,0,1675,266,14592,623,26347,266,40939,California
Nevada,2021-04-22,989,66803,617,36439,372,28689,0,1675,339,14292,639,26986,339,41278,California
Nevada,2021-04-23,1215,68018,537,36976,678,29367,0,1675,395,13878,809,27795,395,41673,California
Nevada,2021-04-24,520,68538,73,37049,447,29814,0,1675,169,13698,349,28144,169,41842,California
Nevada,2021-04-25,116,68654,61,37110,50,29864,5,1680,51,13690,64,28208,56,41898,California
Nevada,2021-04-26,696,69350,527,37637,161,30025,8,1688,196,13403,491,28699,204,42102,California
Nevada,2021-04-27,757,70107,345,37982,408,30433,4,1692,393,13444,356,29055,397,42499,California
Nevada,2021-04-28,983,71090,580,38562,398,30831,5,1697,387,13245,591,29646,392,42891,California
Nevada,2021-04-29,1008,72098,705,39267,299,31130,4,1701,273,12789,733,30379,277,43168,California
Nevada,2021-04-30,1220,73318,723,39990,488,31618,9,1710,198,11976,1020,31399,207,43375,California
Nevada,2021-05-01,141,73459,64,40054,73,31691,4,1714,62,11965,77,31476,66,43441,California
Nevada,2021-05-02,53,73512,29,40083,20,31711,4,1718,19,11954,34,31510,23,43464,California
Nevada,2021-05-03,599,74111,399,40482,182,31893,18,1736,176,11727,420,31930,193,43657,California
Nevada,2021-05-04,585,74696,172,40654,394,32287,19,1755,331,11828,249,32179,350,44007,California
Nevada,2021-05-05,719,75415,377,41031,326,32613,16,1771,309,11751,402,32581,325,44332,California
Nevada,2021-05-06,788,76203,560,41591,217,32830,11,1782,182,11345,599,33180,193,44525,California
Nevada,2021-05-07,797,77000,462,42053,315,33145,20,1802,155,10878,642,33822,175,44700,California
Nevada,2021-05-08,115,77115,12,42065,86,33231,17,1819,34,10848,81,33903,51,44751,California
Orange,2020-12-15,16,16,16,16,0,0,0,0,16,16,0,0,16,16,California
Orange,2020-12-16,365,381,365,381,0,0,0,0,365,381,0,0,365,381,California
Orange,2020-12-17,3726,4107,3726,4107,0,0,0,0,3725,4106,0,0,3725,4106,California
Orange,2020-12-18,5053,9160,5046,9153,7,7,0,0,5052,9158,0,0,5052,9158,California
Orange,2020-12-19,2233,11393,2226,11379,7,14,0,0,2232,11390,0,0,2232,11390,California
Orange,2020-12-20,1985,13378,1982,13361,3,17,0,0,1986,13376,0,0,1986,13376,California
Orange,2020-12-21,4253,17631,4247,17608,6,23,0,0,4253,17629,0,0,4253,17629,California
Orange,2020-12-22,3982,21613,3947,21555,35,58,0,0,3982,21611,0,0,3982,21611,California
Orange,2020-12-23,3563,25176,3200,24755,363,421,0,0,3565,25176,0,0,3565,25176,California
Orange,2020-12-24,1380,26556,1079,25834,301,722,0,0,1380,26556,0,0,1380,26556,California
Orange,2020-12-25,17,26573,12,25846,5,727,0,0,17,26573,0,0,17,26573,California
Orange,2020-12-26,1023,27596,423,26269,600,1327,0,0,1023,27596,0,0,1023,27596,California
Orange,2020-12-27,582,28178,275,26544,307,1634,0,0,582,28178,0,0,582,28178,California
Orange,2020-12-28,3542,31720,2568,29112,974,2608,0,0,3542,31720,0,0,3542,31720,California
Orange,2020-12-29,3574,35294,2563,31675,1011,3619,0,0,3573,35292,1,1,3573,35293,California
Orange,2020-12-30,5128,40422,3558,35233,1570,5189,0,0,5128,40420,0,1,5128,40421,California
Orange,2020-12-31,1497,41919,800,36033,697,5886,0,0,1497,41917,0,1,1497,41918,California
Orange,2021-01-01,536,42455,291,36324,245,6131,0,0,535,42451,1,2,535,42453,California
Orange,2021-01-02,1415,43870,904,37228,511,6642,0,0,1415,43866,0,2,1415,43868,California
Orange,2021-01-03,581,44451,322,37550,259,6901,0,0,581,44447,0,2,581,44449,California
Orange,2021-01-04,2743,47194,1563,39113,1180,8081,0,0,2744,47190,1,3,2744,47193,California
Orange,2021-01-05,3522,50716,2295,41408,1227,9308,0,0,3115,49905,403,406,3118,50311,California
Orange,2021-01-06,5011,55727,3466,44874,1545,10853,0,0,3645,52196,1354,1760,3645,53956,California
Orange,2021-01-07,9267,64994,5168,50042,4099,14952,0,0,5696,54338,3558,5318,5700,59656,California
Orange,2021-01-08,9420,74414,5269,55311,4151,19103,0,0,5657,56245,3753,9071,5660,65316,California
Orange,2021-01-09,5010,79424,1742,57053,3268,22371,0,0,3728,58691,1282,10353,3728,69044,California
Orange,2021-01-10,4236,83660,1042,58095,3194,25565,0,0,3357,61174,878,11231,3361,72405,California
Orange,2021-01-11,9440,93100,4901,62996,4539,30104,0,0,5817,63366,3626,14857,5818,78223,California
Orange,2021-01-12,8819,101919,4724,67720,4095,34199,0,0,5355,65260,3462,18319,5356,83579,California
Orange,2021-01-13,10254,112173,4923,72643,5331,39530,0,0,7052,69121,3198,21517,7059,90638,California
Orange,2021-01-14,9968,122141,3778,76421,6190,45720,0,0,8376,75913,1590,23107,8382,99020,California
Orange,2021-01-15,10170,132311,2628,79049,7542,53262,0,0,9291,84323,887,23994,9297,108317,California
Orange,2021-01-16,8707,141018,2096,81145,6611,59873,0,0,8312,92245,395,24389,8317,116634,California
Orange,2021-01-17,8157,149175,1484,82629,6673,66546,0,0,8010,100118,147,24536,8020,124654,California
Orange,2021-01-18,9754,158929,4459,87088,5295,71841,0,0,7512,105389,2244,26780,7515,132169,California
Orange,2021-01-19,7491,166420,5411,92499,2080,73921,0,0,4859,107617,2632,29412,4860,137029,California
Orange,2021-01-20,8381,174801,5919,98418,2462,76383,0,0,5320,109883,3061,32473,5327,142356,California
Orange,2021-01-21,11010,185811,4904,103322,6106,82489,0,0,10198,119281,811,33284,10209,152565,California
Orange,2021-01-22,13664,199475,5139,108461,8525,91014,0,0,12811,131254,846,34130,12819,165384,California
Orange,2021-01-23,13134,212609,6186,114647,6948,97962,0,0,12151,142432,981,35111,12159,177543,California
Orange,2021-01-24,9823,222432,4296,118943,5527,103489,0,0,9493,151601,327,35438,9496,187039,California
Orange,2021-01-25,10447,232879,5866,124809,4581,108070,0,0,7719,156602,2723,38161,7724,194763,California
Orange,2021-01-26,11902,244781,7722,132531,4180,112250,0,0,9732,164171,2166,40327,9735,204498,California
Orange,2021-01-27,13432,258213,8008,140539,5424,117674,0,0,10729,172213,2692,43019,10734,215232,California
Orange,2021-01-28,13034,271247,7207,147746,5827,123501,0,0,11169,181540,1850,44869,11177,226409,California
Orange,2021-01-29,13643,284890,8454,156200,5189,128690,0,0,10745,189405,2884,47753,10749,237158,California
Orange,2021-01-30,12930,297820,4443,160643,8487,137177,0,0,12185,200863,730,48483,12188,249346,California
Orange,2021-01-31,13717,311537,4946,165589,8771,145948,0,0,13263,213684,449,48932,13270,262616,California
Orange,2021-02-01,14082,325619,5806,171395,8276,154224,0,0,12066,223760,1995,50927,12071,274687,California
Orange,2021-02-02,15435,341054,8377,179772,7058,161282,0,0,12681,233798,2646,53573,12684,287371,California
Orange,2021-02-03,16763,357817,12580,192352,4183,165465,0,0,13732,244582,2953,56526,13737,301108,California
Orange,2021-02-04,19841,377658,12960,205312,6881,172346,0,0,14750,254280,5060,61586,14758,315866,California
Orange,2021-02-05,20760,398418,12022,217334,8738,181084,0,0,14468,262500,6251,67837,14471,330337,California
Orange,2021-02-06,16334,414752,10793,228127,5541,186625,0,0,11071,268542,5247,73084,11289,341626,California
Orange,2021-02-07,11522,426274,8100,236227,3422,190047,0,0,7547,272298,3960,77044,7716,349342,California
Orange,2021-02-08,14954,441228,8586,244813,6368,196415,0,0,8927,275229,5997,83041,8928,358270,California
Orange,2021-02-09,17676,458904,12038,256851,5638,202053,0,0,10709,279050,6893,89934,10714,368984,California
Orange,2021-02-10,20920,479824,11196,268047,9724,211777,0,0,12676,283587,8148,98082,12685,381669,California
Orange,2021-02-11,22099,501923,11486,279533,10613,222390,0,0,12371,286380,9596,107678,12389,394058,California
Orange,2021-02-12,24784,526707,11909,291442,12875,235265,0,0,14626,290913,10098,117776,14631,408689,California
Orange,2021-02-13,22018,548725,11916,303358,10102,245367,0,0,11149,292037,10667,128443,11791,420480,California
Orange,2021-02-14,16195,564920,6575,309933,9620,254987,0,0,9550,294968,6620,135063,9551,430031,California
Orange,2021-02-15,17230,582150,7395,317328,9835,264822,0,0,8882,295555,8304,143367,8891,438922,California
Orange,2021-02-16,19931,602081,8986,326314,10945,275767,0,0,10717,297129,9167,152534,10741,449663,California
Orange,2021-02-17,17877,619958,9332,335646,8545,284312,0,0,9186,297701,8645,161179,9217,458880,California
Orange,2021-02-18,15000,634958,9843,345489,5157,289469,0,0,6748,296257,8200,169379,6756,465636,California
Orange,2021-02-19,18184,653142,10889,356378,7295,296764,0,0,6934,292004,11199,180578,6946,472582,California
Orange,2021-02-20,7522,660664,5616,361994,1906,298670,0,0,3775,292063,3726,184304,3785,476367,California
Orange,2021-02-21,4378,665042,3697,365691,681,299351,0,0,792,289304,3551,187855,792,477159,California
Orange,2021-02-22,9653,674695,7875,373566,1778,301129,0,0,3896,287486,5729,193584,3911,481070,California
Orange,2021-02-23,13269,687964,7248,380814,6021,307150,0,0,3495,281276,9715,203299,3505,484575,California
Orange,2021-02-24,21166,709130,12839,393653,8327,315477,0,0,5394,270980,15709,219008,5413,489988,California
Orange,2021-02-25,22672,731802,12296,405949,10376,325853,0,0,7995,264385,14606,233614,8011,497999,California
Orange,2021-02-26,27755,759557,14082,420031,13673,339526,0,0,11185,259147,16448,250062,11210,509209,California
Orange,2021-02-27,24995,784552,10098,430129,14895,354421,2,2,7261,248796,17629,267691,7278,516487,California
Orange,2021-02-28,19080,803632,7408,437537,11672,366093,0,2,4825,239498,14140,281831,4842,521329,California
Orange,2021-03-01,18418,822050,8397,445934,10015,376108,6,8,7124,235423,11217,293048,7142,528471,California
Orange,2021-03-02,18829,840879,8898,454832,9928,386036,3,11,9184,235040,9597,302645,9214,537685,California
Orange,2021-03-03,20508,861387,9637,464469,10868,396904,3,14,10996,236626,9436,312081,11022,548707,California
Orange,2021-03-04,22328,883715,12853,477322,9461,406365,14,28,11601,237578,10689,322770,11641,560348,California
Orange,2021-03-05,20746,904461,10758,488080,9944,416309,44,72,12697,242372,8007,330777,12801,573149,California
Orange,2021-03-06,23917,928378,13137,501217,9916,426225,864,936,12660,244699,11222,341999,13549,586698,California
Orange,2021-03-07,14851,943229,8315,509532,6139,432364,397,1333,8667,247638,6145,348144,9084,595782,California
Orange,2021-03-08,16221,959450,7422,516954,7538,439902,1261,2594,10415,253583,5758,353902,11703,607485,California
Orange,2021-03-09,19735,979185,8585,525539,8716,448618,2434,5028,11323,258970,8372,362274,13759,621244,California
Orange,2021-03-10,24320,1003505,11771,537310,9100,457718,3449,8477,12154,262461,12108,374382,15599,636843,California
Orange,2021-03-11,28970,1032475,15681,552991,9070,466788,4219,12696,13424,264644,15459,389841,17642,654485,California
Orange,2021-03-12,29231,1061706,14225,567216,11153,477941,3853,16549,14673,268713,14479,404320,18548,673033,California
Orange,2021-03-13,27710,1089416,10158,577374,13624,491565,3928,20477,14022,273027,13634,417954,17948,690981,California
Orange,2021-03-14,18799,1108215,8148,585522,8126,499691,2525,23002,11868,280508,6901,424855,14382,705363,California
Orange,2021-03-15,22984,1131199,10119,595641,12107,511798,758,23760,14351,287054,8559,433414,15105,720468,California
Orange,2021-03-16,26328,1157527,11127,606768,14977,526775,224,23984,17136,295310,9111,442525,17367,737835,California
Orange,2021-03-17,27292,1184819,13537,620305,13166,539941,589,24573,19427,307527,7796,450321,20013,757848,California
Orange,2021-03-18,27687,1212506,13910,634215,13504,553445,273,24846,21576,323334,6047,456368,21854,779702,California
Orange,2021-03-19,33408,1245914,18357,652572,14612,568057,439,25285,24881,340246,8418,464786,25330,805032,California
Orange,2021-03-20,25741,1271655,13541,666113,11994,580051,206,25491,22029,358832,3652,468438,22238,827270,California
Orange,2021-03-21,18468,1290123,10667,676780,7074,587125,727,26218,15711,372541,2730,471168,16439,843709,California
Orange,2021-03-22,22671,1312794,11713,688493,10636,597761,322,26540,19174,388625,3420,474588,19504,863213,California
Orange,2021-03-23,25909,1338703,13431,701924,11845,609606,633,27173,20821,405072,5011,479599,21458,884671,California
Orange,2021-03-24,29002,1367705,16159,718083,11936,621542,907,28080,21973,421006,6949,486548,22883,907554,California
Orange,2021-03-25,32242,1399947,17167,735250,14372,635914,703,28783,24190,437932,7965,494513,24891,932445,California
Orange,2021-03-26,34698,1434645,17990,753240,15851,651765,857,29640,24979,454152,9618,504131,25838,958283,California
Orange,2021-03-27,28330,1462975,13551,766791,14466,666231,313,29953,19773,465774,8467,512598,20089,978372,California
Orange,2021-03-28,24702,1487677,12776,779567,11859,678090,67,30020,18625,478460,6010,518608,18696,997068,California
Orange,2021-03-29,26376,1514053,12056,791623,13761,691851,559,30579,17911,488545,8386,526994,18471,1015539,California
Orange,2021-03-30,30766,1544819,13840,805463,16293,708144,633,31212,21318,501120,9375,536369,21950,1037489,California
Orange,2021-03-31,36924,1581743,19366,824829,16865,725009,693,31905,24029,513046,12799,549168,24725,1062214,California
Orange,2021-04-01,40084,1621827,21044,845873,17258,742267,1782,33687,26040,526919,13938,563106,27811,1090025,California
Orange,2021-04-02,39670,1661497,20012,865885,17925,760192,1733,35420,22535,534152,17040,580146,24273,1114298,California
Orange,2021-04-03,29934,1691431,15620,881505,12656,772848,1658,37078,14198,534338,15666,595812,15852,1130150,California
Orange,2021-04-04,18278,1709709,10642,892147,6923,779771,713,37791,8174,533169,10051,605863,8882,1139032,California
Orange,2021-04-05,29751,1739460,13920,906067,12492,792263,3339,41130,13822,534459,15860,621723,17150,1156182,California
Orange,2021-04-06,33201,1772661,15546,921613,14239,806502,3416,44546,14362,533469,18748,640471,17758,1173940,California
Orange,2021-04-07,35824,1808485,19986,941599,11284,817786,4554,49100,15786,533821,19963,660434,20315,1194255,California
Orange,2021-04-08,38488,1846973,21422,963021,11643,829429,5423,54523,18754,538326,19642,680076,24147,1218402,California
Orange,2021-04-09,40440,1887413,23576,986597,11740,841169,5124,59647,17927,538919,22432,702508,23025,1241427,California
Orange,2021-04-10,34063,1921476,18059,1004656,11801,852970,4203,63850,14142,537396,19840,722348,18317,1259744,California
Orange,2021-04-11,25446,1946922,14368,1019024,7823,860793,3255,67105,9789,534817,15610,737958,13031,1272775,California
Orange,2021-04-12,30265,1977187,15341,1034365,11405,872198,3519,70624,11909,531925,18303,756261,15411,1288186,California
Orange,2021-04-13,32223,2009410,18115,1052480,14041,886239,67,70691,15027,529882,17135,773396,15092,1303278,California
Orange,2021-04-14,34156,2043566,19942,1072422,14185,900424,29,70720,15002,525848,19067,792463,15033,1318311,California
Orange,2021-04-15,39788,2083354,24278,1096700,15498,915922,12,70732,18491,523155,21198,813661,18505,1336816,California
Orange,2021-04-16,41073,2124427,24141,1120841,16902,932824,30,70762,18560,519330,22421,836082,18596,1355412,California
Orange,2021-04-17,29679,2154106,17242,1138083,12434,945258,3,70765,12800,515329,16808,852890,12807,1368219,California
Orange,2021-04-18,21349,2175455,12908,1150991,8441,953699,0,70765,8457,510943,12846,865736,8460,1376679,California
Orange,2021-04-19,32317,2207772,17804,1168795,14511,968210,2,70767,14849,508409,17388,883124,14854,1391533,California
Orange,2021-04-20,35050,2242822,18188,1186983,16859,985069,3,70770,17525,508483,17453,900577,17527,1409060,California
Orange,2021-04-21,40281,2283103,23120,1210103,17151,1002220,10,70780,18994,506287,21201,921778,19005,1428065,California
Orange,2021-04-22,39052,2322155,20618,1230721,18426,1020646,8,70788,16259,499881,22679,944457,16273,1444338,California
Orange,2021-04-23,39885,2362040,20547,1251268,19332,1039978,6,70794,17736,495578,22047,966504,17744,1462082,California
Orange,2021-04-24,31777,2393817,16642,1267910,15100,1055078,35,70829,13367,490644,18338,984842,13404,1475486,California
Orange,2021-04-25,22920,2416737,12923,1280833,9984,1065062,13,70842,9842,487478,13026,997868,9860,1485346,California
Orange,2021-04-26,25225,2441962,12026,1292859,13022,1078084,177,71019,11041,484594,14102,1011970,11218,1496564,California
Orange,2021-04-27,27697,2469659,12598,1305457,14611,1092695,488,71507,10527,478589,17025,1028995,11020,1507584,California
Orange,2021-04-28,30456,2500115,15164,1320621,14447,1107142,845,72352,12078,473227,18281,1047276,12919,1520503,California
Orange,2021-04-29,31370,2531485,17150,1337771,13268,1120410,952,73304,11226,465340,20060,1067336,12173,1532676,California
Orange,2021-04-30,29244,2560729,16613,1354384,11712,1132122,919,74223,12351,461791,16815,1084151,13266,1545942,California
Orange,2021-05-01,21713,2582442,14645,1369029,6096,1138218,972,75195,8658,458429,12987,1097138,9625,1555567,California
Orange,2021-05-02,15357,2597799,10207,1379236,4510,1142728,640,75835,5377,454525,9919,1107057,6015,1561582,California
Orange,2021-05-03,20376,2618175,12412,1391648,7216,1149944,748,76583,6373,447709,13932,1120989,7116,1568698,California
Orange,2021-05-04,23248,2641423,13279,1404927,9089,1159033,880,77463,8032,441491,15120,1136109,8902,1577600,California
Orange,2021-05-05,21857,2663280,12839,1417766,8136,1167169,882,78345,7114,434851,14632,1150741,7992,1585592,California
Orange,2021-05-06,23531,2686811,14831,1432597,7741,1174910,959,79304,5973,424331,17446,1168187,6926,1592518,California
Orange,2021-05-07,16722,2703533,10252,1442849,5937,1180847,533,79837,4504,417226,12142,1180329,5037,1597555,California
Orange,2021-05-08,10492,2714025,7658,1450507,2574,1183421,260,80097,2193,411422,8258,1188587,2454,1600009,California
Placer,2020-12-15,29,29,29,29,0,0,0,0,29,29,0,0,29,29,California
Placer,2020-12-16,54,83,54,83,0,0,0,0,54,83,0,0,54,83,California
Placer,2020-12-17,140,223,140,223,0,0,0,0,140,223,0,0,140,223,California
Placer,2020-12-18,331,554,331,554,0,0,0,0,331,554,0,0,331,554,California
Placer,2020-12-19,252,806,252,806,0,0,0,0,252,806,0,0,252,806,California
Placer,2020-12-20,234,1040,234,1040,0,0,0,0,234,1040,0,0,234,1040,California
Placer,2020-12-21,493,1533,492,1532,1,1,0,0,493,1533,0,0,493,1533,California
Placer,2020-12-22,675,2208,668,2200,7,8,0,0,675,2208,0,0,675,2208,California
Placer,2020-12-23,747,2955,661,2861,86,94,0,0,747,2955,0,0,747,2955,California
Placer,2020-12-24,398,3353,346,3207,52,146,0,0,398,3353,0,0,398,3353,California
Placer,2020-12-26,156,3509,111,3318,45,191,0,0,156,3509,0,0,156,3509,California
Placer,2020-12-27,186,3695,163,3481,23,214,0,0,186,3695,0,0,186,3695,California
Placer,2020-12-28,663,4358,536,4017,127,341,0,0,663,4358,0,0,663,4358,California
Placer,2020-12-29,762,5120,513,4530,249,590,0,0,762,5120,0,0,762,5120,California
Placer,2020-12-30,728,5848,454,4984,274,864,0,0,726,5846,0,0,726,5846,California
Placer,2020-12-31,529,6377,343,5327,186,1050,0,0,529,6375,0,0,529,6375,California
Placer,2021-01-01,15,6392,11,5338,4,1054,0,0,15,6390,0,0,15,6390,California
Placer,2021-01-02,184,6576,152,5490,32,1086,0,0,184,6574,0,0,184,6574,California
Placer,2021-01-03,154,6730,79,5569,75,1161,0,0,154,6728,0,0,154,6728,California
Placer,2021-01-04,619,7349,180,5749,439,1600,0,0,619,7347,0,0,619,7347,California
Placer,2021-01-05,726,8075,159,5908,567,2167,0,0,643,7909,82,82,644,7991,California
Placer,2021-01-06,760,8835,244,6152,516,2683,0,0,618,8385,142,224,618,8609,California
Placer,2021-01-07,985,9820,368,6520,617,3300,0,0,780,8960,205,429,780,9389,California
Placer,2021-01-08,1184,11004,528,7048,656,3956,0,0,856,9491,325,754,856,10245,California
Placer,2021-01-09,448,11452,321,7369,127,4083,0,0,232,9508,215,969,232,10477,California
Placer,2021-01-10,329,11781,186,7555,143,4226,0,0,164,9507,165,1134,164,10641,California
Placer,2021-01-11,1425,13206,807,8362,618,4844,0,0,836,9755,589,1723,837,11478,California
Placer,2021-01-12,1650,14856,877,9239,773,5617,0,0,1048,10201,602,2325,1048,12526,California
Placer,2021-01-13,1634,16490,821,10060,813,6430,0,0,1210,10992,422,2747,1213,13739,California
Placer,2021-01-14,1775,18265,652,10712,1123,7553,0,0,1420,12061,352,3099,1421,15160,California
Placer,2021-01-15,1936,20201,722,11434,1214,8767,0,0,1586,13299,349,3448,1587,16747,California
Placer,2021-01-16,1470,21671,720,12154,750,9517,0,0,1349,14528,121,3569,1350,18097,California
Placer,2021-01-17,563,22234,397,12551,166,9683,0,0,430,14825,133,3702,430,18527,California
Placer,2021-01-18,976,23210,539,13090,437,10120,0,0,747,15344,229,3931,748,19275,California
Placer,2021-01-19,2611,25821,1948,15038,663,10783,0,0,2161,17055,450,4381,2161,21436,California
Placer,2021-01-20,2266,28087,1697,16735,569,11352,0,0,1937,18664,329,4710,1938,23374,California
Placer,2021-01-21,2556,30643,1112,17847,1444,12796,0,0,2163,20436,392,5102,2164,25538,California
Placer,2021-01-22,2304,32947,595,18442,1709,14505,0,0,2129,22393,173,5275,2130,27668,California
Placer,2021-01-23,1189,34136,380,18822,809,15314,0,0,1034,23272,155,5430,1034,28702,California
Placer,2021-01-24,507,34643,265,19087,242,15556,0,0,431,23628,76,5506,432,29134,California
Placer,2021-01-25,1672,36315,802,19889,870,16426,0,0,1384,24725,288,5794,1385,30519,California
Placer,2021-01-26,1855,38170,1030,20919,825,17251,0,0,1591,26052,264,6058,1591,32110,California
Placer,2021-01-27,1840,40010,1152,22071,688,17939,0,0,1596,27407,242,6300,1597,33707,California
Placer,2021-01-28,1805,41815,1116,23187,689,18628,0,0,1557,28718,246,6546,1557,35264,California
Placer,2021-01-29,1893,43708,1170,24357,723,19351,0,0,1701,30230,191,6737,1703,36967,California
Placer,2021-01-30,1726,45434,972,25329,754,20105,0,0,1605,31715,120,6857,1605,38572,California
Placer,2021-01-31,781,46215,624,25953,157,20262,0,0,713,32361,68,6925,714,39286,California
Placer,2021-02-01,2071,48286,1090,27043,981,21243,0,0,1757,33804,314,7239,1757,41043,California
Placer,2021-02-02,2377,50663,1541,28584,836,22079,0,0,1886,35202,488,7727,1886,42929,California
Placer,2021-02-03,2918,53581,1875,30459,1043,23122,0,0,2294,36876,620,8347,2294,45223,California
Placer,2021-02-04,2759,56340,1187,31646,1572,24694,0,0,1935,37992,820,9167,1936,47159,California
Placer,2021-02-05,2731,59071,1205,32851,1526,26220,0,0,1403,38072,1323,10490,1403,48562,California
Placer,2021-02-06,1948,61019,1309,34160,639,26859,0,0,1398,38920,550,11040,1398,49960,California
Placer,2021-02-07,1224,62243,913,35073,311,27170,0,0,939,39575,284,11324,939,50899,California
Placer,2021-02-08,3300,65543,1767,36840,1533,28703,0,0,1977,40238,1315,12639,1978,52877,California
Placer,2021-02-09,3549,69092,2177,39017,1372,30075,0,0,1644,39979,1903,14542,1644,54521,California
Placer,2021-02-10,3749,72841,2190,41207,1559,31634,0,0,1744,39723,2002,16544,1746,56267,California
Placer,2021-02-11,3690,76531,1903,43110,1787,33421,0,0,1585,39217,2092,18636,1586,57853,California
Placer,2021-02-12,2847,79378,1323,44433,1524,34945,0,0,1667,39742,1143,19779,1668,59521,California
Placer,2021-02-13,2538,81916,1485,45918,1053,35998,0,0,1887,40978,651,20430,1887,61408,California
Placer,2021-02-14,1081,82997,675,46593,406,36404,0,0,738,41376,340,20770,738,62146,California
Placer,2021-02-15,2244,85241,1043,47636,1201,37605,0,0,1532,42196,713,21483,1533,63679,California
Placer,2021-02-16,3574,88815,1780,49416,1794,39399,0,0,1588,41808,1977,23460,1589,65268,California
Placer,2021-02-17,3541,92356,1961,51377,1580,40979,0,0,1509,41289,2028,25488,1509,66777,California
Placer,2021-02-18,3796,96152,2046,53423,1750,42729,0,0,1625,40753,2162,27650,1626,68403,California
Placer,2021-02-19,3585,99737,1910,55333,1675,44404,0,0,1328,39829,2253,29903,1329,69732,California
Placer,2021-02-20,1982,101719,1237,56570,745,45149,0,0,895,39646,1081,30984,898,70630,California
Placer,2021-02-21,971,102690,729,57299,242,45391,0,0,280,39239,688,31672,281,70911,California
Placer,2021-02-22,2522,105212,1774,59073,748,46139,0,0,604,37926,1917,33589,604,71515,California
Placer,2021-02-23,2547,107759,1573,60646,974,47113,0,0,881,37142,1665,35254,881,72396,California
Placer,2021-02-24,3285,111044,1174,61820,2111,49224,0,0,1788,37445,1487,36741,1790,74186,California
Placer,2021-02-25,3537,114581,1427,63247,2110,51334,0,0,1878,37673,1651,38392,1879,76065,California
Placer,2021-02-26,4098,118679,2376,65623,1722,53056,0,0,2354,38287,1740,40132,2354,78419,California
Placer,2021-02-27,2821,121500,1494,67117,1327,54383,0,0,1456,38387,1359,41491,1459,79878,California
Placer,2021-02-28,1400,122900,795,67912,605,54988,0,0,586,38165,808,42299,586,80464,California
Placer,2021-03-01,2999,125899,1991,69903,1008,55996,0,0,1550,38271,1444,43743,1550,82014,California
Placer,2021-03-02,2870,128769,1761,71664,1109,57105,0,0,1874,39154,991,44734,1874,83888,California
Placer,2021-03-03,3319,132088,1423,73087,1896,59001,0,0,1815,39472,1498,46232,1816,85704,California
Placer,2021-03-04,3626,135714,1455,74542,2171,61172,0,0,1895,39649,1719,47951,1896,87600,California
Placer,2021-03-05,3012,138726,1032,75574,1958,63130,22,22,1809,40279,1201,49152,1831,89431,California
Placer,2021-03-06,2412,141138,1485,77059,831,63961,96,118,925,39820,1480,50632,1021,90452,California
Placer,2021-03-07,1297,142435,751,77810,508,64469,38,156,531,39626,763,51395,569,91021,California
Placer,2021-03-08,2907,145342,1826,79636,968,65437,113,269,1648,40130,1257,52652,1761,92782,California
Placer,2021-03-09,3173,148515,1681,81317,1401,66838,91,360,1817,40685,1353,54005,1908,94690,California
Placer,2021-03-10,3280,151795,1320,82637,1853,68691,107,467,1708,40933,1567,55572,1815,96505,California
Placer,2021-03-11,3581,155376,1593,84230,1864,70555,124,591,1727,40942,1845,57417,1854,98359,California
Placer,2021-03-12,3671,159047,1483,85713,1407,71962,781,1372,1250,40559,2415,59832,2032,100391,California
Placer,2021-03-13,2108,161155,741,86454,1248,73210,119,1491,1129,40831,976,60808,1248,101639,California
Placer,2021-03-14,1640,162795,672,87126,819,74029,149,1640,892,41124,748,61556,1041,102680,California
Placer,2021-03-15,3179,165974,1531,88657,1516,75545,132,1772,1763,41605,1415,62971,1896,104576,California
Placer,2021-03-16,3558,169532,1915,90572,1510,77055,133,1905,2282,42756,1265,64236,2416,106992,California
Placer,2021-03-17,3416,172948,1727,92299,1590,78645,99,2004,2204,43851,1210,65446,2305,109297,California
Placer,2021-03-18,3968,176916,2201,94500,1729,80374,38,2042,2828,45583,1133,66579,2865,112162,California
Placer,2021-03-19,3431,180347,2063,96563,1104,81478,264,2306,2188,46798,1236,67815,2451,114613,California
Placer,2021-03-20,2138,182485,897,97460,1144,82622,97,2403,1301,47362,833,68648,1397,116010,California
Placer,2021-03-21,1253,183738,574,98034,670,83292,9,2412,945,48011,305,68953,954,116964,California
Placer,2021-03-22,3265,187003,2101,100135,1077,84369,87,2499,2193,49224,1068,70021,2281,119245,California
Placer,2021-03-23,3526,190529,2097,102232,1338,85707,91,2590,2524,50843,997,71018,2616,121861,California
Placer,2021-03-24,3788,194317,1998,104230,1693,87400,97,2687,1953,51080,1813,72831,2050,123911,California
Placer,2021-03-25,3776,198093,1793,106023,1886,89286,97,2784,1725,50860,2041,74872,1821,125732,California
Placer,2021-03-26,3756,201849,1658,107681,1866,91152,232,3016,1579,50507,2164,77036,1811,127543,California
Placer,2021-03-27,1592,203441,467,108148,1105,92257,20,3036,647,50236,938,77974,667,128210,California
Placer,2021-03-28,1103,204544,527,108675,566,92823,10,3046,374,49896,724,78698,384,128594,California
Placer,2021-03-29,3558,208102,1988,110663,1536,94359,34,3080,1726,49834,1823,80521,1761,130355,California
Placer,2021-03-30,3973,212075,2099,112762,1831,96190,43,3123,2091,50099,1868,82389,2133,132488,California
Placer,2021-03-31,4092,216167,1830,114592,2187,98377,75,3198,1692,49472,2393,84782,1766,134254,California
Placer,2021-04-01,2897,219064,1362,115954,1489,99866,46,3244,1598,49818,1298,86080,1644,135898,California
Placer,2021-04-02,2834,221898,1447,117401,1323,101189,64,3308,1586,50226,1241,87321,1649,137547,California
Placer,2021-04-03,1851,223749,983,118384,740,101929,128,3436,888,50286,956,88277,1016,138563,California
Placer,2021-04-04,709,224458,361,118745,295,102224,53,3489,285,50202,422,88699,338,138901,California
Placer,2021-04-05,2991,227449,1893,120638,914,103138,184,3673,1741,50881,1246,89945,1925,140826,California
Placer,2021-04-06,4277,231726,2469,123107,1509,104647,299,3972,1524,49956,2748,92693,1823,142649,California
Placer,2021-04-07,4500,236226,2568,125675,1471,106118,461,4433,2055,50029,2440,95133,2513,145162,California
Placer,2021-04-08,4685,240911,2592,128267,1547,107665,546,4979,1570,49041,3104,98237,2116,147278,California
Placer,2021-04-09,4078,244989,2246,130513,1217,108882,615,5594,1216,48020,2854,101091,1833,149111,California
Placer,2021-04-10,1981,246970,853,131366,948,109830,180,5774,845,47911,1133,102224,1024,150135,California
Placer,2021-04-11,1333,248303,512,131878,788,110618,33,5807,435,47484,894,103118,467,150602,California
Placer,2021-04-12,4103,252406,2654,134532,1069,111687,380,6187,2466,48703,1626,104744,2845,153447,California
Placer,2021-04-13,4322,256728,2976,137508,1345,113032,1,6188,2172,48730,2146,106890,2173,155620,California
Placer,2021-04-14,4117,260845,2561,140069,1555,114587,1,6189,1844,48310,2264,109154,1844,157464,California
Placer,2021-04-15,4464,265309,2479,142548,1984,116571,1,6190,2347,48552,2106,111260,2348,159812,California
Placer,2021-04-16,3659,268968,2173,144721,1486,118057,0,6190,1428,47755,2225,113485,1428,161240,California
Placer,2021-04-17,2348,271316,794,145515,1554,119611,0,6190,1455,48320,890,114375,1455,162695,California
Placer,2021-04-18,1157,272473,234,145749,923,120534,0,6190,405,47975,750,115125,405,163100,California
Placer,2021-04-19,2906,275379,1777,147526,1129,121663,0,6190,1143,47359,1760,116885,1144,164244,California
Placer,2021-04-20,3771,279150,2448,149974,1323,122986,0,6190,2399,48394,1364,118249,2399,166643,California
Placer,2021-04-21,3648,282798,2391,152365,1256,124242,1,6191,2377,49505,1267,119516,2378,169021,California
Placer,2021-04-22,3539,286337,2144,154509,1395,125637,0,6191,1735,49439,1801,121317,1735,170756,California
Placer,2021-04-23,3486,289823,2310,156819,1175,126812,1,6192,1369,48698,2111,123428,1370,172126,California
Placer,2021-04-24,2068,291891,1252,158071,815,127627,1,6193,1210,49058,850,124278,1210,173336,California
Placer,2021-04-25,900,292791,497,158568,403,128030,0,6193,556,49270,344,124622,556,173892,California
Placer,2021-04-26,2199,294990,1205,159773,971,129001,23,6216,1096,49295,1093,125715,1118,175010,California
Placer,2021-04-27,2490,297480,1308,161081,1147,130148,35,6251,1471,49788,1014,126729,1507,176517,California
Placer,2021-04-28,2910,300390,1802,162883,1071,131219,37,6288,1521,49967,1379,128108,1558,178075,California
Placer,2021-04-29,3240,303630,2058,164941,1130,132349,52,6340,1301,49387,1933,130041,1353,179428,California
Placer,2021-04-30,2973,306603,1802,166743,1124,133473,47,6387,1189,48845,1778,131819,1236,180664,California
Placer,2021-05-01,1325,307928,929,167672,372,133845,24,6411,610,48769,709,132528,633,181297,California
Placer,2021-05-02,708,308636,550,168222,137,133982,21,6432,328,48740,378,132906,349,181646,California
Placer,2021-05-03,1594,310230,983,169205,549,134531,62,6494,441,48094,1149,134055,503,182149,California
Placer,2021-05-04,2254,312484,1291,170496,800,135331,163,6657,847,47700,1404,135459,1010,183159,California
Placer,2021-05-05,3589,316073,2453,172949,1035,136366,101,6758,908,46032,2677,138136,1009,184168,California
Placer,2021-05-06,2835,318908,1740,174689,1027,137393,68,6826,690,44653,2137,140273,758,184926,California
Placer,2021-05-07,2110,321018,1575,176264,507,137900,28,6854,483,43543,1620,141893,510,185436,California
Placer,2021-05-08,777,321795,402,176666,358,138258,17,6871,139,43062,637,142530,156,185592,California
Plumas,2020-12-18,4,4,4,4,0,0,0,0,4,4,0,0,4,4,California
Plumas,2020-12-19,1,5,1,5,0,0,0,0,1,5,0,0,1,5,California
Plumas,2020-12-21,45,50,45,50,0,0,0,0,45,50,0,0,45,50,California
Plumas,2020-12-22,92,142,92,142,0,0,0,0,92,142,0,0,92,142,California
Plumas,2020-12-23,50,192,50,192,0,0,0,0,50,192,0,0,50,192,California
Plumas,2020-12-24,6,198,6,198,0,0,0,0,6,198,0,0,6,198,California
Plumas,2020-12-28,8,206,0,198,8,8,0,0,8,206,0,0,8,206,California
Plumas,2020-12-29,32,238,22,220,10,18,0,0,32,238,0,0,32,238,California
Plumas,2020-12-30,22,260,1,221,21,39,0,0,22,260,0,0,22,260,California
Plumas,2020-12-31,4,264,1,222,3,42,0,0,4,264,0,0,4,264,California
Plumas,2021-01-04,10,274,4,226,6,48,0,0,10,274,0,0,10,274,California
Plumas,2021-01-05,22,296,2,228,20,68,0,0,22,296,0,0,22,296,California
Plumas,2021-01-06,124,420,5,233,119,187,0,0,124,420,0,0,124,420,California
Plumas,2021-01-07,53,473,2,235,51,238,0,0,52,471,1,1,52,472,California
Plumas,2021-01-08,12,485,5,240,7,245,0,0,8,475,4,5,8,480,California
Plumas,2021-01-09,2,487,2,242,0,245,0,0,1,475,1,6,1,481,California
Plumas,2021-01-11,59,546,50,292,9,254,0,0,12,440,47,53,12,493,California
Plumas,2021-01-12,155,701,86,378,69,323,0,0,71,427,84,137,71,564,California
Plumas,2021-01-13,56,757,50,428,6,329,0,0,10,391,46,183,10,574,California
Plumas,2021-01-14,96,853,14,442,82,411,0,0,91,477,5,188,91,665,California
Plumas,2021-01-15,62,915,7,449,55,466,0,0,60,535,2,190,60,725,California
Plumas,2021-01-16,58,973,1,450,57,523,0,0,58,593,0,190,58,783,California
Plumas,2021-01-18,2,975,1,451,1,524,0,0,2,595,0,190,2,785,California
Plumas,2021-01-19,36,1011,5,456,31,555,0,0,32,623,4,194,32,817,California
Plumas,2021-01-20,121,1132,3,459,118,673,0,0,119,740,2,196,119,936,California
Plumas,2021-01-21,112,1244,2,461,110,783,0,0,112,852,0,196,112,1048,California
Plumas,2021-01-22,5,1249,1,462,4,787,0,0,5,857,0,196,5,1053,California
Plumas,2021-01-23,93,1342,2,464,91,878,0,0,93,950,0,196,93,1146,California
Plumas,2021-01-24,1,1343,1,465,0,878,0,0,1,951,0,196,1,1147,California
Plumas,2021-01-25,10,1353,7,472,3,881,0,0,7,955,3,199,7,1154,California
Plumas,2021-01-26,60,1413,2,474,58,939,0,0,52,999,8,207,52,1206,California
Plumas,2021-01-27,25,1438,20,494,5,944,0,0,5,984,20,227,5,1211,California
Plumas,2021-01-28,23,1461,0,494,23,967,0,0,21,1003,2,229,21,1232,California
Plumas,2021-01-29,8,1469,2,496,6,973,0,0,7,1009,1,230,7,1239,California
Plumas,2021-01-30,8,1477,4,500,4,977,0,0,7,1015,1,231,7,1246,California
Plumas,2021-01-31,3,1480,3,503,0,977,0,0,3,1018,0,231,3,1249,California
Plumas,2021-02-01,15,1495,2,505,13,990,0,0,7,1017,8,239,7,1256,California
Plumas,2021-02-02,21,1516,2,507,19,1009,0,0,2,1000,19,258,2,1258,California
Plumas,2021-02-03,128,1644,8,515,120,1129,0,0,13,899,114,372,13,1271,California
Plumas,2021-02-04,101,1745,8,523,93,1222,0,0,23,844,78,450,23,1294,California
Plumas,2021-02-05,24,1769,11,534,13,1235,0,0,9,838,15,465,9,1303,California
Plumas,2021-02-06,7,1776,0,534,7,1242,0,0,7,845,0,465,7,1310,California
Plumas,2021-02-08,16,1792,7,541,9,1251,0,0,4,837,12,477,4,1314,California
Plumas,2021-02-09,171,1963,1,542,170,1421,0,0,111,888,60,537,111,1425,California
Plumas,2021-02-10,89,2052,9,551,80,1501,0,0,80,960,9,546,81,1506,California
Plumas,2021-02-11,322,2374,7,558,315,1816,0,0,263,1164,59,605,263,1769,California
Plumas,2021-02-12,123,2497,4,562,119,1935,0,0,118,1277,5,610,118,1887,California
Plumas,2021-02-13,74,2571,5,567,69,2004,0,0,14,1231,60,670,14,1901,California
Plumas,2021-02-14,8,2579,5,572,3,2007,0,0,8,1239,0,670,8,1909,California
Plumas,2021-02-15,27,2606,5,577,22,2029,0,0,24,1260,3,673,24,1933,California
Plumas,2021-02-16,76,2682,4,581,72,2101,0,0,14,1212,62,735,14,1947,California
Plumas,2021-02-17,136,2818,5,586,131,2232,0,0,12,1100,124,859,12,1959,California
Plumas,2021-02-18,128,2946,6,592,122,2354,0,0,19,1011,109,968,20,1979,California
Plumas,2021-02-19,41,2987,4,596,37,2391,0,0,6,982,35,1003,6,1985,California
Plumas,2021-02-20,104,3091,7,603,97,2488,0,0,12,902,92,1095,12,1997,California
Plumas,2021-02-21,5,3096,5,608,0,2488,0,0,1,899,4,1099,1,1998,California
Plumas,2021-02-22,3,3099,1,609,2,2490,0,0,0,896,3,1102,0,1998,California
Plumas,2021-02-23,25,3124,5,614,20,2510,0,0,17,905,8,1110,17,2015,California
Plumas,2021-02-24,457,3581,7,621,450,2960,0,0,444,1336,13,1123,444,2459,California
Plumas,2021-02-25,229,3810,10,631,219,3179,0,0,168,1443,61,1184,168,2627,California
Plumas,2021-02-26,267,4077,8,639,259,3438,0,0,259,1695,8,1192,260,2887,California
Plumas,2021-02-27,40,4117,4,643,36,3474,0,0,33,1721,7,1199,33,2920,California
Plumas,2021-02-28,1,4118,0,643,1,3475,0,0,1,1722,0,1199,1,2921,California
Plumas,2021-03-01,13,4131,3,646,10,3485,0,0,8,1726,4,1203,8,2929,California
Plumas,2021-03-02,8,4139,0,646,8,3493,0,0,6,1730,2,1205,6,2935,California
Plumas,2021-03-03,152,4291,10,656,142,3635,0,0,136,1850,16,1221,136,3071,California
Plumas,2021-03-04,251,4542,9,665,242,3877,0,0,229,2057,22,1243,229,3300,California
Plumas,2021-03-05,399,4941,7,672,387,4264,5,5,388,2439,11,1254,393,3693,California
Plumas,2021-03-06,19,4960,2,674,9,4273,8,13,3,2434,16,1270,11,3704,California
Plumas,2021-03-07,13,4973,2,676,2,4275,9,22,3,2436,10,1280,12,3716,California
Plumas,2021-03-08,29,5002,3,679,2,4277,24,46,3,2437,26,1306,27,3743,California
Plumas,2021-03-09,133,5135,2,681,116,4393,15,61,18,2355,115,1421,33,3776,California
Plumas,2021-03-10,255,5390,3,684,238,4631,14,75,108,2331,146,1567,122,3898,California
Plumas,2021-03-11,182,5572,8,692,169,4800,5,80,147,2448,35,1602,152,4050,California
Plumas,2021-03-12,595,6167,3,695,304,5104,288,368,23,2187,572,2174,311,4361,California
Plumas,2021-03-13,25,6192,4,699,10,5114,11,379,5,2183,20,2194,16,4377,California
Plumas,2021-03-14,12,6204,3,702,4,5118,5,384,1,2179,10,2204,6,4383,California
Plumas,2021-03-15,32,6236,1,703,24,5142,7,391,6,2166,26,2230,13,4396,California
Plumas,2021-03-16,60,6296,3,706,56,5198,1,392,49,2205,11,2241,50,4446,California
Plumas,2021-03-17,73,6369,9,715,63,5261,1,393,58,2250,14,2255,59,4505,California
Plumas,2021-03-18,60,6429,6,721,38,5299,16,409,12,2230,48,2303,28,4533,California
Plumas,2021-03-19,164,6593,6,727,156,5455,2,411,155,2381,7,2310,158,4691,California
Plumas,2021-03-20,693,7286,4,731,688,6143,1,412,673,3037,18,2328,674,5365,California
Plumas,2021-03-21,2,7288,1,732,1,6144,0,412,1,3038,0,2328,1,5366,California
Plumas,2021-03-22,183,7471,2,734,181,6325,0,412,176,3207,7,2335,176,5542,California
Plumas,2021-03-23,27,7498,2,736,25,6350,0,412,13,3206,14,2349,13,5555,California
Plumas,2021-03-24,654,8152,7,743,646,6996,1,413,223,3000,430,2779,224,5779,California
Plumas,2021-03-25,299,8451,7,750,290,7286,2,415,157,3015,142,2921,157,5936,California
Plumas,2021-03-26,315,8766,9,759,306,7592,0,415,46,2793,268,3189,46,5982,California
Plumas,2021-03-27,13,8779,1,760,11,7603,1,416,3,2787,10,3199,4,5986,California
Plumas,2021-03-28,5,8784,3,763,1,7604,1,417,3,2789,2,3201,4,5990,California
Plumas,2021-03-29,12,8796,4,767,7,7611,1,418,4,2786,8,3209,5,5995,California
Plumas,2021-03-30,151,8947,3,770,147,7758,1,419,24,2684,127,3336,25,6020,California
Plumas,2021-03-31,289,9236,2,772,286,8044,1,420,268,2933,20,3356,269,6289,California
Plumas,2021-04-01,297,9533,11,783,285,8329,1,421,60,2758,235,3591,60,6349,California
Plumas,2021-04-02,375,9908,5,788,369,8698,1,422,29,2454,334,3925,30,6379,California
Plumas,2021-04-03,16,9924,3,791,5,8703,8,430,4,2454,12,3937,12,6391,California
Plumas,2021-04-04,3,9927,1,792,1,8704,1,431,0,2452,3,3940,1,6392,California
Plumas,2021-04-05,10,9937,3,795,6,8710,1,432,3,2449,7,3947,4,6396,California
Plumas,2021-04-06,120,10057,6,801,88,8798,26,458,13,2381,107,4054,39,6435,California
Plumas,2021-04-07,281,10338,7,808,99,8897,175,633,28,2331,253,4307,203,6638,California
Plumas,2021-04-08,155,10493,3,811,136,9033,16,649,34,2260,120,4427,49,6687,California
Plumas,2021-04-09,50,10543,9,820,25,9058,16,665,19,2263,31,4458,34,6721,California
Plumas,2021-04-10,22,10565,2,822,4,9062,16,681,3,2263,19,4477,19,6740,California
Plumas,2021-04-11,4,10569,3,825,0,9062,1,682,3,2266,1,4478,4,6744,California
Plumas,2021-04-12,10,10579,5,830,3,9065,2,684,7,2272,3,4481,9,6753,California
Plumas,2021-04-13,206,10785,5,835,201,9266,0,684,138,2342,68,4549,138,6891,California
Plumas,2021-04-14,108,10893,8,843,100,9366,0,684,54,2342,54,4603,54,6945,California
Plumas,2021-04-15,50,10943,2,845,48,9414,0,684,32,2356,18,4621,32,6977,California
Plumas,2021-04-16,144,11087,4,849,140,9554,0,684,4,2220,140,4761,4,6981,California
Plumas,2021-04-17,666,11753,1,850,665,10219,0,684,20,1596,644,5405,20,7001,California
Plumas,2021-04-18,3,11756,2,852,1,10220,0,684,1,1595,2,5407,1,7002,California
Plumas,2021-04-19,38,11794,3,855,35,10255,0,684,5,1567,33,5440,5,7007,California
Plumas,2021-04-20,41,11835,4,859,37,10292,0,684,25,1577,15,5455,25,7032,California
Plumas,2021-04-21,312,12147,5,864,306,10598,1,685,18,1301,294,5749,18,7050,California
Plumas,2021-04-22,272,12419,8,872,264,10862,0,685,130,1289,142,5891,130,7180,California
Plumas,2021-04-23,73,12492,6,878,67,10929,0,685,16,1248,57,5948,16,7196,California
Plumas,2021-04-24,171,12663,5,883,166,11095,0,685,146,1370,24,5972,146,7342,California
Plumas,2021-04-26,29,12692,4,887,25,11120,0,685,9,1360,19,5991,9,7351,California
Plumas,2021-04-27,87,12779,3,890,84,11204,0,685,51,1375,36,6027,51,7402,California
Plumas,2021-04-28,282,13061,4,894,278,11482,0,685,37,1167,245,6272,37,7439,California
Plumas,2021-04-29,171,13232,69,963,102,11584,0,685,117,1231,53,6325,117,7556,California
Plumas,2021-04-30,23,13255,11,974,12,11596,0,685,7,1222,16,6341,7,7563,California
Plumas,2021-05-01,2,13257,1,975,0,11596,1,686,0,1221,2,6343,1,7564,California
Plumas,2021-05-02,3,13260,3,978,0,11596,0,686,1,1220,2,6345,1,7565,California
Plumas,2021-05-03,18,13278,8,986,4,11600,6,692,7,1222,11,6356,13,7578,California
Plumas,2021-05-04,28,13306,3,989,19,11619,6,698,17,1234,11,6367,23,7601,California
Plumas,2021-05-05,44,13350,6,995,37,11656,1,699,17,1225,27,6394,18,7619,California
Plumas,2021-05-06,53,13403,3,998,45,11701,5,704,13,1204,39,6433,18,7637,California
Plumas,2021-05-07,22,13425,6,1004,16,11717,0,704,7,1196,15,6448,7,7644,California
Plumas,2021-05-08,1,13426,1,1005,0,11717,0,704,0,1196,0,6448,0,7644,California
Riverside,2020-12-15,5,5,5,5,0,0,0,0,5,5,0,0,5,5,California
Riverside,2020-12-16,64,69,64,69,0,0,0,0,64,69,0,0,64,69,California
Riverside,2020-12-17,804,873,804,873,0,0,0,0,804,873,0,0,804,873,California
Riverside,2020-12-18,1722,2595,1721,2594,1,1,0,0,1722,2595,0,0,1722,2595,California
Riverside,2020-12-19,1026,3621,1023,3617,3,4,0,0,1024,3618,1,1,1024,3619,California
Riverside,2020-12-20,1083,4704,1082,4699,1,5,0,0,1083,4701,0,1,1083,4702,California
Riverside,2020-12-21,2273,6977,2271,6970,2,7,0,0,2273,6974,0,1,2273,6975,California
Riverside,2020-12-22,2254,9231,2215,9185,39,46,0,0,2253,9227,0,1,2253,9228,California
Riverside,2020-12-23,2129,11360,1792,10977,337,383,0,0,2130,11357,0,1,2130,11358,California
Riverside,2020-12-24,828,12188,626,11603,202,585,0,0,828,12185,0,1,828,12186,California
Riverside,2020-12-25,28,12216,5,11608,23,608,0,0,28,12213,0,1,28,12214,California
Riverside,2020-12-26,400,12616,257,11865,143,751,0,0,400,12613,0,1,400,12614,California
Riverside,2020-12-27,361,12977,243,12108,118,869,0,0,361,12974,0,1,361,12975,California
Riverside,2020-12-28,1626,14603,1126,13234,500,1369,0,0,1626,14600,0,1,1626,14601,California
Riverside,2020-12-29,1738,16341,972,14206,766,2135,0,0,1738,16338,0,1,1738,16339,California
Riverside,2020-12-30,2577,18918,1683,15889,894,3029,0,0,2576,18914,0,1,2576,18915,California
Riverside,2020-12-31,1022,19940,395,16284,627,3656,0,0,1024,19938,0,1,1024,19939,California
Riverside,2021-01-01,115,20055,44,16328,71,3727,0,0,115,20053,0,1,115,20054,California
Riverside,2021-01-02,834,20889,694,17022,140,3867,0,0,834,20887,0,1,834,20888,California
Riverside,2021-01-03,343,21232,298,17320,45,3912,0,0,342,21229,0,1,342,21230,California
Riverside,2021-01-04,1265,22497,797,18117,468,4380,0,0,1265,22494,0,1,1265,22495,California
Riverside,2021-01-05,1984,24481,1363,19480,621,5001,0,0,1889,24294,89,90,1889,24384,California
Riverside,2021-01-06,2496,26977,1112,20592,1384,6385,0,0,2190,26182,302,392,2190,26574,California
Riverside,2021-01-07,2766,29743,1813,22405,953,7338,0,0,1705,26833,1056,1448,1707,28281,California
Riverside,2021-01-08,4055,33798,2935,25340,1120,8458,0,0,2245,27272,1806,3254,2245,30526,California
Riverside,2021-01-09,2070,35868,844,26184,1226,9684,0,0,1723,28649,346,3600,1723,32249,California
Riverside,2021-01-10,1667,37535,735,26919,932,10616,0,0,1063,29108,604,4204,1063,33312,California
Riverside,2021-01-11,4524,42059,3102,30021,1422,12038,0,0,2790,30167,1732,5936,2791,36103,California
Riverside,2021-01-12,3404,45463,2730,32751,674,12712,0,0,1717,30202,1682,7618,1717,37820,California
Riverside,2021-01-13,4389,49852,2870,35621,1519,14231,0,0,2784,31384,1602,9220,2784,40604,California
Riverside,2021-01-14,5495,55347,1895,37516,3600,17831,0,0,4907,35703,588,9808,4907,45511,California
Riverside,2021-01-15,6154,61501,2096,39612,4058,21889,0,0,5866,41282,287,10095,5866,51377,California
Riverside,2021-01-16,3608,65109,1017,40629,2591,24480,0,0,3362,44399,246,10341,3363,54740,California
Riverside,2021-01-17,3591,68700,582,41211,3009,27489,0,0,3394,47598,195,10536,3394,58134,California
Riverside,2021-01-18,3729,72429,2023,43234,1706,29195,0,0,2724,49317,1005,11541,2724,60858,California
Riverside,2021-01-19,7408,79837,2643,45877,4765,33960,0,0,6291,54492,1117,12658,6292,67150,California
Riverside,2021-01-20,8108,87945,3023,48900,5085,39045,0,0,6535,59469,1562,14220,6539,73689,California
Riverside,2021-01-21,8363,96308,3521,52421,4842,43887,0,0,7714,66534,649,14869,7714,81403,California
Riverside,2021-01-22,8726,105034,2980,55401,5746,49633,0,0,8296,74403,428,15297,8297,89700,California
Riverside,2021-01-23,5925,110959,2393,57794,3532,53165,0,0,5197,78873,728,16025,5198,94898,California
Riverside,2021-01-24,3034,113993,1430,59224,1604,54769,0,0,2820,81483,211,16236,2821,97719,California
Riverside,2021-01-25,7877,121870,4537,63761,3340,58109,0,0,6751,87110,1125,17361,6752,104471,California
Riverside,2021-01-26,9121,130991,5731,69492,3390,61499,0,0,7609,93211,1509,18870,7610,112081,California
Riverside,2021-01-27,10904,141895,6386,75878,4518,66017,0,0,9297,100908,1603,20473,9300,121381,California
Riverside,2021-01-28,11487,153382,6780,82658,4707,70724,0,0,10328,110086,1151,21624,10329,131710,California
Riverside,2021-01-29,11922,165304,7276,89934,4646,75370,0,0,10553,119301,1342,22966,10557,142267,California
Riverside,2021-01-30,9049,174353,4605,94539,4444,79814,0,0,8586,127428,460,23426,8587,150854,California
Riverside,2021-01-31,5158,179511,4248,98787,910,80724,0,0,5025,132325,132,23558,5029,155883,California
Riverside,2021-02-01,10870,190381,6712,105499,4158,84882,0,0,9084,139633,1779,25337,9087,164970,California
Riverside,2021-02-02,9511,199892,4847,110346,4664,89546,0,0,8016,146164,1488,26825,8019,172989,California
Riverside,2021-02-03,12121,212013,5099,115445,7022,96568,0,0,9790,153633,2321,29146,9790,182779,California
Riverside,2021-02-04,13550,225563,6043,121488,7507,104075,0,0,11436,162964,2107,31253,11438,194217,California
Riverside,2021-02-05,14331,239894,5399,126887,8932,113007,0,0,11278,171201,3045,34298,11282,205499,California
Riverside,2021-02-06,7260,247154,4288,131175,2972,115979,0,0,5615,175182,1637,35935,5618,211117,California
Riverside,2021-02-07,2167,249321,796,131971,1371,117350,0,0,1851,176719,315,36250,1852,212969,California
Riverside,2021-02-08,12453,261774,5533,137504,6920,124270,0,0,10139,184565,2297,38547,10143,223112,California
Riverside,2021-02-09,9668,271442,4547,142051,5121,129391,0,0,7726,190362,1934,40481,7731,230843,California
Riverside,2021-02-10,12069,283511,6980,149031,5089,134480,0,0,8896,196105,3161,43642,8904,239747,California
Riverside,2021-02-11,16585,300096,9042,158073,7543,142023,0,0,12079,203716,4483,48125,12094,251841,California
Riverside,2021-02-12,17683,317779,10817,168890,6866,148889,0,0,12811,211712,4827,52952,12823,264664,California
Riverside,2021-02-13,6324,324103,2126,171016,4198,153087,0,0,3098,211623,3208,56160,3119,267783,California
Riverside,2021-02-14,4927,329030,1122,172138,3805,156892,0,0,2175,211051,2748,58908,2176,269959,California
Riverside,2021-02-15,9821,338851,4996,177134,4825,161717,0,0,5406,212057,4407,63315,5413,275372,California
Riverside,2021-02-16,16104,354955,10104,187238,6000,167717,0,0,9245,214458,6852,70167,9253,284625,California
Riverside,2021-02-17,15013,369968,8202,195440,6811,174528,0,0,7443,214354,7557,77724,7453,292078,California
Riverside,2021-02-18,15527,385495,8992,204432,6535,181063,0,0,8021,214901,7488,85212,8035,300113,California
Riverside,2021-02-19,15258,400753,8222,212654,7036,188099,0,0,7211,214092,8028,93240,7219,307332,California
Riverside,2021-02-20,8304,409057,4496,217150,3808,191907,0,0,2166,210140,6121,99361,2169,309501,California
Riverside,2021-02-21,4349,413406,3830,220980,519,192426,0,0,1218,208241,3117,102478,1218,310719,California
Riverside,2021-02-22,12355,425761,7760,228740,4595,197021,0,0,5102,206114,7234,109712,5107,315826,California
Riverside,2021-02-23,11088,436849,7555,236295,3533,200554,0,0,5388,205835,5671,115383,5392,321218,California
Riverside,2021-02-24,14799,451648,8098,244393,6701,207255,0,0,6293,203678,8467,123850,6310,327528,California
Riverside,2021-02-25,17323,468971,7381,251774,9942,217197,0,0,8041,202484,9260,133110,8066,335594,California
Riverside,2021-02-26,18595,487566,6717,258491,11878,229075,0,0,9288,202556,9249,142359,9321,344915,California
Riverside,2021-02-27,12022,499588,5558,264049,6464,235539,0,0,5751,202098,6236,148595,5778,350693,California
Riverside,2021-02-28,4885,504473,3221,267270,1664,237203,0,0,2414,202059,2460,151055,2421,353114,California
Riverside,2021-03-01,14305,518778,6092,273362,8212,245415,1,1,8429,204674,5842,156897,8457,361571,California
Riverside,2021-03-02,15283,534061,7435,280797,7847,253262,1,2,8974,207390,6286,163183,9002,370573,California
Riverside,2021-03-03,16853,550914,8341,289138,8512,261774,0,2,7278,205269,9526,172709,7405,377978,California
Riverside,2021-03-04,18716,569630,7449,296587,11263,273037,4,6,8891,204534,9780,182489,9045,387023,California
Riverside,2021-03-05,18745,588375,7522,304109,11179,284216,44,50,9279,204718,9416,191905,9600,396623,California
Riverside,2021-03-06,9448,597823,5014,309123,3952,288168,482,532,4699,205193,4735,196640,5210,401833,California
Riverside,2021-03-07,4173,601996,2697,311820,1087,289255,389,921,1959,205341,2204,198844,2352,404185,California
Riverside,2021-03-08,11928,613924,4736,316556,6783,296038,409,1330,5313,204513,6596,205440,5768,409953,California
Riverside,2021-03-09,14656,628580,6761,323317,7397,303435,498,1828,5788,202083,8850,214290,6420,416373,California
Riverside,2021-03-10,15630,644210,8390,331707,6353,309788,887,2715,6015,199562,9575,223865,7054,423427,California
Riverside,2021-03-11,19198,663408,9443,341150,7910,317698,1845,4560,7562,197578,11602,235467,9618,433045,California
Riverside,2021-03-12,21146,684554,7921,349071,8491,326189,4734,9294,7092,195711,14021,249488,12154,445199,California
Riverside,2021-03-13,8389,692943,2507,351578,4676,330865,1206,10500,4294,197214,4076,253564,5579,450778,California
Riverside,2021-03-14,4604,697547,1580,353158,1733,332598,1291,11791,2044,197996,2550,256114,3332,454110,California
Riverside,2021-03-15,18675,716222,7848,361006,9154,341752,1673,13464,9199,199533,9435,265549,10972,465082,California
Riverside,2021-03-16,20879,737101,10132,371138,9933,351685,814,14278,11381,202363,9458,275007,12288,477370,California
Riverside,2021-03-17,21271,758372,10911,382049,9312,360997,1048,15326,12779,207791,8457,283464,13885,491255,California
Riverside,2021-03-18,22560,780932,11735,393784,9171,370168,1654,16980,12525,211990,9988,293452,14187,505442,California
Riverside,2021-03-19,24006,804938,12576,406360,10481,380649,949,17929,14034,217416,9919,303371,15345,520787,California
Riverside,2021-03-20,10595,815533,6837,413197,2593,383242,1165,19094,6826,221667,3740,307111,7991,528778,California
Riverside,2021-03-21,3677,819210,2873,416070,551,383793,253,19347,2524,223305,1140,308251,2778,531556,California
Riverside,2021-03-22,16637,835847,9924,425994,6160,389953,553,19900,10601,228468,5988,314239,11151,542707,California
Riverside,2021-03-23,18546,854393,10497,436491,7627,397580,422,20322,11963,234340,6528,320767,12400,555107,California
Riverside,2021-03-24,18677,873070,10411,446902,8146,405726,120,20442,12840,241516,5791,326558,12967,568074,California
Riverside,2021-03-25,21088,894158,11642,458544,9268,414994,178,20620,14166,249012,6855,333413,14351,582425,California
Riverside,2021-03-26,24053,918211,11866,470410,12014,427008,173,20793,15013,255257,8943,342356,15188,597613,California
Riverside,2021-03-27,9267,927478,4863,475273,3349,430357,1055,21848,4798,256661,4450,346806,5854,603467,California
Riverside,2021-03-28,4717,932195,3102,478375,1523,431880,92,21940,2832,257713,1873,348679,2925,606392,California
Riverside,2021-03-29,17619,949814,8435,486810,9068,440948,116,22056,10957,262171,6626,355305,11084,617476,California
Riverside,2021-03-30,18312,968126,9535,496345,8573,449521,204,22260,11797,267697,6478,361783,12004,629480,California
Riverside,2021-03-31,18008,986134,8376,504721,9333,458854,299,22559,11458,272956,6508,368291,11767,641247,California
Riverside,2021-04-01,25342,1011476,12382,517103,12214,471068,746,23305,16398,281210,8888,377179,17142,658389,California
Riverside,2021-04-02,25999,1037475,14013,531116,11055,482123,931,24236,16344,289107,9603,386782,17500,675889,California
Riverside,2021-04-03,9243,1046718,5894,537010,2790,484913,559,24795,6003,292445,3222,390004,6560,682449,California
Riverside,2021-04-04,3353,1050071,2046,539056,1085,485998,222,25017,1751,292825,1594,391598,1974,684423,California
Riverside,2021-04-05,18333,1068404,9407,548463,7103,493101,1823,26840,9888,296129,8408,400006,11712,696135,California
Riverside,2021-04-06,23662,1092066,12308,560771,9255,502356,2099,28939,13199,301008,10413,410419,15292,711427,California
Riverside,2021-04-07,24493,1116559,13179,573950,8859,511215,2455,31394,13654,306322,10797,421216,16111,727538,California
Riverside,2021-04-08,26913,1143472,14784,588734,9202,520417,2927,34321,16402,315182,10452,431668,19312,746850,California
Riverside,2021-04-09,25969,1169441,15278,604012,8287,528704,2404,36725,15871,323419,10057,441725,18294,765144,California
Riverside,2021-04-10,11911,1181352,6702,610714,3829,532533,1380,38105,5224,323372,6646,448371,6599,771743,California
Riverside,2021-04-11,4571,1185923,2725,613439,1242,533775,604,38709,2168,323751,2392,450763,2771,774514,California
Riverside,2021-04-12,20003,1205926,8910,622349,8508,542283,2585,41294,10070,326509,9895,460658,12653,787167,California
Riverside,2021-04-13,19876,1225802,11137,633486,8713,550996,26,41320,11357,329416,8478,469136,11385,798552,California
Riverside,2021-04-14,21996,1247798,12092,645578,9889,560885,15,41335,10781,329063,11152,480288,10799,809351,California
Riverside,2021-04-15,21633,1269431,12152,657730,9474,570359,7,41342,11339,330178,10233,490521,11348,820699,California
Riverside,2021-04-16,24911,1294342,14421,672151,10484,580843,6,41348,11625,328581,13235,503756,11638,832337,California
Riverside,2021-04-17,9831,1304173,6482,678633,3349,584192,0,41348,4969,328709,4847,508603,4975,837312,California
Riverside,2021-04-18,3855,1308028,2811,681444,1037,585229,7,41355,1840,328554,2004,510607,1849,839161,California
Riverside,2021-04-19,19426,1327454,11556,693000,7868,593097,2,41357,6956,323087,12431,523038,6964,846125,California
Riverside,2021-04-20,18768,1346222,9877,702877,8882,601979,9,41366,7684,319737,11047,534085,7697,853822,California
Riverside,2021-04-21,19439,1365661,11076,713953,8355,610334,8,41374,7662,315695,11719,545804,7677,861499,California
Riverside,2021-04-22,23062,1388723,13416,727369,9643,619977,3,41377,8573,309851,14425,560229,8581,870080,California
Riverside,2021-04-23,23215,1411938,13668,741037,9533,629510,14,41391,9120,304950,14043,574272,9142,879222,California
Riverside,2021-04-24,10467,1422405,7314,748351,3151,632661,2,41393,4854,304229,5578,579850,4857,884079,California
Riverside,2021-04-25,4204,1426609,2819,751170,1385,634046,0,41393,2198,304435,1993,581843,2199,886278,California
Riverside,2021-04-26,15937,1442546,9976,761146,5917,639963,44,41437,5321,299219,10584,592427,5368,891646,California
Riverside,2021-04-27,17115,1459661,9687,770833,7267,647230,161,41598,5890,294088,11182,603609,6051,897697,California
Riverside,2021-04-28,16371,1476032,8822,779655,7302,654532,247,41845,5525,289072,10788,614397,5772,903469,California
Riverside,2021-04-29,18560,1494592,11386,791041,6848,661380,326,42171,5375,281651,13122,627519,5701,909170,California
Riverside,2021-04-30,19532,1514124,11268,802309,7905,669285,359,42530,6239,275005,13247,640766,6601,915771,California
Riverside,2021-05-01,6732,1520856,4866,807175,1713,670998,153,42683,2318,273082,4392,645158,2469,918240,California
Riverside,2021-05-02,3338,1524194,2184,809359,956,671954,198,42881,1064,272090,2260,647418,1268,919508,California
Riverside,2021-05-03,17855,1542049,10939,820298,6448,678402,468,43349,4077,262916,13718,661136,4544,924052,California
Riverside,2021-05-04,16981,1559030,10789,831087,5802,684204,390,43739,4777,255937,12147,673283,5168,929220,California
Riverside,2021-05-05,13739,1572769,7894,838981,5506,689710,339,44078,3824,250233,9867,683150,4163,933383,California
Riverside,2021-05-06,15234,1588003,8553,847534,6308,696018,373,44451,3607,242645,11570,694720,3982,937365,California
Riverside,2021-05-07,13518,1601521,7671,855205,5659,701677,188,44639,2999,235366,10466,705186,3187,940552,California
Riverside,2021-05-08,2639,1604160,1801,857006,792,702469,46,44685,857,234497,1773,706959,904,941456,California
Sacramento,2020-12-15,315,315,315,315,0,0,0,0,315,315,0,0,315,315,California
Sacramento,2020-12-16,643,958,643,958,0,0,0,0,643,958,0,0,643,958,California
Sacramento,2020-12-17,647,1605,647,1605,0,0,0,0,647,1605,0,0,647,1605,California
Sacramento,2020-12-18,969,2574,969,2574,0,0,0,0,969,2574,0,0,969,2574,California
Sacramento,2020-12-19,612,3186,612,3186,0,0,0,0,612,3186,0,0,612,3186,California
Sacramento,2020-12-20,633,3819,633,3819,0,0,0,0,633,3819,0,0,633,3819,California
Sacramento,2020-12-21,1676,5495,1676,5495,0,0,0,0,1677,5496,0,0,1677,5496,California
Sacramento,2020-12-22,2095,7590,2062,7557,33,33,0,0,2095,7591,0,0,2095,7591,California
Sacramento,2020-12-23,2248,9838,2080,9637,168,201,0,0,2248,9839,0,0,2248,9839,California
Sacramento,2020-12-24,1046,10884,834,10471,212,413,0,0,1046,10885,0,0,1046,10885,California
Sacramento,2020-12-25,1,10885,0,10471,1,414,0,0,1,10886,0,0,1,10886,California
Sacramento,2020-12-26,509,11394,291,10762,218,632,0,0,509,11395,0,0,509,11395,California
Sacramento,2020-12-27,351,11745,247,11009,104,736,0,0,351,11746,0,0,351,11746,California
Sacramento,2020-12-28,1902,13647,1324,12333,578,1314,0,0,1901,13646,1,1,1901,13647,California
Sacramento,2020-12-29,1953,15600,1188,13521,765,2079,0,0,1953,15599,0,1,1953,15600,California
Sacramento,2020-12-30,2559,18159,1456,14977,1103,3182,0,0,2560,18159,0,1,2560,18160,California
Sacramento,2020-12-31,1228,19387,695,15672,533,3715,0,0,1229,19388,0,1,1229,19389,California
Sacramento,2021-01-01,81,19468,70,15742,11,3726,0,0,81,19469,0,1,81,19470,California
Sacramento,2021-01-02,563,20031,362,16104,201,3927,0,0,563,20032,0,1,563,20033,California
Sacramento,2021-01-03,410,20441,221,16325,189,4116,0,0,410,20442,0,1,410,20443,California
Sacramento,2021-01-04,1958,22399,845,17170,1113,5229,0,0,1956,22397,1,2,1956,22399,California
Sacramento,2021-01-05,2213,24612,986,18156,1227,6456,0,0,1859,23909,354,356,1866,24265,California
Sacramento,2021-01-06,2734,27346,1623,19779,1111,7567,0,0,1959,25096,772,1128,1959,26224,California
Sacramento,2021-01-07,2835,30181,1506,21285,1329,8896,0,0,1974,26212,858,1986,1974,28198,California
Sacramento,2021-01-08,3296,33477,2091,23376,1205,10101,0,0,2262,27445,1030,3016,2263,30461,California
Sacramento,2021-01-09,1289,34766,798,24174,491,10592,0,0,899,27956,388,3404,899,31360,California
Sacramento,2021-01-10,1246,36012,710,24884,536,11128,0,0,775,28262,470,3874,776,32136,California
Sacramento,2021-01-11,4350,40362,2960,27844,1390,12518,0,0,2413,28751,1936,5810,2425,34561,California
Sacramento,2021-01-12,4395,44757,3032,30876,1363,13881,0,0,2429,29219,1965,7775,2433,36994,California
Sacramento,2021-01-13,3788,48545,2171,33047,1617,15498,0,0,2377,30187,1410,9185,2378,39372,California
Sacramento,2021-01-14,4625,53170,2369,35416,2256,17754,0,0,3702,32970,919,10104,3702,43074,California
Sacramento,2021-01-15,4427,57597,2265,37681,2162,19916,0,0,3705,35955,721,10825,3706,46780,California
Sacramento,2021-01-16,2092,59689,1292,38973,800,20716,0,0,1875,37613,217,11042,1875,48655,California
Sacramento,2021-01-17,1643,61332,952,39925,691,21407,0,0,1465,38903,178,11220,1468,50123,California
Sacramento,2021-01-18,2860,64192,1768,41693,1092,22499,0,0,2333,40711,526,11746,2334,52457,California
Sacramento,2021-01-19,4999,69191,3051,44744,1948,24447,0,0,3729,43172,1270,13016,3731,56188,California
Sacramento,2021-01-20,4807,73998,2847,47591,1960,26407,0,0,3586,45540,1223,14239,3591,59779,California
Sacramento,2021-01-21,5197,79195,2994,50585,2203,28610,0,0,4233,48816,958,15197,4234,64013,California
Sacramento,2021-01-22,4984,84179,2653,53238,2331,30941,0,0,4683,53200,300,15497,4684,68697,California
Sacramento,2021-01-23,3731,87910,1561,54799,2170,33111,0,0,3274,56017,457,15954,3274,71971,California
Sacramento,2021-01-24,1595,89505,996,55795,599,33710,0,0,1354,57131,241,16195,1355,73326,California
Sacramento,2021-01-25,4362,93867,2113,57908,2249,35959,0,0,2944,58659,1418,17613,2946,76272,California
Sacramento,2021-01-26,4723,98590,2136,60044,2587,38546,0,0,3521,60982,1200,18813,3523,79795,California
Sacramento,2021-01-27,5812,104402,3055,63099,2757,41303,0,0,4207,63589,1602,20415,4209,84004,California
Sacramento,2021-01-28,5360,109762,2707,65806,2653,43956,0,0,4266,66763,1093,21508,4267,88271,California
Sacramento,2021-01-29,5396,115158,2938,68744,2458,46414,0,0,4372,70120,1015,22523,4372,92643,California
Sacramento,2021-01-30,4510,119668,2205,70949,2305,48719,0,0,4075,73762,433,22956,4075,96718,California
Sacramento,2021-01-31,2307,121975,2013,72962,294,49013,0,0,2032,75523,273,23229,2034,98752,California
Sacramento,2021-02-01,5910,127885,3015,75977,2895,51908,0,0,4248,78113,1658,24887,4248,103000,California
Sacramento,2021-02-02,6933,134818,3763,79740,3170,55078,0,0,4849,80899,2065,26952,4851,107851,California
Sacramento,2021-02-03,7094,141912,3553,83293,3541,58619,0,0,5231,84279,1853,28805,5233,113084,California
Sacramento,2021-02-04,7716,149628,3637,86930,4079,62698,0,0,5496,87565,2210,31015,5496,118580,California
Sacramento,2021-02-05,7812,157440,4451,91381,3361,66059,0,0,4876,89531,2913,33928,4879,123459,California
Sacramento,2021-02-06,8437,165877,3450,94831,4987,71046,0,0,7109,95317,1324,35252,7110,130569,California
Sacramento,2021-02-07,4073,169950,2187,97018,1886,72932,0,0,2850,96954,1215,36467,2852,133421,California
Sacramento,2021-02-08,6196,176146,3204,100222,2992,75924,0,0,3885,98532,2307,38774,3885,137306,California
Sacramento,2021-02-09,6799,182945,3588,103810,3211,79135,0,0,4009,99761,2781,41555,4010,141316,California
Sacramento,2021-02-10,7659,190604,4173,107983,3486,82621,0,0,4529,101175,3117,44672,4531,145847,California
Sacramento,2021-02-11,9599,200203,5744,113727,3855,86476,0,0,5545,102681,4041,48713,5547,151394,California
Sacramento,2021-02-12,10661,210864,4142,117869,6519,92995,0,0,6400,104883,4201,52914,6403,157797,California
Sacramento,2021-02-13,7675,218539,2991,120860,4684,97679,0,0,6090,109390,1583,54497,6090,163887,California
Sacramento,2021-02-14,3160,221699,1944,122804,1216,98895,0,0,2084,110404,1074,55571,2088,165975,California
Sacramento,2021-02-15,5984,227683,2042,124846,3942,102837,0,0,4161,112751,1816,57387,4163,170138,California
Sacramento,2021-02-16,9214,236897,4201,129047,5013,107850,0,0,5305,114158,3902,61289,5309,175447,California
Sacramento,2021-02-17,8823,245720,4977,134024,3846,111696,0,0,5136,115621,3675,64964,5138,180585,California
Sacramento,2021-02-18,9539,255259,5713,139737,3826,115522,0,0,5754,117600,3778,68742,5757,186342,California
Sacramento,2021-02-19,10004,265263,6135,145872,3869,119391,0,0,5908,119430,4083,72825,5913,192255,California
Sacramento,2021-02-20,7356,272619,5367,151239,1989,121380,0,0,4304,120691,3044,75869,4305,196560,California
Sacramento,2021-02-21,2926,275545,2325,153564,601,121981,0,0,1021,119815,1897,77766,1021,197581,California
Sacramento,2021-02-22,6185,281730,3743,157307,2442,124423,0,0,2682,119009,3492,81258,2686,200267,California
Sacramento,2021-02-23,7136,288866,4436,161743,2700,127123,0,0,3467,118827,3653,84911,3471,203738,California
Sacramento,2021-02-24,9650,298516,5294,167037,4356,131479,0,0,5285,119769,4348,89259,5290,209028,California
Sacramento,2021-02-25,10101,308617,5409,172446,4692,136171,0,0,5596,120875,4490,93749,5596,214624,California
Sacramento,2021-02-26,13899,322516,6468,178914,7431,143602,0,0,9573,126157,4295,98044,9577,224201,California
Sacramento,2021-02-27,10802,333318,6718,185632,4081,147683,3,3,7940,131256,2844,100888,7943,232144,California
Sacramento,2021-02-28,5611,338929,2222,187854,3389,151072,0,3,2590,130840,3007,103895,2591,234735,California
Sacramento,2021-03-01,8037,346966,3466,191320,4571,155643,0,3,4345,131516,3671,107566,4347,239082,California
Sacramento,2021-03-02,9236,356202,4016,195336,5219,160862,1,4,5673,133645,3548,111114,5677,244759,California
Sacramento,2021-03-03,10917,367119,5000,200336,5914,166776,3,7,6507,135766,4391,115505,6512,251271,California
Sacramento,2021-03-04,13410,380529,6160,206496,7246,174022,4,11,7463,137322,5917,121422,7473,258744,California
Sacramento,2021-03-05,10568,391097,4879,211375,5659,179681,30,41,7026,140857,3521,124943,7056,265800,California
Sacramento,2021-03-06,8083,399180,3099,214474,4862,184543,122,163,4091,141094,3975,128918,4212,270012,California
Sacramento,2021-03-07,7583,406763,2194,216668,5304,189847,85,248,3727,141053,3851,132769,3810,273822,California
Sacramento,2021-03-08,9098,415861,4243,220911,4631,194478,224,472,5958,144106,3127,135896,6180,280002,California
Sacramento,2021-03-09,9533,425394,4526,225437,4733,199211,274,746,5487,145837,4030,139926,5761,285763,California
Sacramento,2021-03-10,11676,437070,7474,232911,3872,203083,330,1076,6831,148190,4810,144736,7163,292926,California
Sacramento,2021-03-11,13912,450982,8911,241822,4207,207290,794,1870,8261,151631,5613,150349,9054,301980,California
Sacramento,2021-03-12,17259,468241,8305,250127,8121,215411,833,2703,8146,151557,9061,159410,8987,310967,California
Sacramento,2021-03-13,12943,481184,3568,253695,8951,224362,424,3127,8129,155305,4802,164212,8550,319517,California
Sacramento,2021-03-14,8372,489556,3462,257157,4280,228642,630,3757,4475,156535,3874,168086,5104,324621,California
Sacramento,2021-03-15,12155,501711,4819,261976,6686,235328,650,4407,7073,159199,5061,173147,7725,332346,California
Sacramento,2021-03-16,13949,515660,6200,268176,7111,242439,638,5045,8619,163154,5297,178444,9252,341598,California
Sacramento,2021-03-17,13578,529238,6570,274746,6398,248837,610,5655,8755,167728,4795,183239,9369,350967,California
Sacramento,2021-03-18,14029,543267,6605,281351,6860,255697,564,6219,9288,172868,4711,187950,9851,360818,California
Sacramento,2021-03-19,15082,558349,7487,288838,6223,261920,1372,7591,7632,174447,7423,195373,9002,369820,California
Sacramento,2021-03-20,12887,571236,7529,296367,5019,266939,339,7930,8173,178277,4684,200057,8514,378334,California
Sacramento,2021-03-21,5597,576833,2753,299120,2805,269744,39,7969,4944,182621,641,200698,4985,383319,California
Sacramento,2021-03-22,9317,586150,4787,303907,3718,273462,812,8781,6275,186693,3016,203714,7088,390407,California
Sacramento,2021-03-23,11309,597459,6743,310650,3758,277220,808,9589,7306,190842,3964,207678,8113,398520,California
Sacramento,2021-03-24,11841,609300,7268,317918,3943,281163,630,10219,6747,193207,5013,212691,7378,405898,California
Sacramento,2021-03-25,12571,621871,6848,324766,4916,286079,807,11026,7311,196104,5218,217909,8115,414013,California
Sacramento,2021-03-26,17604,639475,8316,333082,8800,294879,488,11514,8618,196293,8919,226828,9108,423121,California
Sacramento,2021-03-27,9665,649140,3555,336637,5823,300702,287,11801,5219,197380,4415,231243,5502,428623,California
Sacramento,2021-03-28,6502,655642,3212,339849,3042,303744,248,12049,3129,197398,3363,234606,3381,432004,California
Sacramento,2021-03-29,11005,666647,5893,345742,4741,308485,371,12420,5218,197230,5759,240365,5591,437595,California
Sacramento,2021-03-30,11836,678483,6073,351815,5372,313857,391,12811,6063,197932,5751,246116,6453,444048,California
Sacramento,2021-03-31,13375,691858,7820,359635,5159,319016,396,13207,5663,196297,7687,253803,6052,450100,California
Sacramento,2021-04-01,15618,707476,8740,368375,6660,325676,218,13425,5888,192710,9700,263503,6113,456213,California
Sacramento,2021-04-02,17021,724497,9657,378032,6637,332313,727,14152,8961,194368,8032,271535,9690,465903,California
Sacramento,2021-04-03,10344,734841,6164,384196,3633,335946,547,14699,6357,197309,3960,275495,6901,472804,California
Sacramento,2021-04-04,3680,738521,1518,385714,1975,337921,187,14886,1442,196701,2234,277729,1626,474430,California
Sacramento,2021-04-05,11990,750511,7525,393239,3635,341556,830,15716,5353,196275,6604,284333,6178,480608,California
Sacramento,2021-04-06,15542,766053,8834,402073,5365,346921,1343,17059,6874,195853,8637,292970,8215,488823,California
Sacramento,2021-04-07,14690,780743,7951,410024,5162,352083,1577,18636,7115,196994,7542,300512,8683,497506,California
Sacramento,2021-04-08,14890,795633,6681,416705,5244,357327,2965,21601,5911,196910,8947,309459,8863,506369,California
Sacramento,2021-04-09,15790,811423,7664,424369,5962,363289,2164,23765,6118,195551,9635,319094,8276,514645,California
Sacramento,2021-04-10,11644,823067,3115,427484,7476,370765,1053,24818,4552,194078,7067,326161,5594,520239,California
Sacramento,2021-04-11,9488,832555,3099,430583,6166,376931,223,25041,2602,190039,6862,333023,2823,523062,California
Sacramento,2021-04-12,12882,845437,5001,435584,6018,382949,1863,26904,4931,188921,7899,340922,6781,529843,California
Sacramento,2021-04-13,14240,859677,7953,443537,6283,389232,4,26908,5583,185880,8632,349554,5591,535434,California
Sacramento,2021-04-14,14869,874546,7928,451465,6939,396171,2,26910,5878,182803,8960,358514,5883,541317,California
Sacramento,2021-04-15,15358,889904,7473,458938,7883,404054,2,26912,6503,180488,8823,367337,6508,547825,California
Sacramento,2021-04-16,15974,905878,8255,467193,7719,411773,0,26912,7084,178723,8851,376188,7086,554911,California
Sacramento,2021-04-17,12055,917933,4416,471609,7639,419412,0,26912,7942,182572,4096,380284,7945,562856,California
Sacramento,2021-04-18,7231,925164,1935,473544,5296,424708,0,26912,3441,182236,3778,384062,3442,566298,California
Sacramento,2021-04-19,10512,935676,5687,479231,4822,429530,3,26915,4696,181140,5797,389859,4701,570999,California
Sacramento,2021-04-20,11071,946747,6715,485946,4353,433883,3,26918,5904,181902,5149,395008,5911,576910,California
Sacramento,2021-04-21,11438,958185,6605,492551,4831,438714,2,26920,6216,182924,5197,400205,6219,583129,California
Sacramento,2021-04-22,12325,970510,7422,499973,4900,443614,3,26923,6642,183910,5661,405866,6647,589776,California
Sacramento,2021-04-23,14258,984768,8452,508425,5806,449420,0,26923,6732,183150,7493,413359,6733,596509,California
Sacramento,2021-04-24,11303,996071,6998,515423,4304,453724,1,26924,5930,183746,5336,418695,5932,602441,California
Sacramento,2021-04-25,7972,1004043,4482,519905,3490,457214,0,26924,4158,184104,3801,422496,4159,606600,California
Sacramento,2021-04-26,9808,1013851,6150,526055,3633,460847,25,26949,4471,183291,5310,427806,4497,611097,California
Sacramento,2021-04-27,11165,1025016,7350,533405,3695,464542,120,27069,5442,183159,5694,433500,5562,616659,California
Sacramento,2021-04-28,9984,1035000,5692,539097,4091,468633,201,27270,5353,184113,4606,438106,5560,622219,California
Sacramento,2021-04-29,9701,1044701,6385,545482,3013,471646,303,27573,4938,184624,4731,442837,5242,627461,California
Sacramento,2021-04-30,11031,1055732,6424,551906,4344,475990,263,27836,5497,184890,5495,448332,5761,633222,California
Sacramento,2021-05-01,7529,1063261,5448,557354,1915,477905,166,28002,3215,183992,4281,452613,3383,636605,California
Sacramento,2021-05-02,3806,1067067,3155,560509,543,478448,108,28110,2175,184660,1613,454226,2281,638886,California
Sacramento,2021-05-03,6677,1073744,4874,565383,1528,479976,275,28385,3359,184992,3297,457523,3629,642515,California
Sacramento,2021-05-04,9310,1083054,5659,571042,3348,483324,303,28688,3778,183583,5488,463011,4079,646594,California
Sacramento,2021-05-05,10639,1093693,5721,576763,4483,487807,435,29123,4203,181811,6405,469416,4633,651227,California
Sacramento,2021-05-06,9435,1103128,5030,581793,4122,491929,283,29406,3491,179674,5910,475326,3773,655000,California
Sacramento,2021-05-07,8276,1111404,4798,586591,3259,495188,219,29625,3153,177960,5085,480411,3371,658371,California
Sacramento,2021-05-08,5730,1117134,2507,589098,3086,498274,137,29762,1531,175451,4177,484588,1668,660039,California
San Benito,2020-12-16,2,2,2,2,0,0,0,0,2,2,0,0,2,2,California
San Benito,2020-12-17,8,10,8,10,0,0,0,0,8,10,0,0,8,10,California
San Benito,2020-12-18,32,42,32,42,0,0,0,0,32,42,0,0,32,42,California
San Benito,2020-12-19,47,89,47,89,0,0,0,0,47,89,0,0,47,89,California
San Benito,2020-12-20,22,111,21,110,1,1,0,0,22,111,0,0,22,111,California
San Benito,2020-12-21,48,159,48,158,0,1,0,0,48,159,0,0,48,159,California
San Benito,2020-12-22,65,224,65,223,0,1,0,0,65,224,0,0,65,224,California
San Benito,2020-12-23,48,272,36,259,12,13,0,0,48,272,0,0,48,272,California
San Benito,2020-12-24,12,284,4,263,8,21,0,0,12,284,0,0,12,284,California
San Benito,2020-12-25,4,288,4,267,0,21,0,0,4,288,0,0,4,288,California
San Benito,2020-12-26,13,301,4,271,9,30,0,0,13,301,0,0,13,301,California
San Benito,2020-12-27,8,309,7,278,1,31,0,0,8,309,0,0,8,309,California
San Benito,2020-12-28,63,372,36,314,27,58,0,0,63,372,0,0,63,372,California
San Benito,2020-12-29,50,422,21,335,29,87,0,0,50,422,0,0,50,422,California
San Benito,2020-12-30,59,481,37,372,22,109,0,0,59,481,0,0,59,481,California
San Benito,2020-12-31,19,500,2,374,17,126,0,0,19,500,0,0,19,500,California
San Benito,2021-01-02,25,525,24,398,1,127,0,0,25,525,0,0,25,525,California
San Benito,2021-01-03,3,528,1,399,2,129,0,0,3,528,0,0,3,528,California
San Benito,2021-01-04,62,590,23,422,39,168,0,0,62,590,0,0,62,590,California
San Benito,2021-01-05,119,709,37,459,82,250,0,0,116,703,3,3,116,706,California
San Benito,2021-01-06,97,806,42,501,55,305,0,0,83,772,14,17,83,789,California
San Benito,2021-01-07,80,886,43,544,37,342,0,0,52,796,28,45,52,841,California
San Benito,2021-01-08,130,1016,67,611,63,405,0,0,86,838,44,89,86,927,California
San Benito,2021-01-09,42,1058,29,640,13,418,0,0,29,854,13,102,29,956,California
San Benito,2021-01-10,15,1073,13,653,2,420,0,0,5,849,10,112,5,961,California
San Benito,2021-01-11,100,1173,59,712,41,461,0,0,47,843,53,165,47,1008,California
San Benito,2021-01-12,157,1330,53,765,104,565,0,0,121,928,36,201,121,1129,California
San Benito,2021-01-13,190,1520,35,800,155,720,0,0,163,1064,27,228,163,1292,California
San Benito,2021-01-14,116,1636,23,823,93,813,0,0,99,1146,17,245,99,1391,California
San Benito,2021-01-15,215,1851,21,844,194,1007,0,0,201,1333,14,259,201,1592,California
San Benito,2021-01-16,27,1878,9,853,18,1025,0,0,21,1348,6,265,21,1613,California
San Benito,2021-01-17,11,1889,5,858,6,1031,0,0,8,1353,3,268,8,1621,California
San Benito,2021-01-18,36,1925,23,881,13,1044,0,0,21,1359,15,283,21,1642,California
San Benito,2021-01-19,152,2077,65,946,87,1131,0,0,125,1457,27,310,125,1767,California
San Benito,2021-01-20,275,2352,94,1040,181,1312,0,0,229,1641,45,355,229,1996,California
San Benito,2021-01-21,125,2477,32,1072,93,1405,0,0,100,1716,25,380,100,2096,California
San Benito,2021-01-22,231,2708,19,1091,212,1617,0,0,221,1927,10,390,221,2317,California
San Benito,2021-01-23,31,2739,17,1108,14,1631,0,0,13,1922,18,408,13,2330,California
San Benito,2021-01-24,11,2750,3,1111,8,1639,0,0,7,1925,4,412,7,2337,California
San Benito,2021-01-25,67,2817,25,1136,42,1681,0,0,21,1900,46,458,21,2358,California
San Benito,2021-01-26,134,2951,41,1177,93,1774,0,0,81,1928,53,511,81,2439,California
San Benito,2021-01-27,230,3181,69,1246,161,1935,0,0,190,2078,40,551,190,2629,California
San Benito,2021-01-28,155,3336,32,1278,123,2058,0,0,123,2170,31,582,123,2752,California
San Benito,2021-01-29,284,3620,31,1309,253,2311,0,0,261,2409,22,604,261,3013,California
San Benito,2021-01-30,50,3670,31,1340,19,2330,0,0,28,2415,22,626,28,3041,California
San Benito,2021-01-31,16,3686,5,1345,11,2341,0,0,11,2421,5,631,11,3052,California
San Benito,2021-02-01,133,3819,28,1373,105,2446,0,0,89,2466,44,675,89,3141,California
San Benito,2021-02-02,226,4045,49,1422,177,2623,0,0,136,2512,90,765,136,3277,California
San Benito,2021-02-03,336,4381,42,1464,294,2917,0,0,272,2720,64,829,272,3549,California
San Benito,2021-02-04,162,4543,24,1488,138,3055,0,0,118,2794,44,873,118,3667,California
San Benito,2021-02-05,289,4832,40,1528,249,3304,0,0,227,2959,62,935,227,3894,California
San Benito,2021-02-06,49,4881,9,1537,40,3344,0,0,32,2974,17,952,32,3926,California
San Benito,2021-02-07,15,4896,7,1544,8,3352,0,0,14,2987,1,953,14,3940,California
San Benito,2021-02-08,138,5034,15,1559,123,3475,0,0,92,3033,46,999,92,4032,California
San Benito,2021-02-09,327,5361,64,1623,263,3738,0,0,194,3094,133,1132,194,4226,California
San Benito,2021-02-10,319,5680,88,1711,231,3969,0,0,111,2998,207,1339,111,4337,California
San Benito,2021-02-11,296,5976,32,1743,264,4233,0,0,198,3098,98,1437,198,4535,California
San Benito,2021-02-12,412,6388,30,1773,382,4615,0,0,207,3101,204,1641,207,4742,California
San Benito,2021-02-13,57,6445,8,1781,49,4664,0,0,43,3130,14,1655,43,4785,California
San Benito,2021-02-14,40,6485,5,1786,35,4699,0,0,30,3150,10,1665,30,4815,California
San Benito,2021-02-15,106,6591,9,1795,97,4796,0,0,95,3234,11,1676,95,4910,California
San Benito,2021-02-16,205,6796,11,1806,194,4990,0,0,101,3231,104,1780,101,5011,California
San Benito,2021-02-17,327,7123,30,1836,297,5287,0,0,278,3460,49,1829,278,5289,California
San Benito,2021-02-18,293,7416,38,1874,255,5542,0,0,72,3311,221,2050,72,5361,California
San Benito,2021-02-19,342,7758,45,1919,297,5839,0,0,177,3323,165,2215,177,5538,California
San Benito,2021-02-20,45,7803,26,1945,19,5858,0,0,36,3350,9,2224,36,5574,California
San Benito,2021-02-21,23,7826,8,1953,15,5873,0,0,14,3355,9,2233,14,5588,California
San Benito,2021-02-22,132,7958,36,1989,96,5969,0,0,98,3420,33,2266,98,5686,California
San Benito,2021-02-23,374,8332,92,2081,282,6251,0,0,262,3570,112,2378,262,5948,California
San Benito,2021-02-24,377,8709,63,2144,314,6565,0,0,237,3667,140,2518,237,6185,California
San Benito,2021-02-25,392,9101,63,2207,329,6894,0,0,271,3815,123,2641,271,6456,California
San Benito,2021-02-26,640,9741,72,2279,568,7462,0,0,397,3969,243,2884,397,6853,California
San Benito,2021-02-27,98,9839,36,2315,62,7524,0,0,83,4037,15,2899,83,6936,California
San Benito,2021-02-28,248,10087,24,2339,224,7748,0,0,239,4267,9,2908,239,7175,California
San Benito,2021-03-01,224,10311,59,2398,165,7913,0,0,155,4352,70,2978,155,7330,California
San Benito,2021-03-02,276,10587,90,2488,186,8099,0,0,206,4488,70,3048,206,7536,California
San Benito,2021-03-03,394,10981,58,2546,336,8435,0,0,218,4532,174,3222,218,7754,California
San Benito,2021-03-04,610,11591,124,2670,471,8906,15,15,429,4784,181,3403,433,8187,California
San Benito,2021-03-05,581,12172,305,2975,264,9170,12,27,373,4962,207,3610,385,8572,California
San Benito,2021-03-06,191,12363,67,3042,110,9280,14,41,139,5063,52,3662,153,8725,California
San Benito,2021-03-07,647,13010,603,3645,22,9302,22,63,615,5668,32,3694,637,9362,California
San Benito,2021-03-08,288,13298,65,3710,177,9479,46,109,167,5760,121,3815,213,9575,California
San Benito,2021-03-09,423,13721,84,3794,240,9719,99,208,137,5684,285,4100,209,9784,California
San Benito,2021-03-10,402,14123,114,3908,193,9912,95,303,232,5841,170,4270,327,10111,California
San Benito,2021-03-11,467,14590,119,4027,196,10108,152,455,206,5938,261,4531,358,10469,California
San Benito,2021-03-12,511,15101,117,4144,300,10408,94,549,229,5982,280,4811,324,10793,California
San Benito,2021-03-13,202,15303,102,4246,82,10490,18,567,128,6057,71,4882,146,10939,California
San Benito,2021-03-14,232,15535,40,4286,172,10662,20,587,180,6206,51,4933,200,11139,California
San Benito,2021-03-15,325,15860,100,4386,206,10868,19,606,191,6282,134,5067,210,11349,California
San Benito,2021-03-16,497,16357,219,4605,247,11115,31,637,350,6515,147,5214,380,11729,California
San Benito,2021-03-17,785,17142,476,5081,288,11403,21,658,559,6865,222,5436,572,12301,California
San Benito,2021-03-18,786,17928,524,5605,207,11610,55,713,572,7271,212,5648,618,12919,California
San Benito,2021-03-19,777,18705,404,6009,350,11960,23,736,577,7671,200,5848,600,13519,California
San Benito,2021-03-20,239,18944,147,6156,80,12040,12,748,183,7810,56,5904,195,13714,California
San Benito,2021-03-21,108,19052,56,6212,47,12087,5,753,81,7869,27,5931,86,13800,California
San Benito,2021-03-22,344,19396,171,6383,148,12235,25,778,221,7992,123,6054,246,14046,California
San Benito,2021-03-23,475,19871,197,6580,268,12503,10,788,215,7956,260,6314,224,14270,California
San Benito,2021-03-24,575,20446,305,6885,263,12766,7,795,360,8109,214,6528,367,14637,California
San Benito,2021-03-25,741,21187,441,7326,296,13062,4,799,442,8260,295,6823,446,15083,California
San Benito,2021-03-26,1001,22188,518,7844,480,13542,3,802,333,7929,667,7490,336,15419,California
San Benito,2021-03-27,332,22520,184,8028,115,13657,33,835,215,8061,116,7606,248,15667,California
San Benito,2021-03-28,692,23212,570,8598,117,13774,5,840,126,7626,566,8172,131,15798,California
San Benito,2021-03-29,344,23556,110,8708,214,13988,20,860,149,7599,195,8367,168,15966,California
San Benito,2021-03-30,572,24128,268,8976,210,14198,94,954,288,7697,284,8651,382,16348,California
San Benito,2021-03-31,583,24711,356,9332,203,14401,24,978,334,7808,247,8898,358,16706,California
San Benito,2021-04-01,931,25642,372,9704,521,14922,38,1016,555,8020,375,9273,587,17293,California
San Benito,2021-04-02,539,26181,263,9967,141,15063,135,1151,266,8148,273,9546,401,17694,California
San Benito,2021-04-03,252,26433,87,10054,103,15166,62,1213,74,8106,178,9724,136,17830,California
San Benito,2021-04-04,144,26577,109,10163,30,15196,5,1218,107,8181,37,9761,112,17942,California
San Benito,2021-04-05,351,26928,170,10333,139,15335,42,1260,143,8157,208,9969,184,18126,California
San Benito,2021-04-06,459,27387,160,10493,124,15459,175,1435,155,8183,304,10273,330,18456,California
San Benito,2021-04-07,922,28309,521,11014,212,15671,189,1624,254,7959,667,10940,443,18899,California
San Benito,2021-04-08,848,29157,425,11439,173,15844,250,1874,216,7794,631,11571,466,19365,California
San Benito,2021-04-09,836,29993,495,11934,250,16094,91,1965,287,7623,549,12120,378,19743,California
San Benito,2021-04-10,325,30318,197,12131,71,16165,57,2022,180,7715,145,12265,237,19980,California
San Benito,2021-04-11,470,30788,270,12401,167,16332,33,2055,259,7780,211,12476,276,20256,California
San Benito,2021-04-12,527,31315,287,12688,129,16461,111,2166,276,7914,250,12726,384,20640,California
San Benito,2021-04-13,755,32070,293,12981,439,16900,23,2189,526,8236,228,12954,550,21190,California
San Benito,2021-04-14,830,32900,653,13634,177,17077,0,2189,396,8203,429,13383,396,21586,California
San Benito,2021-04-15,940,33840,732,14366,207,17284,1,2190,467,8200,471,13854,468,22054,California
San Benito,2021-04-16,697,34537,364,14730,324,17608,9,2199,291,8097,403,14257,300,22354,California
San Benito,2021-04-17,316,34853,227,14957,89,17697,0,2199,128,8037,188,14445,128,22482,California
San Benito,2021-04-18,491,35344,410,15367,81,17778,0,2199,241,8029,250,14695,242,22724,California
San Benito,2021-04-19,727,36071,586,15953,141,17919,0,2199,411,8126,315,15010,412,23136,California
San Benito,2021-04-20,746,36817,398,16351,347,18266,1,2200,475,8335,266,15276,475,23611,California
San Benito,2021-04-21,954,37771,703,17054,251,18517,0,2200,522,8439,418,15694,522,24133,California
San Benito,2021-04-22,891,38662,690,17744,201,18718,0,2200,566,8688,317,16011,566,24699,California
San Benito,2021-04-23,625,39287,395,18139,229,18947,1,2201,339,8791,237,16248,340,25039,California
San Benito,2021-04-24,350,39637,197,18336,153,19100,0,2201,160,8801,150,16398,160,25199,California
San Benito,2021-04-25,199,39836,122,18458,77,19177,0,2201,88,8797,92,16490,88,25287,California
San Benito,2021-04-26,473,40309,377,18835,96,19273,0,2201,251,8886,162,16652,251,25538,California
San Benito,2021-04-27,526,40835,267,19102,252,19525,7,2208,397,9171,119,16771,404,25942,California
San Benito,2021-04-28,539,41374,382,19484,148,19673,9,2217,376,9397,158,16929,384,26326,California
San Benito,2021-04-29,619,41993,228,19712,381,20054,10,2227,247,9299,372,17301,274,26600,California
San Benito,2021-04-30,370,42363,205,19917,158,20212,7,2234,199,9336,169,17470,206,26806,California
San Benito,2021-05-01,192,42555,141,20058,43,20255,8,2242,65,9284,125,17595,73,26879,California
San Benito,2021-05-02,189,42744,161,20219,24,20279,4,2246,57,9213,132,17727,61,26940,California
San Benito,2021-05-03,354,43098,277,20496,67,20346,10,2256,83,9037,271,17998,95,27035,California
San Benito,2021-05-04,388,43486,239,20735,142,20488,7,2263,147,8953,239,18237,155,27190,California
San Benito,2021-05-05,583,44069,408,21143,156,20644,19,2282,200,8790,382,18619,219,27409,California
San Benito,2021-05-06,585,44654,473,21616,96,20740,16,2298,212,8646,371,18990,227,27636,California
San Benito,2021-05-07,308,44962,208,21824,91,20831,9,2307,136,8620,171,19161,145,27781,California
San Benito,2021-05-08,48,45010,29,21853,19,20850,0,2307,6,8584,42,19203,6,27787,California
San Bernardino,2020-12-15,13,13,13,13,0,0,0,0,13,13,0,0,13,13,California
San Bernardino,2020-12-16,107,120,107,120,0,0,0,0,107,120,0,0,107,120,California
San Bernardino,2020-12-17,2354,2474,2354,2474,0,0,0,0,2354,2474,0,0,2354,2474,California
San Bernardino,2020-12-18,3146,5620,3143,5617,3,3,0,0,3147,5621,0,0,3147,5621,California
San Bernardino,2020-12-19,1069,6689,1068,6685,1,4,0,0,1070,6691,0,0,1070,6691,California
San Bernardino,2020-12-20,1175,7864,1173,7858,2,6,0,0,1175,7866,0,0,1175,7866,California
San Bernardino,2020-12-21,2453,10317,2448,10306,5,11,0,0,2453,10319,0,0,2453,10319,California
San Bernardino,2020-12-22,2269,12586,2143,12449,126,137,0,0,2270,12589,0,0,2270,12589,California
San Bernardino,2020-12-23,2649,15235,1456,13905,1193,1330,0,0,2647,15236,0,0,2647,15236,California
San Bernardino,2020-12-24,1157,16392,581,14486,576,1906,0,0,1159,16395,0,0,1159,16395,California
San Bernardino,2020-12-25,75,16467,14,14500,61,1967,0,0,75,16470,0,0,75,16470,California
San Bernardino,2020-12-26,462,16929,254,14754,208,2175,0,0,462,16932,0,0,462,16932,California
San Bernardino,2020-12-27,343,17272,160,14914,183,2358,0,0,343,17275,0,0,343,17275,California
San Bernardino,2020-12-28,1569,18841,713,15627,856,3214,0,0,1570,18845,0,0,1570,18845,California
San Bernardino,2020-12-29,2209,21050,1042,16669,1167,4381,0,0,2209,21054,0,0,2209,21054,California
San Bernardino,2020-12-30,2895,23945,1459,18128,1436,5817,0,0,2896,23950,0,0,2896,23950,California
San Bernardino,2020-12-31,1357,25302,439,18567,918,6735,0,0,1355,25305,0,0,1355,25305,California
San Bernardino,2021-01-01,282,25584,150,18717,132,6867,0,0,281,25586,0,0,281,25586,California
San Bernardino,2021-01-02,476,26060,339,19056,137,7004,0,0,476,26062,0,0,476,26062,California
San Bernardino,2021-01-03,135,26195,85,19141,50,7054,0,0,135,26197,0,0,135,26197,California
San Bernardino,2021-01-04,2122,28317,1288,20429,834,7888,0,0,2121,28318,0,0,2121,28318,California
San Bernardino,2021-01-05,2336,30653,1461,21890,875,8763,0,0,2226,30435,109,109,2226,30544,California
San Bernardino,2021-01-06,3437,34090,2353,24243,1084,9847,0,0,2942,32889,489,598,2943,33487,California
San Bernardino,2021-01-07,5418,39508,4504,28747,914,10761,0,0,2486,32462,2913,3511,2486,35973,California
San Bernardino,2021-01-08,5368,44876,4446,33193,922,11683,0,0,2291,31681,3073,6584,2292,38265,California
San Bernardino,2021-01-09,1401,46277,1100,34293,301,11984,0,0,905,32090,496,7080,905,39170,California
San Bernardino,2021-01-10,1024,47301,597,34890,427,12411,0,0,576,32218,448,7528,576,39746,California
San Bernardino,2021-01-11,4981,52282,4075,38965,906,13317,0,0,2767,32774,2211,9739,2767,42513,California
San Bernardino,2021-01-12,4231,56513,3218,42183,1013,14330,0,0,2517,33578,1713,11452,2517,45030,California
San Bernardino,2021-01-13,4563,61076,2851,45034,1712,16042,0,0,3340,35709,1210,12662,3341,48371,California
San Bernardino,2021-01-14,4789,65865,2815,47849,1974,18016,0,0,4207,39338,578,13240,4207,52578,California
San Bernardino,2021-01-15,5986,71851,2978,50827,3008,21024,0,0,5589,44543,387,13627,5592,58170,California
San Bernardino,2021-01-16,2261,74112,1294,52121,967,21991,0,0,2119,46520,142,13769,2119,60289,California
San Bernardino,2021-01-17,1191,75303,517,52638,674,22665,0,0,1101,47534,89,13858,1103,61392,California
San Bernardino,2021-01-18,4271,79574,2639,55277,1632,24297,0,0,3649,50565,621,14479,3652,65044,California
San Bernardino,2021-01-19,6308,85882,3707,58984,2601,26898,0,0,5216,54693,1090,15569,5218,70262,California
San Bernardino,2021-01-20,6810,92692,3741,62725,3069,29967,0,0,4877,57647,1925,17494,4879,75141,California
San Bernardino,2021-01-21,5984,98676,3078,65803,2906,32873,0,0,4866,61407,1109,18603,4869,80010,California
San Bernardino,2021-01-22,6519,105195,3052,68855,3467,36340,0,0,5796,66483,721,19324,5797,85807,California
San Bernardino,2021-01-23,3110,108305,1893,70748,1217,37557,0,0,2720,68814,389,19713,2720,88527,California
San Bernardino,2021-01-24,1194,109499,461,71209,733,38290,0,0,1093,69806,101,19814,1093,89620,California
San Bernardino,2021-01-25,6876,116375,3400,74609,3476,41766,0,0,5023,72982,1850,21664,5026,94646,California
San Bernardino,2021-01-26,7107,123482,3569,78178,3538,45304,0,0,5011,75898,2096,23760,5012,99658,California
San Bernardino,2021-01-27,8489,131971,4146,82324,4343,49647,0,0,5694,78805,2787,26547,5694,105352,California
San Bernardino,2021-01-28,8589,140560,4081,86405,4508,54155,0,0,6263,82747,2321,28868,6263,111615,California
San Bernardino,2021-01-29,8185,148745,3771,90176,4414,58569,0,0,6217,87011,1954,30822,6218,117833,California
San Bernardino,2021-01-30,3092,151837,1900,92076,1192,59761,0,0,2804,89528,287,31109,2804,120637,California
San Bernardino,2021-01-31,923,152760,493,92569,430,60191,0,0,869,90344,53,31162,869,121506,California
San Bernardino,2021-02-01,7543,160303,4231,96800,3312,63503,0,0,4922,92648,2618,33780,4922,126428,California
San Bernardino,2021-02-02,10422,170725,3652,100452,6770,70273,0,0,8359,98949,2059,35839,8360,134788,California
San Bernardino,2021-02-03,8988,179713,4146,104598,4842,75115,0,0,6491,102952,2489,38328,6492,141280,California
San Bernardino,2021-02-04,10524,190237,5199,109797,5325,80440,0,0,7417,107273,3096,41424,7417,148697,California
San Bernardino,2021-02-05,10997,201234,5913,115710,5084,85524,0,0,7470,111228,3516,44940,7471,156168,California
San Bernardino,2021-02-06,5255,206489,2207,117917,3048,88572,0,0,3616,113233,1614,46554,3619,159787,California
San Bernardino,2021-02-07,844,207333,490,118407,354,88926,0,0,466,113325,375,46929,467,160254,California
San Bernardino,2021-02-08,7275,214608,3878,122285,3397,92323,0,0,5607,117267,1665,48594,5607,165861,California
San Bernardino,2021-02-09,9904,224512,5812,128097,4092,96415,0,0,6675,120719,3226,51820,6678,172539,California
San Bernardino,2021-02-10,12012,236524,6532,134629,5480,101895,0,0,7839,124397,4162,55982,7840,180379,California
San Bernardino,2021-02-11,12375,248899,7106,141735,5269,107164,0,0,7883,127814,4469,60451,7886,188265,California
San Bernardino,2021-02-12,10388,259287,5933,147668,4455,111619,0,0,5677,128795,4696,65147,5677,193942,California
San Bernardino,2021-02-13,6023,265310,4002,151670,2021,113640,0,0,3783,130359,2224,67371,3788,197730,California
San Bernardino,2021-02-14,1549,266859,650,152320,899,114539,0,0,872,130562,669,68040,872,198602,California
San Bernardino,2021-02-15,5457,272316,2994,155314,2463,117002,0,0,3054,131227,2389,70429,3054,201656,California
San Bernardino,2021-02-16,12599,284915,7373,162687,5226,122228,0,0,7959,134560,4627,75056,7960,209616,California
San Bernardino,2021-02-17,11784,296699,6451,169138,5333,127561,0,0,7137,137069,4630,79686,7139,216755,California
San Bernardino,2021-02-18,12463,309162,7591,176729,4872,132433,0,0,7704,140030,4744,84430,7705,224460,California
San Bernardino,2021-02-19,11498,320660,5932,182661,5566,137999,0,0,6806,142162,4674,89104,6806,231266,California
San Bernardino,2021-02-20,4512,325172,3465,186126,1047,139046,0,0,2040,141735,2469,91573,2042,233308,California
San Bernardino,2021-02-21,1039,326211,582,186708,457,139503,0,0,330,141356,709,92282,330,233638,California
San Bernardino,2021-02-22,8634,334845,5323,192031,3311,142814,0,0,4034,140802,4589,96871,4035,237673,California
San Bernardino,2021-02-23,9090,343935,5418,197449,3672,146486,0,0,4572,140887,4487,101358,4572,242245,California
San Bernardino,2021-02-24,12357,356292,7155,204604,5202,151688,0,0,6087,140730,6245,107603,6088,248333,California
San Bernardino,2021-02-25,13000,369292,6267,210871,6733,158421,0,0,7562,142875,5420,113023,7565,255898,California
San Bernardino,2021-02-26,13545,382837,6369,217240,7176,165597,0,0,7540,144474,5943,118966,7542,263440,California
San Bernardino,2021-02-27,6630,389467,3697,220937,2932,168529,1,1,4791,147439,1827,120793,4792,268232,California
San Bernardino,2021-02-28,1754,391221,726,221663,1028,169557,0,1,1130,147950,619,121412,1130,269362,California
San Bernardino,2021-03-01,8411,399632,4339,226002,4070,173627,2,3,3835,147241,4554,125966,3845,273207,California
San Bernardino,2021-03-02,13651,413283,5366,231368,8285,181912,0,3,6425,146472,7197,133163,6428,279635,California
San Bernardino,2021-03-03,12677,425960,6440,237808,6234,188146,3,6,5876,145575,6782,139945,5885,285520,California
San Bernardino,2021-03-04,13681,439641,6861,244669,6820,194966,0,6,5950,143818,7710,147655,5953,291473,California
San Bernardino,2021-03-05,14194,453835,7353,252022,6840,201806,1,7,6874,143421,7290,154945,6893,298366,California
San Bernardino,2021-03-06,9652,463487,5401,257423,4036,205842,215,222,4526,143049,5111,160056,4739,303105,California
San Bernardino,2021-03-07,1572,465059,928,258351,589,206431,55,277,1001,143536,569,160625,1056,304161,California
San Bernardino,2021-03-08,7996,473055,3506,261857,4330,210761,160,437,3524,142759,4465,165090,3688,307849,California
San Bernardino,2021-03-09,12605,485660,7035,268892,5326,216087,244,681,4859,140130,7733,172823,5104,312953,California
San Bernardino,2021-03-10,14017,499677,7686,276578,5782,221869,549,1230,6196,139085,7794,180617,6749,319702,California
San Bernardino,2021-03-11,15253,514930,7130,283708,6539,228408,1584,2814,7263,139959,7969,188586,8843,328545,California
San Bernardino,2021-03-12,15278,530208,6815,290523,6420,234828,2043,4857,7283,141365,7966,196552,9372,337917,California
San Bernardino,2021-03-13,8275,538483,4494,295017,3270,238098,511,5368,4898,143410,3366,199918,5411,343328,California
San Bernardino,2021-03-14,3221,541704,1615,296632,1032,239130,574,5942,1839,144441,1376,201294,2407,345735,California
San Bernardino,2021-03-15,11335,553039,5332,301964,3972,243102,2031,7973,5552,146246,5771,207065,7576,353311,California
San Bernardino,2021-03-16,16093,569132,7982,309946,7166,250268,945,8918,9833,150785,6235,213300,10774,364085,California
San Bernardino,2021-03-17,17090,586222,8585,318531,7756,258024,749,9667,10291,155044,6782,220082,11041,375126,California
San Bernardino,2021-03-18,16505,602727,8189,326720,7932,265956,384,10051,9784,158516,6695,226777,10167,385293,California
San Bernardino,2021-03-19,16828,619555,8337,335057,7903,273859,588,10639,9657,161667,7147,233924,10298,395591,California
San Bernardino,2021-03-20,9383,628938,5914,340971,2883,276742,586,11225,5566,164022,3793,237717,6148,401739,California
San Bernardino,2021-03-21,2757,631695,2242,343213,467,277209,48,11273,2227,165779,518,238235,2275,404014,California
San Bernardino,2021-03-22,9567,641262,4494,347707,4638,281847,435,11708,6937,170538,2613,240848,7372,411386,California
San Bernardino,2021-03-23,15442,656704,8758,356465,6063,287910,621,12329,9666,175067,5756,246604,10285,421671,California
San Bernardino,2021-03-24,15009,671713,7776,364241,6933,294843,300,12629,9986,180366,4988,251592,10287,431958,California
San Bernardino,2021-03-25,16941,688654,8297,372538,8347,303190,297,12926,10764,185294,6129,257721,11057,443015,California
San Bernardino,2021-03-26,17952,706606,8588,381126,8597,311787,767,13693,10912,189962,7011,264732,11679,454694,California
San Bernardino,2021-03-27,10725,717331,6905,388031,3070,314857,750,14443,6148,192298,4561,269293,6897,461591,California
San Bernardino,2021-03-28,3536,720867,2472,390503,951,315808,113,14556,2498,193877,1031,270324,2610,464201,California
San Bernardino,2021-03-29,11691,732558,6072,396575,5222,321030,397,14953,7973,198546,3701,274025,8370,472571,California
San Bernardino,2021-03-30,16857,749415,9419,405994,6728,327758,710,15663,10851,204126,5974,279999,11554,484125,California
San Bernardino,2021-03-31,16218,765633,9147,415141,6440,334198,631,16294,10856,210275,5336,285335,11485,495610,California
San Bernardino,2021-04-01,19437,785070,10247,425388,7832,342030,1358,17652,12540,217303,6862,292197,13890,509500,California
San Bernardino,2021-04-02,18600,803670,9336,434724,7995,350025,1269,18921,11269,222574,7307,299504,12578,522078,California
San Bernardino,2021-04-03,10953,814623,6834,441558,2995,353020,1124,20045,5998,224754,4939,304443,7119,529197,California
San Bernardino,2021-04-04,2452,817075,1489,443047,716,353736,247,20292,1250,225054,1197,305640,1497,530694,California
San Bernardino,2021-04-05,11715,828790,5261,448308,4727,358463,1727,22019,6000,227079,5696,311336,7721,538415,California
San Bernardino,2021-04-06,19633,848423,11042,459350,6488,364951,2103,24122,10428,230437,9169,320505,12527,550942,California
San Bernardino,2021-04-07,20788,869211,11128,470478,7209,372160,2451,26573,11391,234898,9369,329874,13830,564772,California
San Bernardino,2021-04-08,21592,890803,11067,481545,7935,380095,2590,29163,11953,239822,9612,339486,14536,579308,California
San Bernardino,2021-04-09,21513,912316,10897,492442,8079,388174,2537,31700,11738,244348,9740,349226,14266,593574,California
San Bernardino,2021-04-10,15547,927863,8058,500500,3812,391986,3677,35377,7742,247972,7784,357010,11408,604982,California
San Bernardino,2021-04-11,4387,932250,2564,503064,883,392869,940,36317,2036,248601,2344,359354,2973,607955,California
San Bernardino,2021-04-12,13309,945559,6176,509240,5496,398365,1637,37954,6307,249558,6982,366336,7939,615894,California
San Bernardino,2021-04-13,19172,964731,10936,520176,8218,406583,18,37972,10984,252396,8165,374501,11003,626897,California
San Bernardino,2021-04-14,18951,983682,10244,530420,8704,415287,3,37975,10829,255136,8093,382594,10833,637730,California
San Bernardino,2021-04-15,20120,1003802,11295,541715,8820,424107,5,37980,10739,256535,9348,391942,10747,648477,California
San Bernardino,2021-04-16,18456,1022258,10516,552231,7939,432046,1,37981,9134,256386,9283,401225,9134,657611,California
San Bernardino,2021-04-17,11846,1034104,7822,560053,4024,436070,0,37981,6232,257034,5584,406809,6232,663843,California
San Bernardino,2021-04-18,2870,1036974,1967,562020,903,436973,0,37981,1310,256794,1550,408359,1310,665153,California
San Bernardino,2021-04-19,12436,1049410,6614,568634,5822,442795,0,37981,4829,254041,7586,415945,4833,669986,California
San Bernardino,2021-04-20,17501,1066911,9748,578382,7750,450545,3,37984,8011,252586,9469,425414,8014,678000,California
San Bernardino,2021-04-21,17924,1084835,10275,588657,7647,458192,2,37986,7976,250672,9892,435306,7978,685978,California
San Bernardino,2021-04-22,19068,1103903,10898,599555,8166,466358,4,37990,7831,247319,11188,446494,7835,693813,California
San Bernardino,2021-04-23,18355,1122258,10509,610064,7845,474203,1,37991,8095,245202,10215,456709,8098,701911,California
San Bernardino,2021-04-24,12768,1135026,9454,619518,3312,477515,2,37993,6885,246223,5866,462575,6887,708798,California
San Bernardino,2021-04-25,3405,1138431,2234,621752,1171,478686,0,37993,1688,246209,1703,464278,1689,710487,California
San Bernardino,2021-04-26,10031,1148462,5317,627069,4627,483313,87,38080,4290,244875,5710,469988,4376,714863,California
San Bernardino,2021-04-27,15402,1163864,9181,636250,6053,489366,168,38248,6256,242191,9108,479096,6424,721287,California
San Bernardino,2021-04-28,14620,1178484,8686,644936,5664,495030,270,38518,5258,238378,9332,488428,5519,726806,California
San Bernardino,2021-04-29,16028,1194512,9250,654186,6510,501540,268,38786,5323,233304,10663,499091,5589,732395,California
San Bernardino,2021-04-30,16412,1210924,10411,664597,5723,507263,278,39064,6017,229249,10347,509438,6292,738687,California
San Bernardino,2021-05-01,10644,1221568,8388,672985,1948,509211,308,39372,3647,226240,6961,516399,3952,742639,California
San Bernardino,2021-05-02,2907,1224475,2112,675097,672,509883,123,39495,1039,225541,1861,518260,1162,743801,California
San Bernardino,2021-05-03,9881,1234356,5736,680833,3748,513631,397,39892,2806,221695,7048,525308,3202,747003,California
San Bernardino,2021-05-04,15493,1249849,9464,690297,5584,519215,445,40337,4465,215615,10988,536296,4908,751911,California
San Bernardino,2021-05-05,12759,1262608,7755,698052,4624,523839,380,40717,3563,210401,9154,545450,3940,755851,California
San Bernardino,2021-05-06,12632,1275240,7603,705655,4633,528472,396,41113,3443,205086,9153,554603,3838,759689,California
San Bernardino,2021-05-07,9709,1284949,5376,711031,4118,532590,215,41328,2757,201142,6913,561516,2969,762658,California
San Bernardino,2021-05-08,4786,1289735,3912,714943,758,533348,116,41444,1266,199023,3499,565015,1380,764038,California
San Diego,2020-12-15,119,119,119,119,0,0,0,0,119,119,0,0,119,119,California
San Diego,2020-12-16,1103,1222,1103,1222,0,0,0,0,1103,1222,0,0,1103,1222,California
San Diego,2020-12-17,2349,3571,2349,3571,0,0,0,0,2349,3571,0,0,2349,3571,California
San Diego,2020-12-18,3671,7242,3670,7241,1,1,0,0,3671,7242,0,0,3671,7242,California
San Diego,2020-12-19,2311,9553,2311,9552,0,1,0,0,2311,9553,0,0,2311,9553,California
San Diego,2020-12-20,1184,10737,1183,10735,1,2,0,0,1184,10737,0,0,1184,10737,California
San Diego,2020-12-21,3524,14261,3523,14258,1,3,0,0,3524,14261,0,0,3524,14261,California
San Diego,2020-12-22,4057,18318,3414,17672,643,646,0,0,4057,18318,0,0,4057,18318,California
San Diego,2020-12-23,3181,21499,1977,19649,1204,1850,0,0,3181,21499,0,0,3181,21499,California
San Diego,2020-12-24,2737,24236,2219,21868,518,2368,0,0,2737,24236,0,0,2737,24236,California
San Diego,2020-12-25,875,25111,874,22742,1,2369,0,0,875,25111,0,0,875,25111,California
San Diego,2020-12-26,3295,28406,2144,24886,1151,3520,0,0,3295,28406,0,0,3295,28406,California
San Diego,2020-12-27,2508,30914,1617,26503,891,4411,0,0,2507,30912,1,1,2507,30913,California
San Diego,2020-12-28,5900,36814,4213,30716,1687,6098,0,0,5900,36812,0,1,5900,36813,California
San Diego,2020-12-29,5590,42404,3016,33732,2574,8672,0,0,5590,42402,0,1,5590,42403,California
San Diego,2020-12-30,5953,48357,3108,36840,2845,11517,0,0,5953,48355,0,1,5953,48356,California
San Diego,2020-12-31,3036,51393,1053,37893,1983,13500,0,0,3036,51391,0,1,3036,51392,California
San Diego,2021-01-01,1006,52399,452,38345,554,14054,0,0,1006,52397,0,1,1006,52398,California
San Diego,2021-01-02,3762,56161,1320,39665,2442,16496,0,0,3762,56159,0,1,3762,56160,California
San Diego,2021-01-03,859,57020,632,40297,227,16723,0,0,858,57017,0,1,858,57018,California
San Diego,2021-01-04,3704,60724,2052,42349,1652,18375,0,0,3697,60714,0,1,3697,60715,California
San Diego,2021-01-05,4343,65067,2154,44503,2189,20564,0,0,3726,63839,613,614,3738,64453,California
San Diego,2021-01-06,4957,70024,2302,46805,2655,23219,0,0,3722,66353,1212,1826,3726,68179,California
San Diego,2021-01-07,5663,75687,2982,49787,2681,25900,0,0,3505,67713,2151,3977,3511,71690,California
San Diego,2021-01-08,7883,83570,4956,54743,2927,28827,0,0,4097,68057,3769,7746,4113,75803,California
San Diego,2021-01-09,3501,87071,1940,56683,1561,30388,0,0,1951,68481,1538,9284,1962,77765,California
San Diego,2021-01-10,1882,88953,1293,57976,589,30977,0,0,781,68182,1089,10373,790,78555,California
San Diego,2021-01-11,10335,99288,5863,63839,4472,35449,0,0,6806,71483,3522,13895,6823,85378,California
San Diego,2021-01-12,11206,110494,5319,69158,5887,41336,0,0,7832,76063,3365,17260,7945,93323,California
San Diego,2021-01-13,11488,121982,5033,74191,6455,47791,0,0,8941,82494,2534,19794,8965,102288,California
San Diego,2021-01-14,12369,134351,4753,78944,7616,55407,0,0,10200,90569,2160,21954,10235,112523,California
San Diego,2021-01-15,15133,149484,5356,84300,9777,65184,0,0,12491,100490,2623,24577,12544,125067,California
San Diego,2021-01-16,10770,160254,3595,87895,7175,72359,0,0,9324,108404,1441,26018,9355,134422,California
San Diego,2021-01-17,8685,168939,2502,90397,6183,78542,0,0,7846,115430,839,26857,7865,142287,California
San Diego,2021-01-18,12525,181464,5965,96362,6560,85102,0,0,9693,122386,2793,29650,9749,152036,California
San Diego,2021-01-19,14763,196227,5832,102194,8931,94033,0,0,11629,131155,3121,32771,11890,163926,California
San Diego,2021-01-20,18332,214559,6391,108585,11941,105974,0,0,15008,143036,3303,36074,15184,179110,California
San Diego,2021-01-21,17418,231977,5908,114493,11510,117484,0,0,16025,157826,1382,37456,16172,195282,California
San Diego,2021-01-22,17676,249653,4758,119251,12918,130402,0,0,15621,171508,2041,39497,15723,211005,California
San Diego,2021-01-23,14483,264136,5273,124524,9210,139612,0,0,12120,181334,2351,41848,12177,223182,California
San Diego,2021-01-24,11916,276052,3358,127882,8558,148170,0,0,10946,191347,968,42816,10981,234163,California
San Diego,2021-01-25,12265,288317,5795,133677,6470,154640,0,0,9247,197737,3011,45827,9401,243564,California
San Diego,2021-01-26,14957,303274,7659,141336,7298,161938,0,0,11643,206259,3309,49136,11831,255395,California
San Diego,2021-01-27,20768,324042,8131,149467,12637,174575,0,0,17672,220992,3082,52218,17815,273210,California
San Diego,2021-01-28,21308,345350,7650,157117,13658,188233,0,0,19041,237856,2257,54475,19121,292331,California
San Diego,2021-01-29,19715,365065,6467,163584,13248,201481,0,0,17290,252775,2415,56890,17334,309665,California
San Diego,2021-01-30,15906,380971,3667,167251,12239,213720,0,0,13224,263424,2672,59562,13321,322986,California
San Diego,2021-01-31,14802,395773,5755,173006,9047,222767,0,0,14445,277542,353,59915,14471,337457,California
San Diego,2021-02-01,20535,416308,7242,180248,13293,236060,0,0,17339,291776,3182,63097,17416,354873,California
San Diego,2021-02-02,23218,439526,8701,188949,14517,250577,0,0,19672,308079,3536,66633,19839,374712,California
San Diego,2021-02-03,27458,466984,11564,200513,15894,266471,0,0,23265,327356,4175,70808,23452,398164,California
San Diego,2021-02-04,24385,491369,10031,210544,14354,280825,0,0,19672,342610,4695,75503,19949,418113,California
San Diego,2021-02-05,25031,516400,8992,219536,16039,296864,0,0,18326,354698,6681,82184,18769,436882,California
San Diego,2021-02-06,20792,537192,8566,228102,12226,309090,0,0,17525,369182,3261,85445,17745,454627,California
San Diego,2021-02-07,12136,549328,5377,233479,6759,315849,0,0,10261,377845,1855,87300,10518,465145,California
San Diego,2021-02-08,20110,569438,8520,241999,11590,327439,0,0,12676,383785,7416,94716,13356,478501,California
San Diego,2021-02-09,20417,589855,8254,250253,12163,339602,0,0,13203,390862,7193,101909,14270,492771,California
San Diego,2021-02-10,23028,612883,9389,259642,13639,353241,0,0,13873,397004,9096,111005,15238,508009,California
San Diego,2021-02-11,23816,636699,10157,269799,13659,366900,0,0,12752,400398,11035,122040,14429,522438,California
San Diego,2021-02-12,23857,660556,7468,277267,16389,383289,0,0,11917,402649,11922,133962,14173,536611,California
San Diego,2021-02-13,20053,680609,9044,286311,11009,394298,0,0,10919,405638,9126,143088,12115,548726,California
San Diego,2021-02-14,11189,691798,7433,293744,3756,398054,0,0,6331,408624,4854,147942,7840,556566,California
San Diego,2021-02-15,15280,707078,7770,301514,7510,405564,0,0,7846,412123,7412,155354,10911,567477,California
San Diego,2021-02-16,19288,726366,11257,312771,8031,413595,0,0,9239,414295,10036,165390,12208,579685,California
San Diego,2021-02-17,23404,749770,10988,323759,12416,426011,0,0,8130,410248,15260,180650,11213,590898,California
San Diego,2021-02-18,23583,773353,12024,335783,11559,437570,0,0,7793,406337,15779,196429,11868,602766,California
San Diego,2021-02-19,15917,789270,10924,346707,4993,442563,0,0,6634,405683,9264,205693,8610,611376,California
San Diego,2021-02-20,10265,799535,6367,353074,3898,446461,0,0,5817,408956,4445,210138,7718,619094,California
San Diego,2021-02-21,11547,811082,10134,363208,1413,447874,0,0,5195,409333,6322,216460,6699,625793,California
San Diego,2021-02-22,12452,823534,10591,373799,1861,449735,0,0,5798,410118,6646,223106,7431,633224,California
San Diego,2021-02-23,25903,849437,14527,388326,11376,461111,0,0,9660,409431,16236,239342,15549,648773,California
San Diego,2021-02-24,28958,878395,12764,401090,16194,477305,0,0,6867,401653,22069,261411,14291,663064,California
San Diego,2021-02-25,33203,911598,14724,415814,18479,495784,0,0,10171,397180,23013,284424,18540,681604,California
San Diego,2021-02-26,33479,945077,12405,428219,21074,516858,0,0,12149,395104,21301,305725,19225,700829,California
San Diego,2021-02-27,21250,966327,9679,437898,11571,528429,0,0,11454,401022,9792,315517,15710,716539,California
San Diego,2021-02-28,15266,981593,9968,447866,5298,533727,0,0,9511,407563,5755,321272,12296,728835,California
San Diego,2021-03-01,24243,1005836,14315,462181,9927,543654,1,1,14736,416718,9431,330703,18586,747421,California
San Diego,2021-03-02,26157,1031993,14074,476255,12083,555737,0,1,12760,422772,13387,344090,19441,766862,California
San Diego,2021-03-03,33995,1065988,15918,492173,18074,573811,3,4,14072,423832,19902,363992,20962,787824,California
San Diego,2021-03-04,28322,1094310,14108,506281,14214,588025,0,4,12657,427573,15643,379635,19384,807208,California
San Diego,2021-03-05,28932,1123242,14833,521114,14017,602042,82,86,13476,432382,15433,395068,20242,827450,California
San Diego,2021-03-06,23364,1146606,9527,530641,13137,615179,700,786,10296,434985,13054,408122,15657,843107,California
San Diego,2021-03-07,18206,1164812,9298,539939,8337,623516,571,1357,6906,434818,11292,419414,11125,854232,California
San Diego,2021-03-08,23099,1187911,11228,551167,10971,634487,900,2257,11455,440416,11625,431039,17223,871455,California
San Diego,2021-03-09,25891,1213802,11980,563147,12156,646643,1755,4012,10133,440477,15745,446784,15806,887261,California
San Diego,2021-03-10,25301,1239103,10773,573920,12133,658776,2395,6407,9912,441468,15373,462157,16364,903625,California
San Diego,2021-03-11,28705,1267808,11030,584950,14077,672853,3598,10005,10038,440413,18644,480801,17589,921214,California
San Diego,2021-03-12,27075,1294883,9455,594405,14485,687338,3135,13140,9967,439948,17094,497895,16629,937843,California
San Diego,2021-03-13,25979,1320862,7301,601706,17074,704412,1604,14744,10077,439900,15899,513794,15851,953694,California
San Diego,2021-03-14,13769,1334631,5423,607129,7609,712021,737,15481,4790,438776,8971,522765,7847,961541,California
San Diego,2021-03-15,22023,1356654,10167,617296,11077,723098,779,16260,9032,438699,12975,535740,12898,974439,California
San Diego,2021-03-16,30007,1386661,15793,633089,13800,736898,414,16674,15752,443671,14232,549972,19204,993643,California
San Diego,2021-03-17,26310,1412971,12214,645303,13387,750285,709,17383,16774,453675,9523,559495,19527,1013170,California
San Diego,2021-03-18,31498,1444469,17795,663098,12793,763078,910,18293,17020,458684,14446,573941,19455,1032625,California
San Diego,2021-03-19,30251,1474720,14362,677460,14897,777975,992,19285,19362,469350,10872,584813,21538,1054163,California
San Diego,2021-03-20,27845,1502565,8428,685888,17626,795601,1791,21076,21400,487208,6434,591247,24292,1078455,California
San Diego,2021-03-21,16534,1519099,12057,697945,3760,799361,717,21793,7701,488118,8817,600064,9727,1088182,California
San Diego,2021-03-22,22512,1541611,13148,711093,9117,808478,247,22040,14337,497288,8163,608227,17333,1105515,California
San Diego,2021-03-23,25980,1567591,13639,724732,12078,820556,263,22303,17158,507913,8807,617034,19432,1124947,California
San Diego,2021-03-24,29542,1597133,19758,744490,9421,829977,363,22666,17118,515027,12415,629449,19529,1144476,California
San Diego,2021-03-25,30317,1627450,18282,762772,11378,841355,657,23323,17985,523462,12315,641764,20750,1165226,California
San Diego,2021-03-26,32089,1659539,17904,780676,13628,854983,557,23880,17557,529884,14506,656270,20928,1186154,California
San Diego,2021-03-27,25443,1684982,10991,791667,14059,869042,393,24273,15721,538525,9706,665976,18347,1204501,California
San Diego,2021-03-28,15035,1700017,9193,800860,5786,874828,56,24329,9280,543574,5750,671726,10799,1215300,California
San Diego,2021-03-29,26670,1726687,12905,813765,13169,887997,596,24925,16447,552829,10214,681940,19469,1234769,California
San Diego,2021-03-30,33226,1759913,17900,831665,14555,902552,771,25696,22049,566291,11165,693105,24627,1259396,California
San Diego,2021-03-31,30378,1790291,18757,850422,10967,913519,654,26350,20610,578886,9752,702857,22347,1281743,California
San Diego,2021-04-01,34245,1824536,20060,870482,12795,926314,1390,27740,23251,593866,10968,713825,25948,1307691,California
San Diego,2021-04-02,35596,1860132,20652,891134,12322,938636,2622,30362,24110,610541,11467,725292,28142,1335833,California
San Diego,2021-04-03,30772,1890904,14427,905561,11783,950419,4562,34924,19686,624904,11074,736366,25437,1361270,California
San Diego,2021-04-04,9031,1899935,5204,910765,2927,953346,900,35824,4824,626599,4202,740568,5897,1367167,California
San Diego,2021-04-05,29653,1929588,15402,926167,11698,965044,2553,38377,19398,640778,10240,750808,24419,1391586,California
San Diego,2021-04-06,38608,1968196,20389,946556,12448,977492,5771,44148,22350,654739,16243,767051,30204,1421790,California
San Diego,2021-04-07,35711,2003907,21975,968531,9266,986758,4470,48618,20446,665598,15240,782291,26099,1447889,California
San Diego,2021-04-08,35110,2039017,21356,989887,9691,996449,4063,52681,21309,679727,13781,796072,27910,1475799,California
San Diego,2021-04-09,38196,2077213,22802,1012689,10280,1006729,5114,57795,20825,691617,17300,813372,29190,1504989,California
San Diego,2021-04-10,29213,2106426,11780,1024469,13453,1020182,3980,61775,15231,699839,13970,827342,22192,1527181,California
San Diego,2021-04-11,16212,2122638,10069,1034538,3855,1024037,2288,64063,7287,703453,8922,836264,12536,1539717,California
San Diego,2021-04-12,30542,2153180,12814,1047352,13456,1037493,4272,68335,17065,714953,13462,849726,24962,1564679,California
San Diego,2021-04-13,37145,2190325,17768,1065120,19342,1056835,35,68370,24756,730185,12368,862094,27600,1592279,California
San Diego,2021-04-14,33017,2223342,18903,1084023,14103,1070938,11,68381,17876,737264,15126,877220,22205,1614484,California
San Diego,2021-04-15,39140,2262482,20325,1104348,18813,1089751,2,68383,23786,748529,15332,892552,26597,1641081,California
San Diego,2021-04-16,33383,2295865,18574,1122922,14808,1104559,1,68384,19369,756311,13946,906498,21728,1662809,California
San Diego,2021-04-17,27667,2323532,13526,1136448,14141,1118700,0,68384,12294,756338,15275,921773,15302,1678111,California
San Diego,2021-04-18,14240,2337772,8893,1145341,5344,1124044,3,68387,6548,758139,7680,929453,9481,1687592,California
San Diego,2021-04-19,26327,2364099,13454,1158795,12872,1136916,1,68388,12390,758338,13920,943373,14119,1701711,California
San Diego,2021-04-20,38749,2402848,17562,1176357,21187,1158103,0,68388,19828,762188,18900,962273,22750,1724461,California
San Diego,2021-04-21,34839,2437687,20828,1197185,14011,1172114,0,68388,16877,764083,17927,980200,19822,1744283,California
San Diego,2021-04-22,44383,2482070,22816,1220001,21561,1193675,6,68394,22183,767087,22161,1002361,25165,1769448,California
San Diego,2021-04-23,41996,2524066,25961,1245962,16033,1209708,2,68396,15584,759406,26380,1028741,18699,1788147,California
San Diego,2021-04-24,34305,2558371,18775,1264737,15515,1225223,15,68411,15416,759095,18855,1047596,18544,1806691,California
San Diego,2021-04-25,12438,2570809,7662,1272399,4776,1229999,0,68411,5848,759692,6581,1054177,7178,1813869,California
San Diego,2021-04-26,29942,2600751,14625,1287024,15193,1245192,124,68535,10063,754241,19869,1074046,14418,1828287,California
San Diego,2021-04-27,41454,2642205,22576,1309600,18478,1263670,400,68935,18158,752427,23264,1097310,21450,1849737,California
San Diego,2021-04-28,38119,2680324,22555,1332155,14924,1278594,640,69575,17282,751738,20804,1118114,20115,1869852,California
San Diego,2021-04-29,37876,2718200,24109,1356264,13150,1291744,617,70192,15280,746747,22560,1140674,17569,1887421,California
San Diego,2021-04-30,37805,2756005,23003,1379267,13833,1305577,969,71161,14742,741206,23030,1163704,17489,1904910,California
San Diego,2021-05-01,24230,2780235,10690,1389957,12915,1318492,625,71786,9511,738747,14708,1178412,12249,1917159,California
San Diego,2021-05-02,10677,2790912,7509,1397466,2602,1321094,566,72352,3265,735492,7407,1185819,4152,1921311,California
San Diego,2021-05-03,25270,2816182,12439,1409905,11692,1332786,1139,73491,9345,730845,15903,1201722,11256,1932567,California
San Diego,2021-05-04,31753,2847935,17530,1427435,12940,1345726,1283,74774,11494,724470,20233,1221955,13858,1946425,California
San Diego,2021-05-05,27304,2875239,16752,1444187,9296,1355022,1256,76030,10455,720289,16828,1238783,12647,1959072,California
San Diego,2021-05-06,25594,2900833,16276,1460463,8443,1363465,875,76905,10158,717560,15415,1254198,12686,1971758,California
San Diego,2021-05-07,21571,2922404,14481,1474944,6575,1370040,515,77420,8243,713852,13305,1267503,9597,1981355,California
San Diego,2021-05-08,13639,2936043,6046,1480990,7312,1377352,281,77701,3378,711062,10250,1277753,7460,1988815,California
San Francisco,2020-12-15,7,7,7,7,0,0,0,0,7,7,0,0,7,7,California
San Francisco,2020-12-16,229,236,229,236,0,0,0,0,229,236,0,0,229,236,California
San Francisco,2020-12-17,393,629,393,629,0,0,0,0,393,629,0,0,393,629,California
San Francisco,2020-12-18,876,1505,875,1504,1,1,0,0,876,1505,0,0,876,1505,California
San Francisco,2020-12-19,601,2106,601,2105,0,1,0,0,601,2106,0,0,601,2106,California
San Francisco,2020-12-20,484,2590,484,2589,0,1,0,0,484,2590,0,0,484,2590,California
San Francisco,2020-12-21,1162,3752,1162,3751,0,1,0,0,1162,3752,0,0,1162,3752,California
San Francisco,2020-12-22,1401,5153,1367,5118,34,35,0,0,1401,5153,0,0,1401,5153,California
San Francisco,2020-12-23,1336,6489,1047,6165,289,324,0,0,1336,6489,0,0,1336,6489,California
San Francisco,2020-12-24,841,7330,503,6668,338,662,0,0,841,7330,0,0,841,7330,California
San Francisco,2020-12-25,34,7364,29,6697,5,667,0,0,34,7364,0,0,34,7364,California
San Francisco,2020-12-26,245,7609,151,6848,94,761,0,0,245,7609,0,0,245,7609,California
San Francisco,2020-12-27,274,7883,60,6908,214,975,0,0,274,7883,0,0,274,7883,California
San Francisco,2020-12-28,1269,9152,686,7594,583,1558,0,0,1269,9152,0,0,1269,9152,California
San Francisco,2020-12-29,1245,10397,623,8217,622,2180,0,0,1245,10397,0,0,1245,10397,California
San Francisco,2020-12-30,1486,11883,779,8996,707,2887,0,0,1486,11883,0,0,1486,11883,California
San Francisco,2020-12-31,963,12846,410,9406,553,3440,0,0,962,12845,0,0,962,12845,California
San Francisco,2021-01-01,83,12929,68,9474,15,3455,0,0,83,12928,0,0,83,12928,California
San Francisco,2021-01-02,334,13263,302,9776,32,3487,0,0,334,13262,0,0,334,13262,California
San Francisco,2021-01-03,295,13558,102,9878,193,3680,0,0,294,13555,1,1,294,13556,California
San Francisco,2021-01-04,1840,15398,1355,11233,485,4165,0,0,1837,15389,3,4,1837,15393,California
San Francisco,2021-01-05,2233,17631,1417,12650,816,4981,0,0,2198,17554,35,39,2200,17593,California
San Francisco,2021-01-06,1868,19499,1159,13809,709,5690,0,0,1603,18895,263,302,1604,19197,California
San Francisco,2021-01-07,2062,21561,1202,15011,860,6550,0,0,1606,20048,453,755,1606,20803,California
San Francisco,2021-01-08,2332,23893,1633,16644,699,7249,0,0,1496,20713,831,1586,1496,22299,California
San Francisco,2021-01-09,1389,25282,893,17537,496,7745,0,0,885,21096,504,2090,887,23186,California
San Francisco,2021-01-10,919,26201,541,18078,378,8123,0,0,460,21098,458,2548,460,23646,California
San Francisco,2021-01-11,2503,28704,1871,19949,632,8755,0,0,1401,21396,1103,3651,1401,25047,California
San Francisco,2021-01-12,3089,31793,2059,22008,1030,9785,0,0,1896,22101,1193,4844,1898,26945,California
San Francisco,2021-01-13,2826,34619,1601,23609,1225,11010,0,0,1996,23267,830,5674,1996,28941,California
San Francisco,2021-01-14,2441,37060,1099,24708,1342,12352,0,0,1881,24588,560,6234,1881,30822,California
San Francisco,2021-01-15,2742,39802,1147,25855,1595,13947,0,0,2350,26550,390,6624,2352,33174,California
San Francisco,2021-01-16,2254,42056,964,26819,1290,15237,0,0,2088,28473,166,6790,2089,35263,California
San Francisco,2021-01-17,1916,43972,530,27349,1386,16623,0,0,1702,29961,214,7004,1702,36965,California
San Francisco,2021-01-18,1378,45350,593,27942,785,17408,0,0,1114,30814,263,7267,1116,38081,California
San Francisco,2021-01-19,2576,47926,1474,29416,1102,18510,0,0,1827,31892,749,8016,1827,39908,California
San Francisco,2021-01-20,2743,50669,1118,30534,1625,20135,0,0,1993,33139,747,8763,1994,41902,California
San Francisco,2021-01-21,3308,53977,945,31479,2363,22498,0,0,2474,34781,832,9595,2474,44376,California
San Francisco,2021-01-22,3187,57164,644,32123,2543,25041,0,0,2745,37086,440,10035,2745,47121,California
San Francisco,2021-01-23,3091,60255,610,32733,2481,27522,0,0,2724,39445,366,10401,2725,49846,California
San Francisco,2021-01-24,2424,62679,363,33096,2061,29583,0,0,2195,41414,226,10627,2195,52041,California
San Francisco,2021-01-25,4581,67260,1779,34875,2802,32385,0,0,3034,42904,1545,12172,3035,55076,California
San Francisco,2021-01-26,4667,71927,2135,37010,2532,34917,0,0,3075,44392,1589,13761,3077,58153,California
San Francisco,2021-01-27,4425,76352,2072,39082,2353,37270,0,0,3077,46125,1344,15105,3077,61230,California
San Francisco,2021-01-28,3755,80107,1554,40636,2201,39471,0,0,2593,47561,1157,16262,2593,63823,California
San Francisco,2021-01-29,4720,84827,1681,42317,3039,42510,0,0,3450,49748,1263,17525,3450,67273,California
San Francisco,2021-01-30,3772,88599,1838,44155,1934,44444,0,0,3323,52627,448,17973,3327,70600,California
San Francisco,2021-01-31,2351,90950,824,44979,1527,45971,0,0,2199,54676,151,18124,2200,72800,California
San Francisco,2021-02-01,3796,94746,1528,46507,2268,48239,0,0,2891,56663,905,19029,2892,75692,California
San Francisco,2021-02-02,4645,99391,1963,48470,2682,50921,0,0,2882,57788,1757,20786,2882,78574,California
San Francisco,2021-02-03,5054,104445,2365,50835,2689,53610,0,0,3749,60235,1303,22089,3750,82324,California
San Francisco,2021-02-04,5025,109470,2434,53269,2591,56201,0,0,3860,62932,1163,23252,3860,86184,California
San Francisco,2021-02-05,5939,115409,3195,56464,2744,58945,0,0,4596,66188,1341,24593,4597,90781,California
San Francisco,2021-02-06,5474,120883,3655,60119,1819,60764,0,0,4574,69867,897,25490,4576,95357,California
San Francisco,2021-02-07,4330,125213,3180,63299,1150,61914,0,0,3753,73049,574,26064,3756,99113,California
San Francisco,2021-02-08,6701,131914,4613,67912,2088,64002,0,0,5486,77339,1198,27262,5488,104601,California
San Francisco,2021-02-09,5923,137837,3987,71899,1936,65938,0,0,4366,80153,1553,28815,4367,108968,California
San Francisco,2021-02-10,6866,144703,4176,76075,2690,68628,0,0,5067,83432,1791,30606,5070,114038,California
San Francisco,2021-02-11,6703,151406,3975,80050,2728,71356,0,0,4888,86509,1812,32418,4889,118927,California
San Francisco,2021-02-12,5314,156720,2666,82716,2648,74004,0,0,3478,88152,1835,34253,3478,122405,California
San Francisco,2021-02-13,4359,161079,2547,85263,1812,75816,0,0,3035,89865,1324,35577,3037,125442,California
San Francisco,2021-02-14,3414,164493,2241,87504,1173,76989,0,0,2289,91032,1124,36701,2291,127733,California
San Francisco,2021-02-15,2770,167263,1505,89009,1265,78254,0,0,1677,91618,1091,37792,1677,129410,California
San Francisco,2021-02-16,4992,172255,2727,91736,2265,80519,0,0,2956,92551,2029,39821,2962,132372,California
San Francisco,2021-02-17,5403,177658,2681,94417,2722,83241,0,0,2961,93081,2432,42253,2962,135334,California
San Francisco,2021-02-18,5373,183031,2631,97048,2742,85983,0,0,2804,93319,2569,44822,2807,138141,California
San Francisco,2021-02-19,5637,188668,2645,99693,2992,88975,0,0,2928,93546,2703,47525,2930,141071,California
San Francisco,2021-02-20,4522,193190,2180,101873,2342,91317,0,0,1703,92439,2811,50336,1704,142775,California
San Francisco,2021-02-21,2740,195930,1372,103245,1368,92685,0,0,1143,91992,1591,51927,1144,143919,California
San Francisco,2021-02-22,5101,201031,3176,106421,1925,94610,0,0,2566,92033,2527,54454,2568,146487,California
San Francisco,2021-02-23,5456,206487,3082,109503,2374,96984,0,0,2762,92107,2688,57142,2762,149249,California
San Francisco,2021-02-24,8980,215467,5082,114585,3898,100882,0,0,4790,92718,4180,61322,4791,154040,California
San Francisco,2021-02-25,9770,225237,6866,121451,2904,103786,0,0,6313,95579,3454,64776,6315,160355,California
San Francisco,2021-02-26,11917,237154,7729,129180,4188,107974,0,0,7064,97789,4855,69631,7065,167420,California
San Francisco,2021-02-27,8917,246071,5675,134855,3241,111215,1,1,4511,97911,4391,74022,4513,171933,California
San Francisco,2021-02-28,7720,253791,5543,140398,2177,113392,0,1,3830,97854,3888,77910,3831,175764,California
San Francisco,2021-03-01,10747,264538,7232,147630,3513,116905,2,3,5220,97573,5506,83416,5225,180989,California
San Francisco,2021-03-02,8887,273425,5671,153301,3216,120121,0,3,5152,98999,3727,87143,5153,186142,California
San Francisco,2021-03-03,11037,284462,6341,159642,4695,124816,1,4,6035,100048,4990,92133,6039,192181,California
San Francisco,2021-03-04,8650,293112,5438,165080,3212,128028,0,4,4875,101154,3769,95902,4875,197056,California
San Francisco,2021-03-05,8691,301803,5149,170229,3539,131567,3,7,5455,103393,3220,99122,5459,202515,California
San Francisco,2021-03-06,6891,308694,4438,174667,2244,133811,209,216,4231,105158,2672,101794,4437,206952,California
San Francisco,2021-03-07,5135,313829,3980,178647,1097,134908,58,274,2887,105842,2261,104055,2945,209897,California
San Francisco,2021-03-08,7150,320979,5175,183822,1789,136697,186,460,5594,110035,1587,105642,5780,215677,California
San Francisco,2021-03-09,6732,327711,3950,187772,2406,139103,376,836,4598,112865,2139,107781,4969,220646,California
San Francisco,2021-03-10,10406,338117,5892,193664,4015,143118,499,1335,6358,115697,4027,111808,6859,227505,California
San Francisco,2021-03-11,10042,348159,6352,200016,2727,145845,963,2298,6593,119812,3433,115241,7548,235053,California
San Francisco,2021-03-12,10747,358906,6267,206283,3158,149003,1322,3620,5973,122352,4752,119993,7292,242345,California
San Francisco,2021-03-13,6583,365489,3834,210117,1692,150695,1057,4677,4073,124978,2502,122495,5128,247473,California
San Francisco,2021-03-14,7490,372979,4844,214961,2404,153099,242,4919,4041,125825,3436,125931,4283,251756,California
San Francisco,2021-03-15,11937,384916,9105,224066,1892,154991,940,5859,8266,131364,3658,129589,9197,260953,California
San Francisco,2021-03-16,12073,396989,8197,232263,3417,158408,459,6318,8784,137336,3270,132859,9242,270195,California
San Francisco,2021-03-17,13197,410186,8142,240405,4498,162906,557,6875,9524,143769,3644,136503,10077,280272,California
San Francisco,2021-03-18,9967,420153,6751,247156,2595,165501,621,7496,5677,145798,4265,140768,6294,286566,California
San Francisco,2021-03-19,12021,432174,8704,255860,2852,168353,465,7961,6402,147065,5595,146363,6862,293428,California
San Francisco,2021-03-20,8719,440893,6384,262244,1875,170228,460,8421,5200,149237,3490,149853,5662,299090,California
San Francisco,2021-03-21,6445,447338,5897,268141,413,170641,135,8556,3679,150298,2752,152605,3813,302903,California
San Francisco,2021-03-22,9739,457077,6832,274973,2064,172705,843,9399,5132,151684,4584,157189,5970,308873,California
San Francisco,2021-03-23,11153,468230,7373,282346,3133,175838,647,10046,6709,154624,4413,161602,7353,316226,California
San Francisco,2021-03-24,12282,480512,9391,291737,2356,178194,535,10581,6335,155582,5908,167510,6866,323092,California
San Francisco,2021-03-25,11815,492327,8643,300380,2609,180803,563,11144,5902,156199,5844,173354,6461,329553,California
San Francisco,2021-03-26,11857,504184,8201,308581,3426,184229,230,11374,6109,156818,5717,179071,6336,335889,California
San Francisco,2021-03-27,8639,512823,5761,314342,2530,186759,348,11722,3918,156380,4702,183773,4264,340153,California
San Francisco,2021-03-28,6582,519405,5246,319588,1294,188053,42,11764,3168,156196,3391,187164,3207,343360,California
San Francisco,2021-03-29,11370,530775,7873,327461,3314,191367,183,11947,5096,155226,6248,193412,5278,348638,California
San Francisco,2021-03-30,11496,542271,7181,334642,4025,195392,290,12237,6845,157736,4625,198037,7135,355773,California
San Francisco,2021-03-31,12097,554368,8025,342667,3776,199168,296,12533,5543,157046,6522,204559,5832,361605,California
San Francisco,2021-04-01,13731,568099,7290,349957,4800,203968,1641,14174,5973,156924,7725,212284,7603,369208,California
San Francisco,2021-04-02,14628,582727,6450,356407,6367,210335,1811,15985,6904,157926,7706,219990,8708,377916,California
San Francisco,2021-04-03,10401,593128,4789,361196,3825,214160,1787,17772,4820,158962,5568,225558,6604,384520,California
San Francisco,2021-04-04,8988,602116,4753,365949,2582,216742,1653,19425,3611,158862,5364,230922,5264,389784,California
San Francisco,2021-04-05,15915,618031,9756,375705,4284,221026,1875,21300,6359,157560,9530,240452,8228,398012,California
San Francisco,2021-04-06,15965,633996,9461,385166,4446,225472,2058,23358,6281,156232,9661,250113,8333,406345,California
San Francisco,2021-04-07,16757,650753,9972,395138,4562,230034,2223,25581,7055,155815,9681,259794,9264,415609,California
San Francisco,2021-04-08,14111,664864,6713,401851,3004,233038,4394,29975,4642,155391,9440,269234,9016,424625,California
San Francisco,2021-04-09,15686,680550,7580,409431,4775,237813,3331,33306,6666,156381,8991,278225,9981,434606,California
San Francisco,2021-04-10,13129,693679,5660,415091,5846,243659,1623,34929,7132,159154,5974,284199,8747,443353,California
San Francisco,2021-04-11,9964,703643,7458,422549,1336,244995,1170,36099,5198,160765,4754,288953,6365,449718,California
San Francisco,2021-04-12,10547,714190,6862,429411,2562,247557,1123,37222,4864,161086,5662,294615,5983,455701,California
San Francisco,2021-04-13,10688,724878,7269,436680,3407,250964,12,37234,5409,161252,5259,299874,5425,461126,California
San Francisco,2021-04-14,13267,738145,8007,444687,5259,256223,1,37235,6434,160885,6802,306676,6435,467561,California
San Francisco,2021-04-15,13639,751784,9469,454156,4169,260392,1,37236,8039,163356,5572,312248,8043,475604,California
San Francisco,2021-04-16,12884,764668,8684,462840,4156,264548,44,37280,7650,165845,5209,317457,7698,483302,California
San Francisco,2021-04-17,9999,774667,7284,470124,2714,267262,1,37281,7080,170026,2904,320361,7085,490387,California
San Francisco,2021-04-18,6576,781243,5026,475150,1549,268811,1,37282,4083,171638,2474,322835,4086,494473,California
San Francisco,2021-04-19,10803,792046,8106,483256,2692,271503,5,37287,6959,174783,3829,326664,6974,501447,California
San Francisco,2021-04-20,12259,804305,7159,490415,5099,276602,1,37288,8466,179480,3772,330436,8469,509916,California
San Francisco,2021-04-21,10504,814809,7507,497922,2993,279595,4,37292,6404,181815,4077,334513,6412,516328,California
San Francisco,2021-04-22,10375,825184,7685,505607,2689,282284,1,37293,5999,183468,4353,338866,6006,522334,California
San Francisco,2021-04-23,10307,835491,5936,511543,4371,286655,0,37293,6160,185513,4121,342987,6166,528500,California
San Francisco,2021-04-24,7958,843449,5491,517034,2467,289122,0,37293,4737,187056,3201,346188,4744,533244,California
San Francisco,2021-04-25,5035,848484,4340,521374,689,289811,6,37299,2955,187955,2065,348253,2964,536208,California
San Francisco,2021-04-26,7448,855932,5242,526616,2194,292005,12,37311,3663,187879,3762,352015,3686,539894,California
San Francisco,2021-04-27,7865,863797,5282,531898,2457,294462,126,37437,3920,188011,3923,355938,4055,543949,California
San Francisco,2021-04-28,9204,873001,6521,538419,2493,296955,190,37627,4768,188562,4412,360350,4963,548912,California
San Francisco,2021-04-29,9017,882018,5368,543787,3456,300411,193,37820,4344,188460,4651,365001,4549,553461,California
San Francisco,2021-04-30,10813,892831,5185,548972,5429,305840,199,38019,3976,185839,6801,371802,4180,557641,California
San Francisco,2021-05-01,6826,899657,3573,552545,3140,308980,113,38132,1637,182422,5169,376971,1752,559393,California
San Francisco,2021-05-02,5313,904970,3083,555628,2132,311112,98,38230,975,179169,4329,381300,1076,560469,California
San Francisco,2021-05-03,9608,914578,6556,562184,2882,313994,170,38400,2471,174717,7105,388405,2653,563122,California
San Francisco,2021-05-04,9261,923839,5958,568142,3066,317060,237,38637,2265,170256,6970,395375,2509,565631,California
San Francisco,2021-05-05,8675,932514,6085,574227,2281,319341,309,38946,2154,166250,6473,401848,2467,568098,California
San Francisco,2021-05-06,10555,943069,8493,582720,1623,320964,439,39385,1854,159876,8670,410518,2296,570394,California
San Francisco,2021-05-07,7785,950854,4648,587368,2995,323959,142,39527,1039,154328,6731,417249,1183,571577,California
San Francisco,2021-05-08,6781,957635,2476,589844,4272,328231,33,39560,589,148784,6168,423417,624,572201,California
San Joaquin,2020-12-15,12,12,12,12,0,0,0,0,12,12,0,0,12,12,California
San Joaquin,2020-12-16,306,318,306,318,0,0,0,0,306,318,0,0,306,318,California
San Joaquin,2020-12-17,312,630,312,630,0,0,0,0,312,630,0,0,312,630,California
San Joaquin,2020-12-18,522,1152,518,1148,4,4,0,0,522,1152,0,0,522,1152,California
San Joaquin,2020-12-19,188,1340,188,1336,0,4,0,0,188,1340,0,0,188,1340,California
San Joaquin,2020-12-20,113,1453,112,1448,1,5,0,0,113,1453,0,0,113,1453,California
San Joaquin,2020-12-21,490,1943,490,1938,0,5,0,0,490,1943,0,0,490,1943,California
San Joaquin,2020-12-22,967,2910,847,2785,120,125,0,0,966,2909,0,0,966,2909,California
San Joaquin,2020-12-23,976,3886,917,3702,59,184,0,0,974,3883,0,0,974,3883,California
San Joaquin,2020-12-24,215,4101,187,3889,28,212,0,0,214,4097,0,0,214,4097,California
San Joaquin,2020-12-25,14,4115,14,3903,0,212,0,0,14,4111,0,0,14,4111,California
San Joaquin,2020-12-26,102,4217,30,3933,72,284,0,0,102,4213,0,0,102,4213,California
San Joaquin,2020-12-27,42,4259,29,3962,13,297,0,0,42,4255,0,0,42,4255,California
San Joaquin,2020-12-28,621,4880,420,4382,201,498,0,0,621,4876,0,0,621,4876,California
San Joaquin,2020-12-29,797,5677,671,5053,126,624,0,0,797,5673,0,0,797,5673,California
San Joaquin,2020-12-30,1007,6684,715,5768,292,916,0,0,1005,6678,0,0,1005,6678,California
San Joaquin,2020-12-31,453,7137,202,5970,251,1167,0,0,453,7131,0,0,453,7131,California
San Joaquin,2021-01-01,19,7156,11,5981,8,1175,0,0,19,7150,0,0,19,7150,California
San Joaquin,2021-01-02,261,7417,239,6220,22,1197,0,0,261,7411,0,0,261,7411,California
San Joaquin,2021-01-03,37,7454,19,6239,18,1215,0,0,36,7446,1,1,36,7447,California
San Joaquin,2021-01-04,476,7930,338,6577,138,1353,0,0,474,7919,1,2,474,7921,California
San Joaquin,2021-01-05,976,8906,644,7221,332,1685,0,0,808,8595,168,170,844,8765,California
San Joaquin,2021-01-06,1220,10126,707,7928,513,2198,0,0,917,9217,298,468,920,9685,California
San Joaquin,2021-01-07,1073,11199,679,8607,394,2592,0,0,785,9718,285,753,786,10471,California
San Joaquin,2021-01-08,1191,12390,819,9426,372,2964,0,0,707,9946,483,1236,711,11182,California
San Joaquin,2021-01-09,375,12765,299,9725,76,3040,0,0,246,10063,129,1365,246,11428,California
San Joaquin,2021-01-10,223,12988,115,9840,108,3148,0,0,171,10182,52,1417,171,11599,California
San Joaquin,2021-01-11,1522,14510,1317,11157,205,3353,0,0,859,10446,662,2079,926,12525,California
San Joaquin,2021-01-12,1451,15961,1046,12203,405,3758,0,0,682,10433,765,2844,752,13277,California
San Joaquin,2021-01-13,1523,17484,892,13095,631,4389,0,0,951,10818,571,3415,956,14233,California
San Joaquin,2021-01-14,1650,19134,877,13972,773,5162,0,0,1312,11827,318,3733,1327,15560,California
San Joaquin,2021-01-15,1598,20732,620,14592,978,6140,0,0,1383,13019,201,3934,1393,16953,California
San Joaquin,2021-01-16,1141,21873,193,14785,948,7088,0,0,1113,14105,27,3961,1113,18066,California
San Joaquin,2021-01-17,1614,23487,130,14915,1484,8572,0,0,1576,15645,38,3999,1578,19644,California
San Joaquin,2021-01-18,736,24223,237,15152,499,9071,0,0,616,16145,116,4115,616,20260,California
San Joaquin,2021-01-19,1856,26079,886,16038,970,10041,0,0,1176,16652,675,4790,1182,21442,California
San Joaquin,2021-01-20,2077,28156,1281,17319,796,10837,0,0,1429,17444,643,5433,1435,22877,California
San Joaquin,2021-01-21,1965,30121,892,18211,1073,11910,0,0,1570,18632,388,5821,1576,24453,California
San Joaquin,2021-01-22,1956,32077,913,19124,1043,12953,0,0,1813,20310,138,5959,1816,26269,California
San Joaquin,2021-01-23,893,32970,404,19528,489,13442,0,0,609,20639,283,6242,612,26881,California
San Joaquin,2021-01-24,345,33315,134,19662,211,13653,0,0,324,20944,19,6261,324,27205,California
San Joaquin,2021-01-25,1981,35296,1135,20797,846,14499,0,0,1421,21812,557,6818,1425,28630,California
San Joaquin,2021-01-26,2142,37438,1113,21910,1029,15528,0,0,1534,22745,606,7424,1539,30169,California
San Joaquin,2021-01-27,1723,39161,766,22676,957,16485,0,0,1230,23492,489,7913,1236,31405,California
San Joaquin,2021-01-28,2020,41181,760,23436,1260,17745,0,0,1374,24226,643,8556,1377,32782,California
San Joaquin,2021-01-29,2136,43317,1041,24477,1095,18840,0,0,1791,25684,340,8896,1798,34580,California
San Joaquin,2021-01-30,2161,45478,348,24825,1813,20653,0,0,1987,27501,172,9068,1989,36569,California
San Joaquin,2021-01-31,1553,47031,176,25001,1377,22030,0,0,1491,28932,61,9129,1492,38061,California
San Joaquin,2021-02-01,2486,49517,1312,26313,1174,23204,0,0,1754,29958,731,9860,1757,39818,California
San Joaquin,2021-02-02,2586,52103,1170,27483,1416,24620,0,0,1963,31361,564,10424,1967,41785,California
San Joaquin,2021-02-03,3057,55160,1208,28691,1849,26469,0,0,2194,32704,856,11280,2199,43984,California
San Joaquin,2021-02-04,3433,58593,1712,30403,1721,28190,0,0,2628,34536,800,12080,2632,46616,California
San Joaquin,2021-02-05,3209,61802,1856,32259,1353,29543,0,0,2350,36038,853,12933,2355,48971,California
San Joaquin,2021-02-06,1119,62921,784,33043,335,29878,0,0,944,36811,173,13106,946,49917,California
San Joaquin,2021-02-07,612,63533,485,33528,127,30005,0,0,410,37027,195,13301,411,50328,California
San Joaquin,2021-02-08,1774,65307,1031,34559,743,30748,0,0,1440,38160,312,13613,1445,51773,California
San Joaquin,2021-02-09,2096,67403,1136,35695,960,31708,0,0,1567,39269,459,14072,1568,53341,California
San Joaquin,2021-02-10,2554,69957,1250,36945,1304,33012,0,0,1336,39416,1189,15261,1336,54677,California
San Joaquin,2021-02-11,2929,72886,1504,38449,1425,34437,0,0,1716,39953,1184,16445,1721,56398,California
San Joaquin,2021-02-12,2801,75687,1122,39571,1679,36116,0,0,1586,40343,1201,17646,1591,57989,California
San Joaquin,2021-02-13,2116,77803,398,39969,1718,37834,0,0,853,39950,1252,18898,859,58848,California
San Joaquin,2021-02-14,1902,79705,262,40231,1640,39474,0,0,688,39450,1189,20087,689,59537,California
San Joaquin,2021-02-15,1977,81682,834,41065,1143,40617,0,0,1194,39894,754,20841,1198,60735,California
San Joaquin,2021-02-16,3143,84825,1369,42434,1774,42391,0,0,1739,40248,1392,22233,1746,62481,California
San Joaquin,2021-02-17,3266,88091,1263,43697,2003,44394,0,0,1861,40720,1393,23626,1865,64346,California
San Joaquin,2021-02-18,3321,91412,1365,45062,1956,46350,0,0,1895,41225,1396,25022,1901,66247,California
San Joaquin,2021-02-19,4238,95650,2399,47461,1839,48189,0,0,2387,41813,1799,26821,2387,68634,California
San Joaquin,2021-02-20,1538,97188,651,48112,887,49076,0,0,1063,42402,474,27295,1063,69697,California
San Joaquin,2021-02-21,635,97823,479,48591,156,49232,0,0,402,42575,230,27525,403,70100,California
San Joaquin,2021-02-22,3508,101331,2472,51063,1036,50268,0,0,2516,44134,961,28486,2520,72620,California
San Joaquin,2021-02-23,4280,105611,2603,53666,1677,51945,0,0,2635,45156,1617,30103,2639,75259,California
San Joaquin,2021-02-24,5681,111292,3380,57046,2301,54246,0,0,4094,47687,1565,31668,4096,79355,California
San Joaquin,2021-02-25,6285,117577,3883,60929,2402,56648,0,0,4062,49566,2193,33861,4072,83427,California
San Joaquin,2021-02-26,5441,123018,2841,63770,2600,59248,0,0,3744,51647,1669,35530,3750,87177,California
San Joaquin,2021-02-27,5427,128445,1613,65383,3814,63062,0,0,2602,51482,2778,38308,2613,89790,California
San Joaquin,2021-02-28,3070,131515,1102,66485,1968,65030,0,0,2029,52492,1021,39329,2031,91821,California
San Joaquin,2021-03-01,4068,135583,1791,68276,2277,67307,0,0,2305,53060,1747,41076,2315,94136,California
San Joaquin,2021-03-02,4162,139745,1661,69937,2501,69808,0,0,2612,54195,1532,42608,2667,96803,California
San Joaquin,2021-03-03,5733,145478,3401,73338,2330,72138,2,2,4138,56762,1572,44180,4139,100942,California
San Joaquin,2021-03-04,5660,151138,2244,75582,3413,75551,3,5,3702,58525,1947,46127,3710,104652,California
San Joaquin,2021-03-05,4402,155540,1865,77447,2533,78084,4,9,3037,60220,1350,47477,3045,107697,California
San Joaquin,2021-03-06,3280,158820,2161,79608,989,79073,130,139,2698,62472,579,48056,2831,110528,California
San Joaquin,2021-03-07,1205,160025,552,80160,607,79680,46,185,923,63162,264,48320,954,111482,California
San Joaquin,2021-03-08,3117,163142,1251,81411,1741,81421,125,310,2115,64410,991,49311,2239,113721,California
San Joaquin,2021-03-09,3957,167099,1778,83189,2053,83474,126,436,2620,65837,1322,50633,2749,116470,California
San Joaquin,2021-03-10,4626,171725,2457,85646,2031,85505,138,574,3408,68178,1205,51838,3546,120016,California
San Joaquin,2021-03-11,4918,176643,2331,87977,1988,87493,599,1173,2922,69718,1986,53824,3526,123542,California
San Joaquin,2021-03-12,6243,182886,3118,91095,2793,90286,332,1505,4148,72128,2075,55899,4485,128027,California
San Joaquin,2021-03-13,3050,185936,1446,92541,1478,91764,126,1631,2284,73786,759,56658,2417,130444,California
San Joaquin,2021-03-14,2152,188088,668,93209,1181,92945,303,1934,1038,74021,1110,57768,1345,131789,California
San Joaquin,2021-03-15,6045,194133,3478,96687,2164,95109,403,2337,3174,74765,2846,60614,3590,135379,California
San Joaquin,2021-03-16,6805,200938,3868,100555,2681,97790,256,2593,4020,76277,2772,63386,4284,139663,California
San Joaquin,2021-03-17,7739,208677,4639,105194,3030,100820,70,2663,4307,77265,3398,66784,4386,144049,California
San Joaquin,2021-03-18,7605,216282,4465,109659,2634,103454,506,3169,3764,77738,3804,70588,4277,148326,California
San Joaquin,2021-03-19,7898,224180,4627,114286,2729,106183,542,3711,4790,80029,3088,73676,5379,153705,California
San Joaquin,2021-03-20,3665,227845,2120,116406,1302,107485,243,3954,1821,80275,1829,75505,2075,155780,California
San Joaquin,2021-03-21,2097,229942,1490,117896,401,107886,206,4160,1182,80800,908,76413,1433,157213,California
San Joaquin,2021-03-22,3942,233884,2013,119909,1513,109399,416,4576,2339,81969,1591,78004,2760,159973,California
San Joaquin,2021-03-23,5350,239234,2622,122531,2561,111960,167,4743,3706,84220,1627,79631,3878,163851,California
San Joaquin,2021-03-24,6796,246030,4220,126751,2490,114450,86,4829,3025,83595,3744,83375,3119,166970,California
San Joaquin,2021-03-25,5504,251534,3260,130011,2202,116652,42,4871,3279,84718,2205,85580,3328,170298,California
San Joaquin,2021-03-26,6123,257657,2528,132539,3446,120098,149,5020,3233,85249,2870,88450,3401,173699,California
San Joaquin,2021-03-27,4594,262251,2606,135145,1945,122043,43,5063,1799,84332,2774,91224,1857,175556,California
San Joaquin,2021-03-28,2694,264945,1785,136930,884,122927,25,5088,1287,84346,1388,92612,1402,176958,California
San Joaquin,2021-03-29,3999,268944,2158,139088,1819,124746,22,5110,2011,84427,1977,94589,2058,179016,California
San Joaquin,2021-03-30,6174,275118,3141,142229,2941,127687,92,5202,3434,85263,2716,97305,3552,182568,California
San Joaquin,2021-03-31,6543,281661,4121,146350,2363,130050,59,5261,3321,85467,3206,100511,3410,185978,California
San Joaquin,2021-04-01,6326,287987,2936,149286,3309,133359,81,5342,2800,84904,3510,104021,2947,188925,California
San Joaquin,2021-04-02,6289,294276,2864,152150,2936,136295,489,5831,2507,84180,3761,107782,3037,191962,California
San Joaquin,2021-04-03,4105,298381,2312,154462,1467,137762,326,6157,1981,84388,2107,109889,2315,194277,California
San Joaquin,2021-04-04,2261,300642,1348,155810,711,138473,202,6359,1541,85430,712,110601,1754,196031,California
San Joaquin,2021-04-05,4448,305090,2810,158620,1468,139941,170,6529,2615,86404,1826,112427,2800,198831,California
San Joaquin,2021-04-06,6989,312079,4494,163114,2235,142176,260,6789,3327,86363,3640,116067,3599,202430,California
San Joaquin,2021-04-07,8275,320354,4500,167614,2204,144380,1571,8360,3485,86658,4776,120843,5071,207501,California
San Joaquin,2021-04-08,8624,328978,4670,172284,1935,146315,2019,10379,3295,86668,5306,126149,5316,212817,California
San Joaquin,2021-04-09,8773,337751,4237,176521,2989,149304,1547,11926,3165,85811,5588,131737,4731,217548,California
San Joaquin,2021-04-10,5158,342909,1620,178141,1635,150939,1903,13829,1720,86000,3432,135169,3621,221169,California
San Joaquin,2021-04-11,4007,346916,1539,179680,1303,152242,1165,14994,1704,86572,2292,137461,2864,224033,California
San Joaquin,2021-04-12,5924,352840,2348,182028,2046,154288,1530,16524,2305,86809,3603,141064,3840,227873,California
San Joaquin,2021-04-13,7411,360251,4271,186299,3135,157423,5,16529,4543,88516,2849,143913,4556,232429,California
San Joaquin,2021-04-14,7237,367488,3671,189970,3566,160989,0,16529,4262,89833,2954,146867,4271,236700,California
San Joaquin,2021-04-15,7676,375164,4512,194482,3164,164153,0,16529,4271,90737,3373,150240,4277,240977,California
San Joaquin,2021-04-16,7036,382200,3596,198078,3437,167590,3,16532,4067,91876,2942,153182,4081,245058,California
San Joaquin,2021-04-17,4994,387194,2647,200725,2345,169935,2,16534,3514,93936,1472,154654,3532,248590,California
San Joaquin,2021-04-18,2429,389623,1338,202063,1091,171026,0,16534,1301,94131,1113,155767,1308,249898,California
San Joaquin,2021-04-19,5055,394678,2708,204771,2347,173373,0,16534,2706,94520,2327,158094,2716,252614,California
San Joaquin,2021-04-20,6145,400823,3209,207980,2936,176309,0,16534,2898,94205,3224,161318,2909,255523,California
San Joaquin,2021-04-21,5275,406098,2773,210753,2502,178811,0,16534,2883,94746,2348,163666,2889,258412,California
San Joaquin,2021-04-22,5115,411213,2978,213731,2137,180948,0,16534,2938,95540,2152,165818,2946,261358,California
San Joaquin,2021-04-23,5775,416988,2734,216465,3040,183988,1,16535,3658,97105,2099,167917,3664,265022,California
San Joaquin,2021-04-24,5151,422139,3538,220003,1612,185600,1,16536,3355,98690,1776,169693,3361,268383,California
San Joaquin,2021-04-25,2945,425084,2474,222477,471,186071,0,16536,1924,99612,1008,170701,1930,270313,California
San Joaquin,2021-04-26,3674,428758,2430,224907,1243,187314,1,16537,1945,99842,1719,172420,1949,272262,California
San Joaquin,2021-04-27,4157,432915,2425,227332,1683,188997,49,16586,1768,99296,2371,174791,1825,274087,California
San Joaquin,2021-04-28,5445,438360,3261,230593,2109,191106,75,16661,2678,99318,2739,177530,2761,276848,California
San Joaquin,2021-04-29,4727,443087,2736,233329,1936,193042,55,16716,2420,99510,2289,179819,2481,279329,California
San Joaquin,2021-04-30,4828,447915,2333,235662,2429,195471,66,16782,2505,99781,2308,182127,2579,281908,California
San Joaquin,2021-05-01,3272,451187,1874,237536,1339,196810,59,16841,2078,100743,1188,183315,2150,284058,California
San Joaquin,2021-05-02,2166,453353,1472,239008,639,197449,55,16896,1060,100759,1101,184416,1117,285175,California
San Joaquin,2021-05-03,3127,456480,2091,241099,966,198415,70,16966,1317,100356,1800,186216,1397,286572,California
San Joaquin,2021-05-04,4759,461239,3242,244341,1368,199783,149,17115,1740,99251,3004,189220,1899,288471,California
San Joaquin,2021-05-05,4456,465695,2974,247315,1328,201111,154,17269,1749,98474,2687,191907,1910,290381,California
San Joaquin,2021-05-06,4171,469866,2728,250043,1317,202428,126,17395,1945,98338,2213,194120,2077,292458,California
San Joaquin,2021-05-07,2993,472859,1348,251391,1548,203976,97,17492,1151,97761,1832,195952,1255,293713,California
San Joaquin,2021-05-08,1734,474593,1155,252546,519,204495,60,17552,591,97284,1135,197087,658,294371,California
San Luis Obispo,2020-12-16,4,4,4,4,0,0,0,0,4,4,0,0,4,4,California
San Luis Obispo,2020-12-17,196,200,196,200,0,0,0,0,196,200,0,0,196,200,California
San Luis Obispo,2020-12-18,224,424,224,424,0,0,0,0,224,424,0,0,224,424,California
San Luis Obispo,2020-12-19,162,586,162,586,0,0,0,0,162,586,0,0,162,586,California
San Luis Obispo,2020-12-20,215,801,215,801,0,0,0,0,215,801,0,0,215,801,California
San Luis Obispo,2020-12-21,549,1350,548,1349,1,1,0,0,549,1350,0,0,549,1350,California
San Luis Obispo,2020-12-22,308,1658,304,1653,4,5,0,0,308,1658,0,0,308,1658,California
San Luis Obispo,2020-12-23,682,2340,368,2021,314,319,0,0,682,2340,0,0,682,2340,California
San Luis Obispo,2020-12-24,194,2534,19,2040,175,494,0,0,194,2534,0,0,194,2534,California
San Luis Obispo,2020-12-25,2,2536,1,2041,1,495,0,0,2,2536,0,0,2,2536,California
San Luis Obispo,2020-12-26,89,2625,12,2053,77,572,0,0,89,2625,0,0,89,2625,California
San Luis Obispo,2020-12-27,76,2701,0,2053,76,648,0,0,76,2701,0,0,76,2701,California
San Luis Obispo,2020-12-28,880,3581,430,2483,450,1098,0,0,880,3581,0,0,880,3581,California
San Luis Obispo,2020-12-29,903,4484,502,2985,401,1499,0,0,903,4484,0,0,903,4484,California
San Luis Obispo,2020-12-30,1172,5656,681,3666,491,1990,0,0,1172,5656,0,0,1172,5656,California
San Luis Obispo,2020-12-31,107,5763,4,3670,103,2093,0,0,107,5763,0,0,107,5763,California
San Luis Obispo,2021-01-01,13,5776,8,3678,5,2098,0,0,13,5776,0,0,13,5776,California
San Luis Obispo,2021-01-02,33,5809,8,3686,25,2123,0,0,33,5809,0,0,33,5809,California
San Luis Obispo,2021-01-03,16,5825,6,3692,10,2133,0,0,16,5825,0,0,16,5825,California
San Luis Obispo,2021-01-04,678,6503,524,4216,154,2287,0,0,678,6503,0,0,678,6503,California
San Luis Obispo,2021-01-05,974,7477,756,4972,218,2505,0,0,972,7473,2,2,972,7475,California
San Luis Obispo,2021-01-06,725,8202,480,5452,245,2750,0,0,717,8183,7,9,717,8192,California
San Luis Obispo,2021-01-07,1126,9328,948,6400,178,2928,0,0,683,8423,443,452,683,8875,California
San Luis Obispo,2021-01-08,882,10210,804,7204,78,3006,0,0,513,8568,368,820,513,9388,California
San Luis Obispo,2021-01-09,204,10414,195,7399,9,3015,0,0,27,8418,177,997,27,9415,California
San Luis Obispo,2021-01-10,12,10426,8,7407,4,3019,0,0,8,8422,4,1001,8,9423,California
San Luis Obispo,2021-01-11,559,10985,508,7915,51,3070,0,0,299,8462,259,1260,299,9722,California
San Luis Obispo,2021-01-12,597,11582,380,8295,217,3287,0,0,319,8503,278,1538,319,10041,California
San Luis Obispo,2021-01-13,885,12467,256,8551,629,3916,0,0,646,8912,237,1775,646,10687,California
San Luis Obispo,2021-01-14,729,13196,244,8795,485,4401,0,0,604,9404,112,1887,604,11291,California
San Luis Obispo,2021-01-15,729,13925,288,9083,441,4842,0,0,554,9788,170,2057,554,11845,California
San Luis Obispo,2021-01-16,100,14025,81,9164,19,4861,0,0,95,9878,5,2062,95,11940,California
San Luis Obispo,2021-01-17,67,14092,61,9225,6,4867,0,0,67,9945,0,2062,67,12007,California
San Luis Obispo,2021-01-18,1371,15463,389,9614,982,5849,0,0,1109,10792,262,2324,1109,13116,California
San Luis Obispo,2021-01-19,1584,17047,417,10031,1167,7016,0,0,1176,11560,408,2732,1176,14292,California
San Luis Obispo,2021-01-20,1884,18931,596,10627,1288,8304,0,0,1293,12265,589,3321,1294,15586,California
San Luis Obispo,2021-01-21,1570,20501,466,11093,1104,9408,0,0,1197,13094,369,3690,1198,16784,California
San Luis Obispo,2021-01-22,1521,22022,509,11602,1012,10420,0,0,1206,13987,313,4003,1206,17990,California
San Luis Obispo,2021-01-23,312,22334,294,11896,18,10438,0,0,296,14267,16,4019,296,18286,California
San Luis Obispo,2021-01-24,245,22579,237,12133,8,10446,0,0,239,14500,6,4025,239,18525,California
San Luis Obispo,2021-01-25,2074,24653,606,12739,1468,11914,0,0,1244,14914,830,4855,1244,19769,California
San Luis Obispo,2021-01-26,2002,26655,704,13443,1298,13212,0,0,1135,15182,867,5722,1135,20904,California
San Luis Obispo,2021-01-27,1611,28266,284,13727,1327,14539,0,0,1152,15875,459,6181,1152,22056,California
San Luis Obispo,2021-01-28,1489,29755,342,14069,1147,15686,0,0,1228,16843,260,6441,1228,23284,California
San Luis Obispo,2021-01-29,1735,31490,681,14750,1054,16740,0,0,1451,18010,284,6725,1451,24735,California
San Luis Obispo,2021-01-30,37,31527,18,14768,19,16759,0,0,26,18026,10,6735,26,24761,California
San Luis Obispo,2021-01-31,28,31555,20,14788,8,16767,0,0,25,18048,3,6738,25,24786,California
San Luis Obispo,2021-02-01,1702,33257,737,15525,965,17732,0,0,1400,19147,301,7039,1400,26186,California
San Luis Obispo,2021-02-02,1895,35152,677,16202,1218,18950,0,0,1521,20294,374,7413,1521,27707,California
San Luis Obispo,2021-02-03,1706,36858,728,16930,978,19928,0,0,1293,21174,413,7826,1293,29000,California
San Luis Obispo,2021-02-04,1659,38517,801,17731,858,20786,0,0,1092,21699,567,8393,1092,30092,California
San Luis Obispo,2021-02-05,1603,40120,717,18448,886,21672,0,0,1058,22212,546,8939,1059,31151,California
San Luis Obispo,2021-02-06,159,40279,92,18540,67,21739,0,0,93,22239,66,9005,93,31244,California
San Luis Obispo,2021-02-07,144,40423,99,18639,45,21784,0,0,74,22244,70,9075,75,31319,California
San Luis Obispo,2021-02-08,858,41281,470,19109,388,22172,0,0,498,22383,359,9434,498,31817,California
San Luis Obispo,2021-02-09,1123,42404,449,19558,674,22846,0,0,542,22357,575,10009,549,32366,California
San Luis Obispo,2021-02-10,1429,43833,487,20045,942,23788,0,0,523,21980,903,10912,526,32892,California
San Luis Obispo,2021-02-11,1330,45163,844,20889,486,24274,0,0,655,21963,672,11584,655,33547,California
San Luis Obispo,2021-02-12,786,45949,363,21252,423,24697,0,0,417,22011,369,11953,417,33964,California
San Luis Obispo,2021-02-13,393,46342,127,21379,266,24963,0,0,285,22189,107,12060,285,34249,California
San Luis Obispo,2021-02-14,318,46660,41,21420,277,25240,0,0,282,22436,36,12096,283,34532,California
San Luis Obispo,2021-02-15,725,47385,137,21557,588,25828,0,0,469,22652,253,12349,469,35001,California
San Luis Obispo,2021-02-16,2963,50348,1196,22753,1767,27595,0,0,1360,22415,1597,13946,1360,36361,California
San Luis Obispo,2021-02-17,2776,53124,1238,23991,1538,29133,0,0,1029,21706,1738,15684,1029,37390,California
San Luis Obispo,2021-02-18,2822,55946,1456,25447,1366,30499,0,0,1132,21157,1682,17366,1133,38523,California
San Luis Obispo,2021-02-19,1455,57401,1335,26782,120,30619,0,0,1132,21967,322,17688,1132,39655,California
San Luis Obispo,2021-02-20,252,57653,81,26863,171,30790,0,0,215,22145,37,17725,215,39870,California
San Luis Obispo,2021-02-21,54,57707,50,26913,4,30794,0,0,31,22153,23,17748,31,39901,California
San Luis Obispo,2021-02-22,2403,60110,1858,28771,545,31339,0,0,1459,22669,944,18692,1460,41361,California
San Luis Obispo,2021-02-23,1854,61964,1739,30510,115,31454,0,0,1361,23539,492,19184,1362,42723,California
San Luis Obispo,2021-02-24,2643,64607,1300,31810,1343,32797,0,0,835,22569,1805,20989,835,43558,California
San Luis Obispo,2021-02-25,2128,66735,1242,33052,886,33683,0,0,1204,22857,917,21906,1205,44763,California
San Luis Obispo,2021-02-26,2644,69379,1148,34200,1496,35179,0,0,1324,22869,1312,23218,1324,46087,California
San Luis Obispo,2021-02-27,565,69944,339,34539,226,35405,0,0,519,23342,46,23264,519,46606,California
San Luis Obispo,2021-02-28,200,70144,73,34612,127,35532,0,0,163,23472,33,23297,163,46769,California
San Luis Obispo,2021-03-01,2960,73104,1844,36456,1115,36647,1,1,2036,24585,925,24222,2038,48807,California
San Luis Obispo,2021-03-02,2986,76090,1886,38342,1100,37747,0,1,1842,25288,1140,25362,1843,50650,California
San Luis Obispo,2021-03-03,2274,78364,332,38674,1942,39689,0,1,826,24673,1442,26804,827,51477,California
San Luis Obispo,2021-03-04,2179,80543,1150,39824,1029,40718,0,1,1166,24830,1011,27815,1168,52645,California
San Luis Obispo,2021-03-05,2295,82838,1018,40842,1207,41925,70,71,1291,25202,989,28804,1361,54006,California
San Luis Obispo,2021-03-06,833,83671,309,41151,417,42342,107,178,613,25696,220,29024,714,54720,California
San Luis Obispo,2021-03-07,199,83870,32,41183,83,42425,84,262,70,25723,128,29152,155,54875,California
San Luis Obispo,2021-03-08,2727,86597,754,41937,1659,44084,314,576,1540,26392,1184,30336,1853,56728,California
San Luis Obispo,2021-03-09,2916,89513,955,42892,1724,45808,237,813,1506,26729,1407,31743,1744,58472,California
San Luis Obispo,2021-03-10,3179,92692,1238,44130,1671,47479,270,1083,1815,27454,1360,33103,2085,60557,California
San Luis Obispo,2021-03-11,3104,95796,1273,45403,1529,49008,302,1385,1699,28058,1396,34499,2000,62557,California
San Luis Obispo,2021-03-12,3210,99006,1281,46684,1591,50599,338,1723,1596,28389,1606,36105,1937,64494,California
San Luis Obispo,2021-03-13,794,99800,262,46946,423,51022,109,1832,431,28566,362,36467,539,65033,California
San Luis Obispo,2021-03-14,514,100314,53,46999,350,51372,111,1943,135,28434,378,36845,246,65279,California
San Luis Obispo,2021-03-15,3054,103368,1096,48095,1860,53232,98,2041,1532,28546,1518,38363,1630,66909,California
San Luis Obispo,2021-03-16,2838,106206,1509,49604,1229,54461,100,2141,1442,28697,1390,39753,1541,68450,California
San Luis Obispo,2021-03-17,3421,109627,1446,51050,1714,56175,261,2402,1976,29498,1435,41188,2236,70686,California
San Luis Obispo,2021-03-18,2788,112415,1446,52496,1149,57324,193,2595,1338,29583,1446,42634,1531,72217,California
San Luis Obispo,2021-03-19,2584,114999,1562,54058,701,58025,321,2916,962,29254,1614,44248,1285,73502,California
San Luis Obispo,2021-03-20,833,115832,496,54554,300,58325,37,2953,385,29228,448,44696,422,73924,California
San Luis Obispo,2021-03-21,186,116018,45,54599,138,58463,3,2956,157,29359,29,44725,160,74084,California
San Luis Obispo,2021-03-22,2684,118702,1169,55768,1467,59930,48,3004,1864,30456,815,45540,1912,75996,California
San Luis Obispo,2021-03-23,3357,122059,2210,57978,1129,61059,18,3022,2265,31651,1088,46628,2283,78279,California
San Luis Obispo,2021-03-24,3485,125544,2131,60109,1284,62343,70,3092,2616,33472,864,47492,2685,80964,California
San Luis Obispo,2021-03-25,3659,129203,2287,62396,1360,63703,12,3104,2634,35096,1021,48513,2645,83609,California
San Luis Obispo,2021-03-26,3131,132334,1755,64151,956,64659,420,3524,1749,35888,1377,49890,2169,85778,California
San Luis Obispo,2021-03-27,993,133327,508,64659,393,65052,92,3616,452,35893,539,50429,544,86322,California
San Luis Obispo,2021-03-28,443,133770,151,64810,236,65288,56,3672,242,35990,201,50630,298,86620,California
San Luis Obispo,2021-03-29,2575,136345,1275,66085,1167,66455,133,3805,1651,36864,910,51540,1784,88404,California
San Luis Obispo,2021-03-30,3494,139839,1907,67992,1446,67901,141,3946,2345,38203,1145,52685,2484,90888,California
San Luis Obispo,2021-03-31,3835,143674,2453,70445,1235,69136,147,4093,2472,39468,1353,54038,2618,93506,California
San Luis Obispo,2021-04-01,3797,147471,2417,72862,1286,70422,94,4187,2685,41143,1103,55141,2778,96284,California
San Luis Obispo,2021-04-02,1750,149221,686,73548,753,71175,311,4498,953,41609,796,55937,1262,97546,California
San Luis Obispo,2021-04-03,1102,150323,554,74102,421,71596,127,4625,486,41610,612,56549,613,98159,California
San Luis Obispo,2021-04-04,380,150703,130,74232,210,71806,40,4665,234,41738,146,56695,274,98433,California
San Luis Obispo,2021-04-05,3601,154304,1944,76176,1547,73353,110,4775,2041,42330,1557,58252,2149,100582,California
San Luis Obispo,2021-04-06,4017,158321,2146,78322,1561,74914,310,5085,1953,42537,2056,60308,2263,102845,California
San Luis Obispo,2021-04-07,4264,162585,2341,80663,1583,76497,340,5425,2470,43565,1780,62088,2808,105653,California
San Luis Obispo,2021-04-08,4008,166593,2196,82859,1422,77919,390,5815,2178,44310,1823,63911,2568,108221,California
San Luis Obispo,2021-04-09,3633,170226,1732,84591,1157,79076,744,6559,1538,44502,2086,65997,2278,110499,California
San Luis Obispo,2021-04-10,1570,171796,557,85148,351,79427,662,7221,481,44555,1088,67085,1141,111640,California
San Luis Obispo,2021-04-11,311,172107,63,85211,185,79612,63,7284,124,44557,185,67270,187,111827,California
San Luis Obispo,2021-04-12,3371,175478,1696,86907,1512,81124,163,7447,1415,44178,1956,69226,1577,113404,California
San Luis Obispo,2021-04-13,3640,179118,2096,89003,1543,82667,1,7448,1970,44483,1667,70893,1972,115376,California
San Luis Obispo,2021-04-14,2845,181963,1680,90683,1162,83829,3,7451,1661,44973,1173,72066,1663,117039,California
San Luis Obispo,2021-04-15,3664,185627,2374,93057,1289,85118,1,7452,1958,45244,1689,73755,1960,118999,California
San Luis Obispo,2021-04-16,3602,189229,2189,95246,1410,86528,3,7455,1797,45241,1802,75557,1799,120798,California
San Luis Obispo,2021-04-17,1098,190327,433,95679,663,87191,2,7457,716,45579,380,75937,718,121516,California
San Luis Obispo,2021-04-18,318,190645,96,95775,221,87412,1,7458,109,45482,207,76144,110,121626,California
San Luis Obispo,2021-04-19,3071,193716,1284,97059,1749,89161,38,7496,1129,44711,1939,78083,1168,122794,California
San Luis Obispo,2021-04-20,3548,197264,1931,98990,1617,90778,0,7496,1371,43917,2165,80248,1371,124165,California
San Luis Obispo,2021-04-21,3894,201158,1786,100776,2108,92886,0,7496,1625,43289,2253,82501,1625,125790,California
San Luis Obispo,2021-04-22,4555,205713,2052,102828,2503,95389,0,7496,1498,41747,3042,85543,1500,127290,California
San Luis Obispo,2021-04-23,1464,207177,848,103676,612,96001,4,7500,701,41702,757,86300,712,128002,California
San Luis Obispo,2021-04-24,1083,208260,444,104120,620,96621,19,7519,494,41632,583,86883,513,128515,California
San Luis Obispo,2021-04-25,344,208604,162,104282,182,96803,0,7519,113,41515,230,87113,113,128628,California
San Luis Obispo,2021-04-26,912,209516,292,104574,603,97406,17,7536,334,41299,566,87679,350,128978,California
San Luis Obispo,2021-04-27,3591,213107,1841,106415,1683,99089,67,7603,1372,40525,2212,89891,1438,130416,California
San Luis Obispo,2021-04-28,3706,216813,2081,108496,1553,100642,72,7675,1277,39458,2416,92307,1349,131765,California
San Luis Obispo,2021-04-29,3618,220431,2094,110590,1454,102096,70,7745,1181,38285,2425,94732,1252,133017,California
San Luis Obispo,2021-04-30,2934,223365,1641,112231,1220,103316,73,7818,911,37258,2010,96742,983,134000,California
San Luis Obispo,2021-05-01,465,223830,158,112389,271,103587,36,7854,97,37030,360,97102,132,134132,California
San Luis Obispo,2021-05-02,168,223998,52,112441,96,103683,20,7874,42,36966,126,97228,62,134194,California
San Luis Obispo,2021-05-03,881,224879,289,112730,493,104176,99,7973,225,36637,652,97880,323,134517,California
San Luis Obispo,2021-05-04,2919,227798,1885,114615,968,105144,66,8039,863,35515,2049,99929,927,135444,California
San Luis Obispo,2021-05-05,2794,230592,1851,116466,882,106026,61,8100,700,34194,2083,102012,762,136206,California
San Luis Obispo,2021-05-06,2741,233333,1866,118332,824,106850,51,8151,718,32954,2008,104020,768,136974,California
San Luis Obispo,2021-05-07,1881,235214,1501,119833,356,107206,24,8175,488,32097,1370,105390,513,137487,California
San Luis Obispo,2021-05-08,126,235340,16,119849,106,107312,4,8179,66,32123,44,105434,70,137557,California
San Mateo,2020-12-15,26,26,26,26,0,0,0,0,26,26,0,0,26,26,California
San Mateo,2020-12-16,110,136,110,136,0,0,0,0,110,136,0,0,110,136,California
San Mateo,2020-12-17,164,300,164,300,0,0,0,0,164,300,0,0,164,300,California
San Mateo,2020-12-18,741,1041,739,1039,2,2,0,0,741,1041,0,0,741,1041,California
San Mateo,2020-12-19,513,1554,513,1552,0,2,0,0,513,1554,0,0,513,1554,California
San Mateo,2020-12-20,511,2065,509,2061,2,4,0,0,511,2065,0,0,511,2065,California
San Mateo,2020-12-21,1155,3220,1155,3216,0,4,0,0,1155,3220,0,0,1155,3220,California
San Mateo,2020-12-22,1522,4742,1515,4731,7,11,0,0,1522,4742,0,0,1522,4742,California
San Mateo,2020-12-23,1575,6317,1386,6117,189,200,0,0,1575,6317,0,0,1575,6317,California
San Mateo,2020-12-24,868,7185,611,6728,257,457,0,0,868,7185,0,0,868,7185,California
San Mateo,2020-12-25,115,7300,111,6839,4,461,0,0,115,7300,0,0,115,7300,California
San Mateo,2020-12-26,561,7861,418,7257,143,604,0,0,561,7861,0,0,561,7861,California
San Mateo,2020-12-27,307,8168,176,7433,131,735,0,0,307,8168,0,0,307,8168,California
San Mateo,2020-12-28,1050,9218,704,8137,346,1081,0,0,1050,9218,0,0,1050,9218,California
San Mateo,2020-12-29,1129,10347,705,8842,424,1505,0,0,1129,10347,0,0,1129,10347,California
San Mateo,2020-12-30,1264,11611,760,9602,504,2009,0,0,1264,11611,0,0,1264,11611,California
San Mateo,2020-12-31,716,12327,231,9833,485,2494,0,0,715,12325,1,1,715,12326,California
San Mateo,2021-01-01,60,12387,43,9876,17,2511,0,0,60,12385,0,1,60,12386,California
San Mateo,2021-01-02,400,12787,270,10146,130,2641,0,0,400,12785,0,1,400,12786,California
San Mateo,2021-01-03,283,13070,208,10354,75,2716,0,0,280,13062,3,4,280,13066,California
San Mateo,2021-01-04,1053,14123,680,11034,373,3089,0,0,1053,14115,0,4,1053,14119,California
San Mateo,2021-01-05,1201,15324,705,11739,496,3585,0,0,1172,15259,29,33,1173,15292,California
San Mateo,2021-01-06,1447,16771,950,12689,497,4082,0,0,1266,16347,179,212,1267,16559,California
San Mateo,2021-01-07,1457,18228,811,13500,646,4728,0,0,1167,17232,283,495,1168,17727,California
San Mateo,2021-01-08,1840,20068,1191,14691,649,5377,0,0,1141,17682,692,1187,1142,18869,California
San Mateo,2021-01-09,1180,21248,776,15467,404,5781,0,0,722,17946,458,1645,722,19591,California
San Mateo,2021-01-10,704,21952,575,16042,129,5910,0,0,266,17774,438,2083,266,19857,California
San Mateo,2021-01-11,2593,24545,1485,17527,1108,7018,0,0,1527,18236,1067,3150,1529,21386,California
San Mateo,2021-01-12,3285,27830,1777,19304,1508,8526,0,0,2100,19156,1183,4333,2103,23489,California
San Mateo,2021-01-13,3482,31312,1753,21057,1729,10255,0,0,2447,20571,1035,5368,2450,25939,California
San Mateo,2021-01-14,3777,35089,1584,22641,2193,12448,0,0,3091,22981,686,6054,3096,29035,California
San Mateo,2021-01-15,4328,39417,1709,24350,2619,15067,0,0,3800,26257,526,6580,3802,32837,California
San Mateo,2021-01-16,3086,42503,776,25126,2310,17377,0,0,2766,28703,320,6900,2766,35603,California
San Mateo,2021-01-17,1312,43815,310,25436,1002,18379,0,0,1102,29595,210,7110,1102,36705,California
San Mateo,2021-01-18,1364,45179,533,25969,831,19210,0,0,990,30218,371,7481,994,37699,California
San Mateo,2021-01-19,2797,47976,1785,27754,1012,20222,0,0,2004,31432,790,8271,2004,39703,California
San Mateo,2021-01-20,2798,50774,1543,29297,1255,21477,0,0,1953,32544,842,9113,1954,41657,California
San Mateo,2021-01-21,2845,53619,1296,30593,1549,23026,0,0,2253,34210,590,9703,2256,43913,California
San Mateo,2021-01-22,2796,56415,1136,31729,1660,24686,0,0,2497,36411,297,10000,2498,46411,California
San Mateo,2021-01-23,2885,59300,1690,33419,1195,25881,0,0,2521,38569,364,10364,2522,48933,California
San Mateo,2021-01-24,1520,60820,375,33794,1145,27026,0,0,1209,39468,310,10674,1209,50142,California
San Mateo,2021-01-25,4433,65253,3149,36943,1284,28310,0,0,3538,42116,893,11567,3541,53683,California
San Mateo,2021-01-26,4294,69547,2979,39922,1315,29625,0,0,3391,44605,902,12469,3391,57074,California
San Mateo,2021-01-27,2791,72338,1473,41395,1318,30943,0,0,1794,45410,990,13459,1795,58869,California
San Mateo,2021-01-28,2804,75142,1357,42752,1447,32390,0,0,1953,46527,836,14295,1953,60822,California
San Mateo,2021-01-29,2985,78127,1340,44092,1645,34035,0,0,2152,47852,830,15125,2155,62977,California
San Mateo,2021-01-30,3373,81500,1476,45568,1897,35932,0,0,2916,50313,456,15581,2917,65894,California
San Mateo,2021-01-31,1681,83181,897,46465,784,36716,0,0,1518,51670,161,15742,1518,67412,California
San Mateo,2021-02-01,2926,86107,1345,47810,1581,38297,0,0,2218,53185,704,16446,2219,69631,California
San Mateo,2021-02-02,3178,89285,1731,49541,1447,39744,0,0,2158,54326,1017,17463,2158,71789,California
San Mateo,2021-02-03,4881,94166,1950,51491,2931,42675,0,0,3828,57105,1050,18513,3829,75618,California
San Mateo,2021-02-04,6296,100462,2592,54083,3704,46379,0,0,4938,60694,1352,19865,4941,80559,California
San Mateo,2021-02-05,6800,107262,2551,56634,4249,50628,0,0,4976,63863,1807,21672,4976,85535,California
San Mateo,2021-02-06,3281,110543,1916,58550,1365,51993,0,0,2616,65817,664,22336,2618,88153,California
San Mateo,2021-02-07,1896,112439,1342,59892,554,52547,0,0,1709,67339,187,22523,1709,89862,California
San Mateo,2021-02-08,5279,117718,2248,62140,3031,55578,0,0,3107,68338,2108,24631,3107,92969,California
San Mateo,2021-02-09,6188,123906,3224,65364,2964,58542,0,0,3341,68837,2842,27473,3341,96310,California
San Mateo,2021-02-10,6500,130406,3272,68636,3228,61770,0,0,3427,69200,3064,30537,3427,99737,California
San Mateo,2021-02-11,7057,137463,3582,72218,3475,65245,0,0,3803,69761,3245,33782,3806,103543,California
San Mateo,2021-02-12,6620,144083,2951,75169,3669,68914,0,0,4699,72543,1919,35701,4701,108244,California
San Mateo,2021-02-13,6095,150178,3994,79163,2101,71015,0,0,2641,71734,3450,39151,2641,110885,California
San Mateo,2021-02-14,4633,154811,3018,82181,1615,72630,0,0,1985,71076,2644,41795,1986,112871,California
San Mateo,2021-02-15,3166,157977,1459,83640,1707,74337,0,0,1784,71483,1378,43173,1785,114656,California
San Mateo,2021-02-16,7151,165128,1875,85515,5276,79613,0,0,5283,74901,1867,45040,5285,119941,California
San Mateo,2021-02-17,7056,172184,1937,87452,5119,84732,0,0,5060,77972,1991,47031,5062,125003,California
San Mateo,2021-02-18,6698,178882,4626,92078,2072,86804,0,0,4449,80180,2244,49275,4452,129455,California
San Mateo,2021-02-19,7809,186691,5610,97688,2199,89003,0,0,5814,84005,1989,51264,5814,135269,California
San Mateo,2021-02-20,3734,190425,2419,100107,1315,90318,0,0,2308,84894,1419,52683,2308,137577,California
San Mateo,2021-02-21,2307,192732,1466,101573,841,91159,0,0,1262,85116,1040,53723,1262,138839,California
San Mateo,2021-02-22,4420,197152,3197,104770,1223,92382,0,0,2780,86263,1634,55357,2781,141620,California
San Mateo,2021-02-23,4290,201442,3045,107815,1245,93627,0,0,2482,86944,1801,57158,2482,144102,California
San Mateo,2021-02-24,7271,208713,3254,111069,4017,97644,0,0,4847,89373,2419,59577,4848,148950,California
San Mateo,2021-02-25,9087,217800,4012,115081,5075,102719,0,0,6014,92329,3058,62635,6014,154964,California
San Mateo,2021-02-26,9770,227570,3718,118799,6052,108771,0,0,6846,96268,2911,65546,6850,161814,California
San Mateo,2021-02-27,6680,234250,3412,122211,3267,112038,1,1,3633,96865,3042,68588,3639,165453,California
San Mateo,2021-02-28,4122,238372,2505,124716,1617,113655,0,1,2553,97855,1564,70152,2554,168007,California
San Mateo,2021-03-01,5651,244023,3535,128251,2115,115770,1,2,2797,97811,2842,72994,2798,170805,California
San Mateo,2021-03-02,5795,249818,3986,132237,1808,117578,1,3,3337,98700,2450,75444,3339,174144,California
San Mateo,2021-03-03,8349,258167,3902,136139,4445,122023,2,5,3605,97576,4732,80176,3608,177752,California
San Mateo,2021-03-04,8419,266586,3938,140077,4479,126502,2,7,3801,96781,4600,84776,3805,181557,California
San Mateo,2021-03-05,9098,275684,5989,146066,3105,129607,4,11,6418,100547,2660,87436,6426,187983,California
San Mateo,2021-03-06,7852,283536,5439,151505,2237,131844,176,187,5739,104357,2104,89540,5914,193897,California
San Mateo,2021-03-07,3469,287005,2316,153821,1086,132930,67,254,2004,104967,1461,91001,2071,195968,California
San Mateo,2021-03-08,4446,291451,2481,156302,1747,134677,218,472,3223,107194,1215,92216,3442,199410,California
San Mateo,2021-03-09,4556,296007,2127,158429,2156,136833,273,745,3010,108937,1539,93755,3282,202692,California
San Mateo,2021-03-10,6920,302927,2644,161073,3990,140823,286,1031,4565,111446,2341,96096,4850,207542,California
San Mateo,2021-03-11,9134,312061,5735,166808,3007,143830,392,1423,3721,110174,5384,101480,4112,211654,California
San Mateo,2021-03-12,10508,322569,6609,173417,3518,147348,381,1804,3504,107073,6987,108467,3886,215540,California
San Mateo,2021-03-13,8104,330673,3421,176838,3056,150404,1627,3431,3911,108423,4181,112648,5531,221071,California
San Mateo,2021-03-14,4935,335608,3304,180142,1524,151928,107,3538,2900,109402,2028,114676,3007,224078,California
San Mateo,2021-03-15,7128,342736,4581,184723,2371,154299,176,3714,3770,109997,3352,118028,3947,228025,California
San Mateo,2021-03-16,11910,354646,4359,189082,7428,161727,123,3837,4860,107948,7034,125062,4985,233010,California
San Mateo,2021-03-17,10790,365436,4362,193444,6304,168031,124,3961,4892,107094,5874,130936,5020,238030,California
San Mateo,2021-03-18,7234,372670,4033,197477,3018,171049,183,4144,4307,108661,2921,133857,4488,242518,California
San Mateo,2021-03-19,7361,380031,4721,202198,1973,173022,667,4811,3609,109195,3742,137599,4276,246794,California
San Mateo,2021-03-20,8285,388316,6430,208628,1520,174542,335,5146,5412,112084,2858,140457,5747,252541,California
San Mateo,2021-03-21,4149,392465,3123,211751,795,175337,231,5377,2344,112862,1794,142251,2572,255113,California
San Mateo,2021-03-22,5219,397684,3546,215297,1256,176593,417,5794,2860,113793,2347,144598,3278,258391,California
San Mateo,2021-03-23,9781,407465,4449,219746,5136,181729,196,5990,4661,113558,5091,149689,4856,263247,California
San Mateo,2021-03-24,9443,416908,5445,225191,3858,185587,140,6130,4107,112533,5269,154958,4244,267491,California
San Mateo,2021-03-25,10014,426922,4877,230068,4869,190456,268,6398,4428,111747,5485,160443,4699,272190,California
San Mateo,2021-03-26,11146,438068,7664,237732,3317,193773,165,6563,4454,109712,6655,167098,4620,276810,California
San Mateo,2021-03-27,10433,448501,7967,245699,2361,196134,105,6668,4699,108797,5716,172814,4801,281611,California
San Mateo,2021-03-28,4215,452716,2700,248399,1404,197538,111,6779,2106,108915,2100,174914,2218,283829,California
San Mateo,2021-03-29,6018,458734,3747,252146,2019,199557,252,7031,2851,108870,3148,178062,3103,286932,California
San Mateo,2021-03-30,7077,465811,4013,256159,2909,202466,155,7186,4458,110879,2604,180666,4613,291545,California
San Mateo,2021-03-31,7196,473007,4544,260703,2514,204980,138,7324,4052,111941,3128,183794,4190,295735,California
San Mateo,2021-04-01,10403,483410,5106,265809,4116,209096,1181,8505,5584,113921,4781,188575,6761,302496,California
San Mateo,2021-04-02,10653,494063,5073,270882,4018,213114,1562,10067,5597,116040,5039,193614,7158,309654,California
San Mateo,2021-04-03,9673,503736,5483,276365,2456,215570,1734,11801,4890,117888,4778,198392,6626,316280,California
San Mateo,2021-04-04,5398,509134,2602,278967,1549,217119,1247,13048,1717,117180,3670,202062,2962,319242,California
San Mateo,2021-04-05,8960,518094,4769,283736,2456,219575,1735,14783,3861,117689,5085,207147,5594,324836,California
San Mateo,2021-04-06,13110,531204,8203,291939,3057,222632,1850,16633,7497,121442,5600,212747,9353,334189,California
San Mateo,2021-04-07,11331,542535,5244,297183,4416,227048,1671,18304,4819,121435,6491,219238,6484,340673,California
San Mateo,2021-04-08,10072,552607,5030,302213,2457,229505,2585,20889,4477,122907,5581,224819,7053,347726,California
San Mateo,2021-04-09,11240,563847,5463,307676,3302,232807,2475,23364,5075,124286,6163,230982,7542,355268,California
San Mateo,2021-04-10,11126,574973,5662,313338,4048,236855,1416,24780,4622,123837,6484,237466,6035,361303,California
San Mateo,2021-04-11,6609,581582,3281,316619,881,237736,2447,27227,2339,124353,4264,241730,4780,366083,California
San Mateo,2021-04-12,7301,588883,4469,321088,1876,239612,956,28183,3550,125125,3735,245465,4507,370590,California
San Mateo,2021-04-13,8140,597023,5091,326179,3040,242652,9,28192,4319,125641,3814,249279,4330,374920,California
San Mateo,2021-04-14,8338,605361,5423,331602,2914,245566,1,28193,4314,125949,4013,253292,4321,379241,California
San Mateo,2021-04-15,11021,616382,7322,338924,3698,249264,1,28194,7229,129412,3769,257061,7232,386473,California
San Mateo,2021-04-16,9928,626310,6858,345782,3054,252318,16,28210,6318,132157,3594,260655,6339,392812,California
San Mateo,2021-04-17,9621,635931,6418,352200,3200,255518,3,28213,6101,134755,3511,264166,6109,398921,California
San Mateo,2021-04-18,5388,641319,2581,354781,2807,258325,0,28213,3651,136685,1727,265893,3657,402578,California
San Mateo,2021-04-19,8309,649628,5402,360183,2907,261232,0,28213,5388,139169,2912,268805,5396,407974,California
San Mateo,2021-04-20,10184,659812,5649,365832,4535,265767,0,28213,6537,142084,3632,272437,6547,414521,California
San Mateo,2021-04-21,8978,668790,6085,371917,2893,268660,0,28213,5570,144266,3395,275832,5577,420098,California
San Mateo,2021-04-22,9448,678238,6293,378210,3154,271814,1,28214,5254,145363,4163,279995,5260,425358,California
San Mateo,2021-04-23,9435,687673,6207,384417,3228,275042,0,28214,5314,146595,4097,284092,5329,430687,California
San Mateo,2021-04-24,11199,698872,8007,392424,3192,278234,0,28214,6042,147508,5137,289229,6050,436737,California
San Mateo,2021-04-25,5489,704361,3856,396280,1632,279866,1,28215,3902,149846,1574,290803,3912,440649,California
San Mateo,2021-04-26,5995,710356,4385,400665,1603,281469,7,28222,3487,150850,2501,293304,3505,444154,California
San Mateo,2021-04-27,10639,720995,7534,408199,3001,284470,104,28326,4256,148855,6359,299663,4364,448518,California
San Mateo,2021-04-28,7647,728642,4423,412622,3020,287490,204,28530,4008,149440,3631,303294,4216,452734,California
San Mateo,2021-04-29,7875,736517,3685,416307,4015,291505,175,28705,3477,148729,4374,307668,3663,456397,California
San Mateo,2021-04-30,8030,744547,5062,421369,2814,294319,154,28859,3407,147701,4602,312270,3574,459971,California
San Mateo,2021-05-01,6084,750631,4080,425449,1885,296204,119,28978,2630,147022,3439,315709,2760,462731,California
San Mateo,2021-05-02,3163,753794,1741,427190,1351,297555,71,29049,1140,146222,2015,317724,1215,463946,California
San Mateo,2021-05-03,5976,759770,4461,431651,1372,298927,143,29192,1888,144175,4078,321802,2031,465977,California
San Mateo,2021-05-04,7131,766901,4818,436469,2143,301070,170,29362,2402,142044,4714,326516,2583,468560,California
San Mateo,2021-05-05,6765,773666,4441,440910,2166,303236,158,29520,2420,140304,4321,330837,2581,471141,California
San Mateo,2021-05-06,8200,781866,6364,447274,1661,304897,175,29695,1649,135603,6531,337368,1830,472971,California
San Mateo,2021-05-07,5804,787670,3988,451262,1657,306554,159,29854,1324,132635,4463,341831,1495,474466,California
San Mateo,2021-05-08,4623,792293,2485,453747,1997,308551,141,29995,1108,130379,3509,345340,1253,475719,California
Santa Barbara,2020-12-15,2,2,2,2,0,0,0,0,2,2,0,0,2,2,California
Santa Barbara,2020-12-16,2,4,2,4,0,0,0,0,2,4,0,0,2,4,California
Santa Barbara,2020-12-17,54,58,54,58,0,0,0,0,54,58,0,0,54,58,California
Santa Barbara,2020-12-18,378,436,377,435,1,1,0,0,378,436,0,0,378,436,California
Santa Barbara,2020-12-19,325,761,325,760,0,1,0,0,325,761,0,0,325,761,California
Santa Barbara,2020-12-20,235,996,235,995,0,1,0,0,235,996,0,0,235,996,California
Santa Barbara,2020-12-21,652,1648,650,1645,2,3,0,0,652,1648,0,0,652,1648,California
Santa Barbara,2020-12-22,244,1892,242,1887,2,5,0,0,244,1892,0,0,244,1892,California
Santa Barbara,2020-12-23,320,2212,202,2089,118,123,0,0,320,2212,0,0,320,2212,California
Santa Barbara,2020-12-24,88,2300,40,2129,48,171,0,0,88,2300,0,0,88,2300,California
Santa Barbara,2020-12-26,326,2626,66,2195,260,431,0,0,326,2626,0,0,326,2626,California
Santa Barbara,2020-12-27,62,2688,1,2196,61,492,0,0,62,2688,0,0,62,2688,California
Santa Barbara,2020-12-28,356,3044,223,2419,133,625,0,0,356,3044,0,0,356,3044,California
Santa Barbara,2020-12-29,555,3599,361,2780,194,819,0,0,555,3599,0,0,555,3599,California
Santa Barbara,2020-12-30,585,4184,403,3183,182,1001,0,0,585,4184,0,0,585,4184,California
Santa Barbara,2020-12-31,240,4424,114,3297,126,1127,0,0,240,4424,0,0,240,4424,California
Santa Barbara,2021-01-01,112,4536,108,3405,4,1131,0,0,112,4536,0,0,112,4536,California
Santa Barbara,2021-01-02,588,5124,223,3628,365,1496,0,0,588,5124,0,0,588,5124,California
Santa Barbara,2021-01-03,23,5147,15,3643,8,1504,0,0,23,5147,0,0,23,5147,California
Santa Barbara,2021-01-04,309,5456,246,3889,63,1567,0,0,308,5455,0,0,308,5455,California
Santa Barbara,2021-01-05,753,6209,380,4269,373,1940,0,0,726,6154,27,27,726,6181,California
Santa Barbara,2021-01-06,656,6865,276,4545,380,2320,0,0,597,6693,58,85,597,6778,California
Santa Barbara,2021-01-07,1033,7898,711,5256,322,2642,0,0,527,6718,502,587,527,7305,California
Santa Barbara,2021-01-08,1203,9101,843,6099,360,3002,0,0,710,6935,493,1080,710,8015,California
Santa Barbara,2021-01-09,566,9667,293,6392,273,3275,0,0,320,7009,246,1326,320,8335,California
Santa Barbara,2021-01-10,62,9729,50,6442,12,3287,0,0,46,7039,16,1342,46,8381,California
Santa Barbara,2021-01-11,839,10568,670,7112,169,3456,0,0,616,7433,222,1564,616,8997,California
Santa Barbara,2021-01-12,1426,11994,635,7747,791,4247,0,0,1269,8545,157,1721,1269,10266,California
Santa Barbara,2021-01-13,1227,13221,280,8027,947,5194,0,0,1101,9520,126,1847,1101,11367,California
Santa Barbara,2021-01-14,1248,14469,132,8159,1116,6310,0,0,1194,10662,53,1900,1195,12562,California
Santa Barbara,2021-01-15,1802,16271,420,8579,1382,7692,0,0,1722,12305,79,1979,1722,14284,California
Santa Barbara,2021-01-16,1272,17543,202,8781,1070,8762,0,0,1233,13500,38,2017,1233,15517,California
Santa Barbara,2021-01-17,123,17666,20,8801,103,8865,0,0,120,13617,3,2020,120,15637,California
Santa Barbara,2021-01-18,1151,18817,417,9218,734,9599,0,0,966,14398,185,2205,966,16603,California
Santa Barbara,2021-01-19,1638,20455,570,9788,1068,10667,0,0,1359,15479,278,2483,1359,17962,California
Santa Barbara,2021-01-20,2095,22550,544,10332,1551,12218,0,0,1737,16859,357,2840,1737,19699,California
Santa Barbara,2021-01-21,3089,25639,1818,12150,1271,13489,0,0,2930,19631,159,2999,2931,22630,California
Santa Barbara,2021-01-22,3016,28655,1864,14014,1152,14641,0,0,2852,22323,161,3160,2853,25483,California
Santa Barbara,2021-01-23,1734,30389,1106,15120,628,15269,0,0,1223,23036,510,3670,1223,26706,California
Santa Barbara,2021-01-24,844,31233,752,15872,92,15361,0,0,835,23862,9,3679,835,27541,California
Santa Barbara,2021-01-25,1244,32477,501,16373,743,16104,0,0,1004,24626,240,3919,1004,28545,California
Santa Barbara,2021-01-26,2051,34528,468,16841,1583,17687,0,0,1664,25905,385,4304,1664,30209,California
Santa Barbara,2021-01-27,1163,35691,400,17241,763,18450,0,0,902,26548,260,4564,903,31112,California
Santa Barbara,2021-01-28,896,36587,298,17539,598,19048,0,0,681,27017,212,4776,681,31793,California
Santa Barbara,2021-01-29,1333,37920,538,18077,795,19843,0,0,978,27645,352,5128,980,32773,California
Santa Barbara,2021-01-30,1892,39812,1420,19497,472,20315,0,0,1488,28732,401,5529,1488,34261,California
Santa Barbara,2021-01-31,1455,41267,1217,20714,238,20553,0,0,1416,30109,39,5568,1416,35677,California
Santa Barbara,2021-02-01,942,42209,520,21234,422,20975,0,0,554,30275,388,5956,554,36231,California
Santa Barbara,2021-02-02,1824,44033,700,21934,1124,22099,0,0,1049,30551,773,6729,1049,37280,California
Santa Barbara,2021-02-03,1942,45975,1078,23012,864,22963,0,0,1500,31619,432,7161,1500,38780,California
Santa Barbara,2021-02-04,2775,48750,1862,24874,913,23876,0,0,2481,33811,289,7450,2481,41261,California
Santa Barbara,2021-02-05,2905,51655,2060,26934,845,24721,0,0,2262,35431,642,8092,2262,43523,California
Santa Barbara,2021-02-06,1204,52859,338,27272,866,25587,0,0,794,35815,410,8502,794,44317,California
Santa Barbara,2021-02-07,301,53160,263,27535,38,25625,0,0,266,36047,34,8536,266,44583,California
Santa Barbara,2021-02-08,956,54116,311,27846,645,26270,0,0,669,36429,287,8823,669,45252,California
Santa Barbara,2021-02-09,2438,56554,313,28159,2125,28395,0,0,1121,36243,1307,10130,1121,46373,California
Santa Barbara,2021-02-10,2763,59317,1498,29657,1265,29660,0,0,780,35049,1974,12104,780,47153,California
Santa Barbara,2021-02-11,4184,63501,2806,32463,1378,31038,0,0,625,32124,3550,15654,625,47778,California
Santa Barbara,2021-02-12,3309,66810,949,33412,2360,33398,0,0,774,30369,2529,18183,774,48552,California
Santa Barbara,2021-02-13,1235,68045,341,33753,894,34292,0,0,561,30259,671,18854,561,49113,California
Santa Barbara,2021-02-14,331,68376,34,33787,297,34589,0,0,285,30498,46,18900,285,49398,California
Santa Barbara,2021-02-15,967,69343,338,34125,629,35218,0,0,493,30522,469,19369,493,49891,California
Santa Barbara,2021-02-16,2108,71451,397,34522,1711,36929,0,0,716,29850,1388,20757,716,50607,California
Santa Barbara,2021-02-17,1435,72886,321,34843,1114,38043,0,0,522,29461,911,21668,522,51129,California
Santa Barbara,2021-02-18,3254,76140,2647,37490,607,38650,0,0,1519,29280,1700,23368,1519,52648,California
Santa Barbara,2021-02-19,3594,79734,2641,40131,953,39603,0,0,2328,30345,1263,24631,2328,54976,California
Santa Barbara,2021-02-20,2221,81955,1435,41566,786,40389,0,0,1666,31465,546,25177,1666,56642,California
Santa Barbara,2021-02-21,127,82082,98,41664,29,40418,0,0,58,31454,69,25246,58,56700,California
Santa Barbara,2021-02-22,939,83021,247,41911,692,41110,0,0,261,31044,671,25917,261,56961,California
Santa Barbara,2021-02-23,3188,86209,1045,42956,2143,43253,0,0,421,28702,2763,28680,421,57382,California
Santa Barbara,2021-02-24,3197,89406,1088,44044,2109,45362,0,0,721,26958,2465,31145,721,58103,California
Santa Barbara,2021-02-25,3451,92857,1918,45962,1533,46895,0,0,985,25485,2459,33604,986,59089,California
Santa Barbara,2021-02-26,3665,96522,2175,48137,1490,48385,0,0,1979,25785,1679,35283,1979,61068,California
Santa Barbara,2021-02-27,1528,98050,563,48700,965,49350,0,0,847,25959,675,35958,849,61917,California
Santa Barbara,2021-02-28,1085,99135,221,48921,864,50214,0,0,893,26666,187,36145,894,62811,California
Santa Barbara,2021-03-01,1633,100768,465,49386,1168,51382,0,0,1085,27216,536,36681,1086,63897,California
Santa Barbara,2021-03-02,2618,103386,414,49800,2204,53586,0,0,2119,28850,486,37167,2120,66017,California
Santa Barbara,2021-03-03,4626,108012,2099,51899,2526,56112,1,1,4032,32302,584,37751,4036,70053,California
Santa Barbara,2021-03-04,3415,111427,2281,54180,1134,57246,0,1,2860,34615,547,38298,2860,72913,California
Santa Barbara,2021-03-05,3809,115236,2160,56340,1590,58836,59,60,3084,37039,719,39017,3143,76056,California
Santa Barbara,2021-03-06,2432,117668,724,57064,1488,60324,220,280,1666,38162,762,39779,1885,77941,California
Santa Barbara,2021-03-07,561,118229,122,57186,309,60633,130,410,382,38497,178,39957,513,78454,California
Santa Barbara,2021-03-08,1574,119803,377,57563,855,61488,342,752,792,38855,776,40733,1134,79588,California
Santa Barbara,2021-03-09,2772,122575,323,57886,1675,63163,774,1526,718,38292,2051,42784,1488,81076,California
Santa Barbara,2021-03-10,2750,125325,544,58430,1159,64322,1047,2573,1034,38662,1710,44494,2080,83156,California
Santa Barbara,2021-03-11,5571,130896,3027,61457,1431,65753,1113,3686,2280,38771,3279,47773,3388,86544,California
Santa Barbara,2021-03-12,3662,134558,2092,63549,1141,66894,429,4115,2173,39889,1481,49254,2599,89143,California
Santa Barbara,2021-03-13,3471,138029,1923,65472,1339,68233,209,4324,2693,42016,776,50030,2903,92046,California
Santa Barbara,2021-03-14,780,138809,369,65841,354,68587,57,4381,462,42217,318,50348,519,92565,California
Santa Barbara,2021-03-15,2106,140915,693,66534,1122,69709,291,4672,1267,42939,834,51182,1556,94121,California
Santa Barbara,2021-03-16,3723,144638,1170,67704,2211,71920,342,5014,2739,45039,981,52163,3081,97202,California
Santa Barbara,2021-03-17,3297,147935,972,68676,1920,73840,405,5419,2309,46763,986,53149,2710,99912,California
Santa Barbara,2021-03-18,5120,153055,2799,71475,2121,75961,200,5619,3899,49655,1207,54356,4099,104011,California
Santa Barbara,2021-03-19,4439,157494,2765,74240,1342,77303,332,5951,3050,51651,1385,55741,3381,107392,California
Santa Barbara,2021-03-20,2163,159657,827,75067,1325,78628,11,5962,1329,52158,832,56573,1339,108731,California
Santa Barbara,2021-03-21,1163,160820,382,75449,752,79380,29,5991,838,52702,323,56896,867,109598,California
Santa Barbara,2021-03-22,2774,163594,1912,77361,818,80198,44,6035,2221,54421,546,57442,2265,111863,California
Santa Barbara,2021-03-23,4473,168067,2251,79612,2125,82323,97,6132,3711,57477,752,58194,3808,115671,California
Santa Barbara,2021-03-24,5401,173468,3155,82767,1509,83832,737,6869,2969,58769,2412,60606,3704,119375,California
Santa Barbara,2021-03-25,5549,179017,3277,86044,2085,85917,187,7056,2776,58975,2757,63363,2963,122338,California
Santa Barbara,2021-03-26,5080,184097,3219,89263,1562,87479,299,7355,2238,58686,2826,66189,2537,124875,California
Santa Barbara,2021-03-27,2924,187021,1220,90483,1661,89140,43,7398,1594,58996,1325,67514,1635,126510,California
Santa Barbara,2021-03-28,2771,189792,1647,92130,1096,90236,28,7426,1887,60033,879,68393,1916,128426,California
Santa Barbara,2021-03-29,4043,193835,2086,94216,1886,92122,71,7497,3233,62531,806,69199,3304,131730,California
Santa Barbara,2021-03-30,6796,200631,3511,97727,3135,95257,150,7647,4568,65034,2213,71412,4716,136446,California
Santa Barbara,2021-03-31,8635,209266,5510,103237,3060,98317,65,7712,5051,66583,3567,74979,5116,141562,California
Santa Barbara,2021-04-01,6991,216257,5172,108409,1561,99878,258,7970,4145,68153,2831,77810,4401,145963,California
Santa Barbara,2021-04-02,6585,222842,4515,112924,1477,101355,593,8563,3374,68915,3204,81014,3966,149929,California
Santa Barbara,2021-04-03,3779,226621,2098,115022,1613,102968,68,8631,2493,70193,1282,82296,2560,152489,California
Santa Barbara,2021-04-04,897,227518,444,115466,413,103381,40,8671,499,70336,396,82692,539,153028,California
Santa Barbara,2021-04-05,3448,230966,2277,117743,914,104295,257,8928,2160,71471,1282,83974,2417,155445,California
Santa Barbara,2021-04-06,5444,236410,2806,120549,2103,106398,535,9463,3329,73231,2101,86075,3861,159306,California
Santa Barbara,2021-04-07,5982,242392,3282,123831,2160,108558,540,10003,4076,75950,1896,87971,4615,163921,California
Santa Barbara,2021-04-08,7362,249754,5012,128843,639,109197,1711,11714,3394,77086,3966,91937,5102,169023,California
Santa Barbara,2021-04-09,7246,257000,4825,133668,1076,110273,1345,13059,3258,77705,3980,95917,4599,173622,California
Santa Barbara,2021-04-10,6631,263631,4591,138259,1424,111697,616,13675,4508,80709,2119,98036,5123,178745,California
Santa Barbara,2021-04-11,2644,266275,1930,140189,415,112112,299,13974,1823,82011,815,98851,2117,180862,California
Santa Barbara,2021-04-12,4377,270652,2799,142988,1025,113137,553,14527,1873,81938,2497,101348,2424,183286,California
Santa Barbara,2021-04-13,6301,276953,4142,147130,2153,115290,6,14533,2617,80879,3681,105029,2622,185908,California
Santa Barbara,2021-04-14,6666,283619,4341,151471,2323,117613,2,14535,4152,82527,2505,107534,4153,190061,California
Santa Barbara,2021-04-15,6940,290559,4093,155564,2846,120459,1,14536,3847,83293,3083,110617,3849,193910,California
Santa Barbara,2021-04-16,6373,296932,3746,159310,2616,123075,11,14547,4394,85732,1965,112582,4404,198314,California
Santa Barbara,2021-04-17,5309,302241,3867,163177,1442,124517,0,14547,4105,88640,1197,113779,4105,202419,California
Santa Barbara,2021-04-18,2124,304365,1474,164651,650,125167,0,14547,370,87261,1750,115529,371,202790,California
Santa Barbara,2021-04-19,3197,307562,2216,166867,976,126143,5,14552,1000,86074,2193,117722,1006,203796,California
Santa Barbara,2021-04-20,5868,313430,3946,170813,1921,128064,1,14553,1658,83534,4198,121920,1658,205454,California
Santa Barbara,2021-04-21,5472,318902,3635,174448,1837,129901,0,14553,1743,81560,3717,125637,1743,207197,California
Santa Barbara,2021-04-22,5071,323973,2548,176996,2522,132423,1,14554,1458,79423,3598,129235,1461,208658,California
Santa Barbara,2021-04-23,5529,329502,3875,180871,1654,134077,0,14554,1955,77814,3564,132799,1955,210613,California
Santa Barbara,2021-04-24,4420,333922,2876,183747,1539,135616,5,14559,1666,76739,2746,135545,1671,212284,California
Santa Barbara,2021-04-25,1830,335752,1184,184931,646,136262,0,14559,501,75918,1322,136867,501,212785,California
Santa Barbara,2021-04-26,2855,338607,1775,186706,1060,137322,20,14579,431,73951,2418,139285,451,213236,California
Santa Barbara,2021-04-27,3594,342201,1981,188687,1526,138848,87,14666,1081,72613,2505,141790,1167,214403,California
Santa Barbara,2021-04-28,4884,347085,2862,191549,1906,140754,116,14782,1399,70655,3475,145265,1517,215920,California
Santa Barbara,2021-04-29,5247,352332,3801,195350,1219,141973,227,15009,1444,68537,3787,149052,1669,217589,California
Santa Barbara,2021-04-30,4942,357274,3692,199042,1086,143059,164,15173,1421,66611,3510,152562,1584,219173,California
Santa Barbara,2021-05-01,5237,362511,4060,203102,1145,144204,32,15205,907,63229,4323,156885,941,220114,California
Santa Barbara,2021-05-02,1134,363645,666,203768,339,144543,129,15334,310,62845,823,157708,439,220553,California
Santa Barbara,2021-05-03,2073,365718,1352,205120,580,145123,141,15475,447,61812,1621,159329,588,221141,California
Santa Barbara,2021-05-04,3299,369017,1677,206797,1555,146678,67,15542,1152,60896,2134,161463,1218,222359,California
Santa Barbara,2021-05-05,5412,374429,3668,210465,1601,148279,143,15685,628,56896,4772,166235,772,223131,California
Santa Barbara,2021-05-06,4950,379379,3855,214320,1006,149285,89,15774,951,53951,3985,170220,1040,224171,California
Santa Barbara,2021-05-07,3968,383347,3305,217625,540,149825,123,15897,813,51734,3152,173372,935,225106,California
Santa Barbara,2021-05-08,2571,385918,1733,219358,788,150613,50,15947,576,50377,1984,175356,627,225733,California
Santa Clara,2020-12-15,65,65,65,65,0,0,0,0,65,65,0,0,65,65,California
Santa Clara,2020-12-16,136,201,136,201,0,0,0,0,136,201,0,0,136,201,California
Santa Clara,2020-12-17,392,593,392,593,0,0,0,0,392,593,0,0,392,593,California
Santa Clara,2020-12-18,1677,2270,1677,2270,0,0,0,0,1677,2270,0,0,1677,2270,California
Santa Clara,2020-12-19,2075,4345,2075,4345,0,0,0,0,2074,4344,0,0,2074,4344,California
Santa Clara,2020-12-20,1895,6240,1889,6234,6,6,0,0,1892,6236,0,0,1892,6236,California
Santa Clara,2020-12-21,2672,8912,2672,8906,0,6,0,0,2671,8907,0,0,2671,8907,California
Santa Clara,2020-12-22,3119,12031,3110,12016,9,15,0,0,3116,12023,0,0,3116,12023,California
Santa Clara,2020-12-23,3258,15289,3072,15088,186,201,0,0,3256,15279,0,0,3256,15279,California
Santa Clara,2020-12-24,1896,17185,1710,16798,186,387,0,0,1890,17168,1,1,1890,17169,California
Santa Clara,2020-12-25,343,17528,342,17140,1,388,0,0,343,17511,0,1,343,17512,California
Santa Clara,2020-12-26,1264,18792,1032,18172,232,620,0,0,1263,18774,0,1,1263,18775,California
Santa Clara,2020-12-27,647,19439,507,18679,140,760,0,0,647,19421,0,1,647,19422,California
Santa Clara,2020-12-28,2332,21771,1730,20409,602,1362,0,0,2332,21753,0,1,2332,21754,California
Santa Clara,2020-12-29,2328,24099,1468,21877,860,2222,0,0,2326,24079,0,1,2326,24080,California
Santa Clara,2020-12-30,2993,27092,1901,23778,1092,3314,0,0,2991,27068,2,3,2991,27071,California
Santa Clara,2020-12-31,1217,28309,393,24171,824,4138,0,0,1216,28283,1,4,1216,28287,California
Santa Clara,2021-01-01,142,28451,10,24181,132,4270,0,0,141,28423,1,5,141,28428,California
Santa Clara,2021-01-02,1087,29538,817,24998,270,4540,0,0,1087,29510,0,5,1087,29515,California
Santa Clara,2021-01-03,582,30120,367,25365,215,4755,0,0,577,30084,3,8,577,30092,California
Santa Clara,2021-01-04,2469,32589,1670,27035,799,5554,0,0,2466,32550,0,8,2466,32558,California
Santa Clara,2021-01-05,3065,35654,2009,29044,1056,6610,0,0,2877,35246,187,195,2883,35441,California
Santa Clara,2021-01-06,3326,38980,1961,31005,1365,7975,0,0,2751,37427,571,766,2752,38193,California
Santa Clara,2021-01-07,4215,43195,2557,33562,1658,9633,0,0,3147,39521,1058,1824,3152,41345,California
Santa Clara,2021-01-08,5845,49040,3820,37382,2025,11658,0,0,3791,41262,2050,3874,3791,45136,California
Santa Clara,2021-01-09,2973,52013,1865,39247,1108,12766,0,0,1689,41670,1284,5158,1692,46828,California
Santa Clara,2021-01-10,1955,53968,1510,40757,445,13211,0,0,745,41206,1209,6367,745,47573,California
Santa Clara,2021-01-11,5941,59909,3739,44496,2202,15413,0,0,3378,42027,2562,8929,3383,50956,California
Santa Clara,2021-01-12,6804,66713,3400,47896,3404,18817,0,0,4563,44351,2240,11169,4564,55520,California
Santa Clara,2021-01-13,7362,74075,3044,50940,4318,23135,0,0,5196,47384,2164,13333,5197,60717,California
Santa Clara,2021-01-14,8225,82300,2791,53731,5434,28569,0,0,6485,52137,1734,15067,6487,67204,California
Santa Clara,2021-01-15,9456,91756,2682,56413,6774,35343,0,0,8139,58967,1314,16381,8144,75348,California
Santa Clara,2021-01-16,4300,96056,1228,57641,3072,38415,0,0,3466,61603,830,17211,3466,78814,California
Santa Clara,2021-01-17,3217,99273,606,58247,2611,41026,0,0,2720,63826,497,17708,2720,81534,California
Santa Clara,2021-01-18,5090,104363,1152,59399,3938,44964,0,0,4537,67811,553,18261,4538,86072,California
Santa Clara,2021-01-19,8478,112841,2671,62070,5807,50771,0,0,6803,72945,1672,19933,6806,92878,California
Santa Clara,2021-01-20,8076,120917,4104,66174,3972,54743,0,0,6529,77932,1542,21475,6529,99407,California
Santa Clara,2021-01-21,8646,129563,3738,69912,4908,59651,0,0,7445,84180,1199,22674,7447,106854,California
Santa Clara,2021-01-22,8619,138182,3240,73152,5379,65030,0,0,8055,91675,563,23237,8058,114912,California
Santa Clara,2021-01-23,3782,141964,1690,74842,2092,67122,0,0,2822,93538,960,24197,2823,117735,California
Santa Clara,2021-01-24,2824,144788,1421,76263,1403,68525,0,0,2338,95393,483,24680,2338,120073,California
Santa Clara,2021-01-25,8372,153160,3783,80046,4589,73114,0,0,6307,99647,2057,26737,6311,126384,California
Santa Clara,2021-01-26,8236,161396,3767,83813,4469,77583,0,0,6119,103661,2107,28844,6121,132505,California
Santa Clara,2021-01-27,8712,170108,3829,87642,4883,82466,0,0,6789,108549,1902,30746,6790,139295,California
Santa Clara,2021-01-28,9459,179567,3793,91435,5666,88132,0,0,7501,114117,1937,32683,7505,146800,California
Santa Clara,2021-01-29,9504,189071,3940,95375,5564,93696,0,0,7336,119295,2159,34842,7337,154137,California
Santa Clara,2021-01-30,4185,193256,2076,97451,2109,95805,0,0,2979,121076,1199,36041,2980,157117,California
Santa Clara,2021-01-31,2173,195429,1304,98755,869,96674,0,0,1582,122070,588,36629,1582,158699,California
Santa Clara,2021-02-01,7828,203257,3484,102239,4344,101018,0,0,6141,126532,1680,38309,6142,164841,California
Santa Clara,2021-02-02,8522,211779,2874,105113,5648,106666,0,0,6524,131068,1991,40300,6527,171368,California
Santa Clara,2021-02-03,9192,220971,3481,108594,5711,112377,0,0,6914,135716,2272,42572,6920,178288,California
Santa Clara,2021-02-04,10892,231863,4117,112711,6775,119152,0,0,8609,142055,2273,44845,8612,186900,California
Santa Clara,2021-02-05,11913,243776,4347,117058,7566,126718,0,0,8452,147062,3446,48291,8453,195353,California
Santa Clara,2021-02-06,5183,248959,2818,119876,2365,129083,0,0,4020,149925,1159,49450,4022,199375,California
Santa Clara,2021-02-07,3473,252432,2348,122224,1125,130208,0,0,3020,152494,452,49902,3021,202396,California
Santa Clara,2021-02-08,10006,262438,3481,125705,6525,136733,0,0,7292,157087,2700,52602,7293,209689,California
Santa Clara,2021-02-09,11153,273591,3815,129520,7338,144071,0,0,7669,161285,3474,56076,7672,217361,California
Santa Clara,2021-02-10,12633,286224,4907,134427,7726,151797,0,0,6834,162335,5786,61862,6836,224197,California
Santa Clara,2021-02-11,13484,299708,4714,139141,8770,160567,0,0,7664,164195,5805,67667,7665,231862,California
Santa Clara,2021-02-12,14545,314253,4488,143629,10057,170624,0,0,6977,163626,7548,75215,6979,238841,California
Santa Clara,2021-02-13,6070,320323,1455,145084,4615,175239,0,0,2218,162000,3846,79061,2220,241061,California
Santa Clara,2021-02-14,4614,324937,1142,146226,3472,178711,0,0,1468,160325,3145,82206,1470,242531,California
Santa Clara,2021-02-15,6251,331188,2795,149021,3456,182167,0,0,2702,159486,3541,85747,2702,245233,California
Santa Clara,2021-02-16,13766,344954,3998,153019,9768,191935,0,0,6926,159589,6823,92570,6926,252159,California
Santa Clara,2021-02-17,14066,359020,5486,158505,8580,200515,0,0,7046,159638,7002,99572,7051,259210,California
Santa Clara,2021-02-18,14180,373200,8354,166859,5826,206341,0,0,7226,159955,6912,106484,7229,266439,California
Santa Clara,2021-02-19,14799,387999,9515,176374,5284,211625,0,0,8612,162401,6171,112655,8617,275056,California
Santa Clara,2021-02-20,6815,394814,5101,181475,1714,213339,0,0,3672,162940,3133,115788,3672,278728,California
Santa Clara,2021-02-21,3248,398062,2431,183906,817,214156,0,0,1165,162032,2075,117863,1167,279895,California
Santa Clara,2021-02-22,10154,408216,6081,189987,4073,218229,0,0,4733,161355,5411,123274,4734,284629,California
Santa Clara,2021-02-23,11872,420088,7705,197692,4167,222396,0,0,6737,162974,5122,128396,6741,291370,California
Santa Clara,2021-02-24,14131,434219,9102,206794,5029,227425,0,0,8748,166355,5367,133763,8748,300118,California
Santa Clara,2021-02-25,14592,448811,9236,216030,5356,232781,0,0,7881,167551,6690,140453,7886,308004,California
Santa Clara,2021-02-26,14551,463362,8433,224463,6118,238899,0,0,7996,169020,6530,146983,7999,316003,California
Santa Clara,2021-02-27,8062,471424,5497,229960,2564,241463,1,1,4458,169892,3594,150577,4466,320469,California
Santa Clara,2021-02-28,4720,476144,3073,233033,1647,243110,0,1,2204,169589,2507,153084,2204,322673,California
Santa Clara,2021-03-01,14063,490207,7973,241006,6087,249197,3,4,8702,172953,5341,158425,8705,331378,California
Santa Clara,2021-03-02,15861,506068,9388,250394,6472,255669,1,5,10110,177338,5727,164152,10112,341490,California
Santa Clara,2021-03-03,18422,524490,9039,259433,9382,265051,1,6,11442,181844,6943,171095,11449,352939,California
Santa Clara,2021-03-04,16388,540878,8934,268367,7451,272502,3,9,9550,184638,6761,177856,9555,362494,California
Santa Clara,2021-03-05,16466,557344,9142,277509,7199,279701,125,134,9129,186579,7317,185173,9258,371752,California
Santa Clara,2021-03-06,9354,566698,6268,283777,2650,282351,436,570,7043,191760,2298,187471,7479,379231,California
Santa Clara,2021-03-07,6726,573424,4412,288189,2082,284433,232,802,5356,195985,1362,188833,5587,384818,California
Santa Clara,2021-03-08,12835,586259,6681,294870,5593,290026,561,1363,8221,200171,4597,193430,8783,393601,California
Santa Clara,2021-03-09,14903,601162,6213,301083,7360,297386,1330,2693,6589,199791,8296,201726,7916,401517,California
Santa Clara,2021-03-10,14997,616159,6475,307558,6419,303805,2103,4796,6111,199123,8861,210587,8193,409710,California
Santa Clara,2021-03-11,16995,633154,7742,315300,7750,311555,1503,6299,6043,195732,10924,221511,7533,417243,California
Santa Clara,2021-03-12,17626,650780,9064,324364,6993,318548,1569,7868,5948,191595,11638,233149,7501,424744,California
Santa Clara,2021-03-13,10702,661482,6191,330555,3019,321567,1492,9360,4790,191972,5889,239038,6266,431010,California
Santa Clara,2021-03-14,6479,667961,3348,333903,1823,323390,1308,10668,3194,193196,3269,242307,4493,435503,California
Santa Clara,2021-03-15,12747,680708,6520,340423,5958,329348,269,10937,5973,192686,6752,249059,6242,441745,California
Santa Clara,2021-03-16,18137,698845,10253,350676,7676,337024,208,11145,8793,192369,9316,258375,8999,450744,California
Santa Clara,2021-03-17,19824,718669,11230,361906,8426,345450,168,11313,10238,193232,9538,267913,10401,461145,California
Santa Clara,2021-03-18,18989,737658,8882,370788,8946,354396,1161,12474,9048,193546,9889,277802,10203,471348,California
Santa Clara,2021-03-19,19161,756819,9852,380640,8311,362707,998,13472,9949,195329,9155,286957,10938,482286,California
Santa Clara,2021-03-20,11463,768282,6295,386935,4341,367048,827,14299,6747,198210,4688,291645,7569,489855,California
Santa Clara,2021-03-21,8260,776542,3736,390671,3125,370173,1399,15698,5545,202439,2704,294349,6933,496788,California
Santa Clara,2021-03-22,16255,792797,9067,399738,6844,377017,344,16042,9290,205131,6941,301290,9633,506421,California
Santa Clara,2021-03-23,19161,811958,12191,411929,6455,383472,515,16557,11240,209011,7875,309165,11755,518176,California
Santa Clara,2021-03-24,22530,834488,14512,426441,7609,391081,409,16966,14639,216213,7848,317013,15050,533226,California
Santa Clara,2021-03-25,22836,857324,13074,439515,8779,399860,983,17949,14747,223902,8028,325041,15717,548943,California
Santa Clara,2021-03-26,21826,879150,13907,453422,7536,407396,383,18332,13505,229502,8284,333325,13884,562827,California
Santa Clara,2021-03-27,15616,894766,10384,463806,4469,411865,763,19095,8428,231543,7146,340471,9187,572014,California
Santa Clara,2021-03-28,11992,906758,8296,472102,2982,414847,714,19809,6491,233267,5476,345947,7200,579214,California
Santa Clara,2021-03-29,20527,927285,12589,484691,7213,422060,725,20534,11188,235872,9300,355247,11905,591119,California
Santa Clara,2021-03-30,25531,952816,15202,499893,8396,430456,1933,22467,16347,244996,9150,364397,18274,609393,California
Santa Clara,2021-03-31,20336,973152,11790,511683,7421,437877,1125,23592,12583,250976,7716,372113,13696,623089,California
Santa Clara,2021-04-01,31471,1004623,19660,531343,8820,446697,2991,26583,19907,262350,11504,383617,22878,645967,California
Santa Clara,2021-04-02,24928,1029551,14226,545569,8585,455282,2117,28700,16289,272138,8606,392223,18394,664361,California
Santa Clara,2021-04-03,15138,1044689,9167,554736,3479,458761,2492,31192,8411,276323,6708,398931,10893,675254,California
Santa Clara,2021-04-04,7589,1052278,4016,558752,2417,461178,1156,32348,3952,277801,3628,402559,5106,680360,California
Santa Clara,2021-04-05,21704,1073982,14484,573236,4760,465938,2460,34808,14161,286897,7519,410078,16615,696975,California
Santa Clara,2021-04-06,29312,1103294,16162,589398,7740,473678,5410,40218,17595,298211,11676,421754,22990,719965,California
Santa Clara,2021-04-07,30592,1133886,15805,605203,8362,482040,6425,46643,18689,311447,11851,433605,25087,745052,California
Santa Clara,2021-04-08,29613,1163499,16166,621369,5944,487984,7503,54146,16115,321611,13427,447032,23591,768643,California
Santa Clara,2021-04-09,27641,1191140,13702,635071,6776,494760,7163,61309,14097,329354,13490,460522,21233,789876,California
Santa Clara,2021-04-10,21230,1212370,12291,647362,3746,498506,5193,66502,11385,336086,9814,470336,16546,806422,California
Santa Clara,2021-04-11,15935,1228305,9545,656907,2631,501137,3759,70261,8267,340457,7639,477975,12010,818432,California
Santa Clara,2021-04-12,26728,1255033,18831,675738,5488,506625,2409,72670,18249,352680,8427,486402,20650,839082,California
Santa Clara,2021-04-13,34190,1289223,26946,702684,7217,513842,27,72697,26394,371402,7721,494123,26443,865525,California
Santa Clara,2021-04-14,36430,1325653,27607,730291,8820,522662,3,72700,25891,386843,10479,504602,25920,891445,California
Santa Clara,2021-04-15,43813,1369466,34007,764298,9805,532467,1,72701,33788,410732,9924,514526,33813,925258,California
Santa Clara,2021-04-16,38108,1407574,26147,790445,11959,544426,2,72703,27331,427375,10713,525239,27356,952614,California
Santa Clara,2021-04-17,21865,1429439,14958,805403,6906,551332,1,72704,14989,435547,6834,532073,15006,967620,California
Santa Clara,2021-04-18,16299,1445738,10574,815977,5725,557057,0,72704,10204,439699,6062,538135,10214,977834,California
Santa Clara,2021-04-19,28517,1474255,20589,836566,7927,564984,1,72705,17111,445500,11340,549475,17141,994975,California
Santa Clara,2021-04-20,36631,1510886,22208,858774,14423,579407,0,72705,22465,453933,14061,563536,22494,1017469,California
Santa Clara,2021-04-21,36637,1547523,21216,879990,15420,594827,1,72706,24276,465959,12283,575819,24309,1041778,California
Santa Clara,2021-04-22,36952,1584475,24577,904567,12374,607201,1,72707,17420,464002,19438,595257,17481,1059259,California
Santa Clara,2021-04-23,31803,1616278,19381,923948,12422,619623,0,72707,14964,462275,16740,611997,15013,1074272,California
Santa Clara,2021-04-24,20567,1636845,14922,938870,5644,625267,1,72708,11517,464835,8984,620981,11544,1085816,California
Santa Clara,2021-04-25,13202,1650047,9468,948338,3727,628994,7,72715,8299,468303,4860,625841,8328,1094144,California
Santa Clara,2021-04-26,23406,1673453,18183,966521,5166,634160,57,72772,9577,464220,13739,639580,9656,1103800,California
Santa Clara,2021-04-27,25853,1699306,18486,985007,7080,641240,287,73059,11296,461367,14469,654049,11616,1115416,California
Santa Clara,2021-04-28,25122,1724428,18500,1003507,6184,647424,438,73497,10305,457429,14735,668784,10797,1126213,California
Santa Clara,2021-04-29,23047,1747475,16730,1020237,5922,653346,395,73892,8320,451545,14660,683444,8776,1134989,California
Santa Clara,2021-04-30,22613,1770088,15457,1035694,6797,660143,359,74251,9547,448532,12984,696428,9971,1144960,California
Santa Clara,2021-05-01,17126,1787214,14205,1049899,2662,662805,259,74510,5427,442608,11651,708079,5727,1150687,California
Santa Clara,2021-05-02,11279,1798493,9360,1059259,1692,664497,227,74737,3495,438608,7744,715823,3744,1154431,California
Santa Clara,2021-05-03,22275,1820768,18879,1078138,2962,667459,434,75171,5118,427101,17087,732910,5580,1160011,California
Santa Clara,2021-05-04,30222,1850990,23617,1101755,6071,673530,534,75705,5319,408178,24809,757719,5886,1165897,California
Santa Clara,2021-05-05,31184,1882174,23626,1125381,7019,680549,539,76244,5296,388237,25802,783521,5861,1171758,California
Santa Clara,2021-05-06,28760,1910934,23412,1148793,4890,685439,458,76702,3907,367869,24754,808275,4386,1176144,California
Santa Clara,2021-05-07,12129,1923063,8686,1157479,3300,688739,143,76845,2057,360071,10024,818299,2226,1178370,California
Santa Clara,2021-05-08,6005,1929068,4173,1161652,1734,690473,98,76943,1223,356654,4749,823048,1332,1179702,California
Santa Cruz,2020-12-15,2,2,2,2,0,0,0,0,2,2,0,0,2,2,California
Santa Cruz,2020-12-16,58,60,58,60,0,0,0,0,58,60,0,0,58,60,California
Santa Cruz,2020-12-17,389,449,389,449,0,0,0,0,389,449,0,0,389,449,California
Santa Cruz,2020-12-18,464,913,464,913,0,0,0,0,464,913,0,0,464,913,California
Santa Cruz,2020-12-19,179,1092,178,1091,1,1,0,0,179,1092,0,0,179,1092,California
Santa Cruz,2020-12-20,95,1187,95,1186,0,1,0,0,95,1187,0,0,95,1187,California
Santa Cruz,2020-12-21,437,1624,437,1623,0,1,0,0,437,1624,0,0,437,1624,California
Santa Cruz,2020-12-22,424,2048,423,2046,1,2,0,0,424,2048,0,0,424,2048,California
Santa Cruz,2020-12-23,372,2420,329,2375,43,45,0,0,372,2420,0,0,372,2420,California
Santa Cruz,2020-12-24,125,2545,49,2424,76,121,0,0,125,2545,0,0,125,2545,California
Santa Cruz,2020-12-25,11,2556,11,2435,0,121,0,0,11,2556,0,0,11,2556,California
Santa Cruz,2020-12-26,64,2620,45,2480,19,140,0,0,64,2620,0,0,64,2620,California
Santa Cruz,2020-12-27,32,2652,27,2507,5,145,0,0,32,2652,0,0,32,2652,California
Santa Cruz,2020-12-28,485,3137,108,2615,377,522,0,0,485,3137,0,0,485,3137,California
Santa Cruz,2020-12-29,798,3935,369,2984,429,951,0,0,798,3935,0,0,798,3935,California
Santa Cruz,2020-12-30,356,4291,164,3148,192,1143,0,0,356,4291,0,0,356,4291,California
Santa Cruz,2020-12-31,313,4604,11,3159,302,1445,0,0,313,4604,0,0,313,4604,California
Santa Cruz,2021-01-01,33,4637,1,3160,32,1477,0,0,33,4637,0,0,33,4637,California
Santa Cruz,2021-01-02,71,4708,57,3217,14,1491,0,0,71,4708,0,0,71,4708,California
Santa Cruz,2021-01-03,15,4723,7,3224,8,1499,0,0,15,4723,0,0,15,4723,California
Santa Cruz,2021-01-04,281,5004,123,3347,158,1657,0,0,279,5002,0,0,279,5002,California
Santa Cruz,2021-01-05,566,5570,429,3776,137,1794,0,0,264,4964,302,302,264,5266,California
Santa Cruz,2021-01-06,803,6373,670,4446,133,1927,0,0,464,5090,338,640,464,5730,California
Santa Cruz,2021-01-07,538,6911,211,4657,327,2254,0,0,385,5323,153,793,386,6116,California
Santa Cruz,2021-01-08,935,7846,562,5219,373,2627,0,0,487,5363,448,1241,488,6604,California
Santa Cruz,2021-01-09,464,8310,123,5342,341,2968,0,0,410,5719,54,1295,410,7014,California
Santa Cruz,2021-01-10,80,8390,70,5412,10,2978,0,0,21,5681,59,1354,21,7035,California
Santa Cruz,2021-01-11,726,9116,592,6004,134,3112,0,0,191,5338,535,1889,192,7227,California
Santa Cruz,2021-01-12,736,9852,532,6536,204,3316,0,0,493,5588,243,2132,493,7720,California
Santa Cruz,2021-01-13,525,10377,228,6764,297,3613,0,0,441,5948,81,2213,441,8161,California
Santa Cruz,2021-01-14,559,10936,103,6867,456,4069,0,0,493,6375,66,2279,493,8654,California
Santa Cruz,2021-01-15,1458,12394,77,6944,1381,5450,0,0,1393,7706,64,2343,1395,10049,California
Santa Cruz,2021-01-16,426,12820,53,6997,373,5823,0,0,407,8094,19,2362,407,10456,California
Santa Cruz,2021-01-17,297,13117,41,7038,256,6079,0,0,272,8341,25,2387,272,10728,California
Santa Cruz,2021-01-18,1016,14133,106,7144,910,6989,0,0,954,9233,62,2449,954,11682,California
Santa Cruz,2021-01-19,1623,15756,525,7669,1098,8087,0,0,1270,10153,351,2800,1271,12953,California
Santa Cruz,2021-01-20,1239,16995,182,7851,1057,9144,0,0,1043,11003,193,2993,1043,13996,California
Santa Cruz,2021-01-21,1711,18706,201,8052,1510,10654,0,0,1603,12500,108,3101,1605,15601,California
Santa Cruz,2021-01-22,1799,20505,532,8584,1267,11921,0,0,1697,14099,99,3200,1698,17299,California
Santa Cruz,2021-01-23,402,20907,147,8731,255,12176,0,0,342,14382,59,3259,342,17641,California
Santa Cruz,2021-01-24,116,21023,21,8752,95,12271,0,0,98,14462,18,3277,98,17739,California
Santa Cruz,2021-01-25,1064,22087,362,9114,702,12973,0,0,553,14504,511,3788,553,18292,California
Santa Cruz,2021-01-26,1696,23783,249,9363,1447,14420,0,0,1183,15174,513,4301,1183,19475,California
Santa Cruz,2021-01-27,1653,25436,449,9812,1204,15624,0,0,1269,16061,382,4683,1269,20744,California
Santa Cruz,2021-01-28,1749,27185,291,10103,1458,17082,0,0,1473,17259,276,4959,1474,22218,California
Santa Cruz,2021-01-29,1736,28921,490,10593,1246,18328,0,0,1606,18736,129,5088,1606,23824,California
Santa Cruz,2021-01-30,1060,29981,309,10902,751,19079,0,0,926,19528,134,5222,926,24750,California
Santa Cruz,2021-01-31,222,30203,113,11015,109,19188,0,0,208,19722,14,5236,208,24958,California
Santa Cruz,2021-02-01,1235,31438,761,11776,474,19662,0,0,828,20143,407,5643,828,25786,California
Santa Cruz,2021-02-02,1010,32448,128,11904,882,20544,0,0,856,20846,153,5796,856,26642,California
Santa Cruz,2021-02-03,2238,34686,961,12865,1277,21821,0,0,1923,22458,311,6107,1923,28565,California
Santa Cruz,2021-02-04,1855,36541,774,13639,1081,22902,0,0,1517,23638,337,6444,1517,30082,California
Santa Cruz,2021-02-05,3172,39713,793,14432,2379,25281,0,0,2851,26169,320,6764,2851,32933,California
Santa Cruz,2021-02-06,2588,42301,163,14595,2425,27706,0,0,2242,28065,346,7110,2242,35175,California
Santa Cruz,2021-02-07,909,43210,122,14717,787,28493,0,0,891,28938,18,7128,891,36066,California
Santa Cruz,2021-02-08,717,43927,203,14920,514,29007,0,0,516,29254,200,7328,516,36582,California
Santa Cruz,2021-02-09,2376,46303,1056,15976,1320,30327,0,0,2109,31100,263,7591,2109,38691,California
Santa Cruz,2021-02-10,2203,48506,580,16556,1623,31950,0,0,1502,31911,692,8283,1503,40194,California
Santa Cruz,2021-02-11,1861,50367,318,16874,1543,33493,0,0,1332,32716,527,8810,1332,41526,California
Santa Cruz,2021-02-12,3228,53595,421,17295,2807,36300,0,0,1819,33137,1400,10210,1821,43347,California
Santa Cruz,2021-02-13,1713,55308,124,17419,1589,37889,0,0,1299,34022,414,10624,1299,44646,California
Santa Cruz,2021-02-14,1410,56718,70,17489,1340,39229,0,0,1146,34904,264,10888,1146,45792,California
Santa Cruz,2021-02-15,1584,58302,281,17770,1303,40532,0,0,566,34453,1018,11906,567,46359,California
Santa Cruz,2021-02-16,1697,59999,208,17978,1489,42021,0,0,538,33854,1137,13043,538,46897,California
Santa Cruz,2021-02-17,2923,62922,977,18955,1946,43967,0,0,1220,33387,1690,14733,1223,48120,California
Santa Cruz,2021-02-18,2883,65805,638,19593,2245,46212,0,0,1232,32972,1647,16380,1232,49352,California
Santa Cruz,2021-02-19,3272,69077,1148,20741,2124,48336,0,0,2012,33727,1257,17637,2012,51364,California
Santa Cruz,2021-02-20,2388,71465,1500,22241,888,49224,0,0,1892,35123,496,18133,1892,53256,California
Santa Cruz,2021-02-21,830,72295,363,22604,467,49691,0,0,703,35701,125,18258,703,53959,California
Santa Cruz,2021-02-22,1258,73553,967,23571,291,49982,0,0,535,35515,721,18979,535,54494,California
Santa Cruz,2021-02-23,2099,75652,938,24509,1161,51143,0,0,710,34837,1388,20367,710,55204,California
Santa Cruz,2021-02-24,3195,78847,1673,26182,1522,52665,0,0,1217,34080,1974,22341,1217,56421,California
Santa Cruz,2021-02-25,3248,82095,1437,27619,1811,54476,0,0,1786,34412,1455,23796,1787,58208,California
Santa Cruz,2021-02-26,2730,84825,767,28386,1963,56439,0,0,1553,34794,1173,24969,1555,59763,California
Santa Cruz,2021-02-27,2634,87459,931,29317,1703,58142,0,0,1834,35829,799,25768,1834,61597,California
Santa Cruz,2021-02-28,1302,88761,361,29678,941,59083,0,0,1086,36702,213,25981,1086,62683,California
Santa Cruz,2021-03-01,1830,90591,1255,30933,575,59658,0,0,690,36255,1137,27118,690,63373,California
Santa Cruz,2021-03-02,1536,92127,361,31294,1175,60833,0,0,859,36442,675,27793,862,64235,California
Santa Cruz,2021-03-03,2370,94497,633,31927,1737,62570,0,0,1299,36673,1068,28861,1299,65534,California
Santa Cruz,2021-03-04,3018,97515,1415,33342,1602,64172,1,1,2033,37734,974,29835,2035,67569,California
Santa Cruz,2021-03-05,2615,100130,487,33829,2110,66282,18,19,1134,37408,1478,31313,1152,68721,California
Santa Cruz,2021-03-06,3872,104002,1347,35176,2420,68702,105,124,2159,37957,1713,33026,2262,70983,California
Santa Cruz,2021-03-07,1348,105350,129,35305,1145,69847,74,198,557,37798,790,33816,631,71614,California
Santa Cruz,2021-03-08,1085,106435,219,35524,737,70584,129,327,653,38149,431,34247,782,72396,California
Santa Cruz,2021-03-09,1775,108210,244,35768,1384,71968,147,474,701,37925,1072,35319,848,73244,California
Santa Cruz,2021-03-10,3866,112076,2093,37861,1623,73591,150,624,1997,38207,1867,37186,2149,75393,California
Santa Cruz,2021-03-11,2809,114885,1220,39081,1414,75005,175,799,1547,38670,1261,38447,1724,77117,California
Santa Cruz,2021-03-12,2766,117651,892,39973,1580,76585,294,1093,911,38023,1851,40298,1204,78321,California
Santa Cruz,2021-03-13,2316,119967,1336,41309,936,77521,44,1137,1181,38118,1132,41430,1227,79548,California
Santa Cruz,2021-03-14,906,120873,217,41526,675,78196,14,1151,441,38109,463,41893,454,80002,California
Santa Cruz,2021-03-15,1358,122231,483,42009,839,79035,36,1187,585,37961,770,42663,622,80624,California
Santa Cruz,2021-03-16,2317,124548,1088,43097,1187,80222,42,1229,1340,38369,973,43636,1381,82005,California
Santa Cruz,2021-03-17,3871,128419,2235,45332,1626,81848,10,1239,2517,39549,1350,44986,2530,84535,California
Santa Cruz,2021-03-18,3868,132287,2093,47425,1655,83503,120,1359,2065,39934,1800,46786,2185,86720,California
Santa Cruz,2021-03-19,3284,135571,1325,48750,1734,85237,225,1584,1653,40186,1626,48412,1878,88598,California
Santa Cruz,2021-03-20,2172,137743,1615,50365,520,85757,37,1621,1097,40248,1072,49484,1134,89732,California
Santa Cruz,2021-03-21,828,138571,441,50806,265,86022,122,1743,445,40435,381,49865,568,90300,California
Santa Cruz,2021-03-22,1379,139950,852,51658,504,86526,23,1766,946,40975,430,50295,970,91270,California
Santa Cruz,2021-03-23,2568,142518,1444,53102,1074,87600,50,1816,1712,41883,854,51149,1762,93032,California
Santa Cruz,2021-03-24,3035,145553,2039,55141,975,88575,21,1837,1998,42869,1032,52181,2018,95050,California
Santa Cruz,2021-03-25,2652,148205,1332,56473,1285,89860,35,1872,1357,42973,1288,53469,1392,96442,California
Santa Cruz,2021-03-26,3039,151244,1835,58308,1177,91037,27,1899,2055,44078,977,54446,2082,98524,California
Santa Cruz,2021-03-27,3240,154484,2014,60322,1201,92238,25,1924,1529,43931,1702,56148,1555,100079,California
Santa Cruz,2021-03-28,934,155418,573,60895,347,92585,14,1938,497,44009,433,56581,511,100590,California
Santa Cruz,2021-03-29,1979,157397,884,61779,1027,93612,68,2006,1279,44659,697,57278,1347,101937,California
Santa Cruz,2021-03-30,2732,160129,822,62601,1747,95359,163,2169,1757,45606,972,58250,1919,103856,California
Santa Cruz,2021-03-31,4089,164218,2736,65337,1305,96664,48,2217,2104,45777,1981,60231,2152,106008,California
Santa Cruz,2021-04-01,4049,168267,2160,67497,1782,98446,107,2324,2052,45944,1992,62223,2159,108167,California
Santa Cruz,2021-04-02,3179,171446,1431,68928,1566,100012,182,2506,1769,46490,1405,63628,1951,110118,California
Santa Cruz,2021-04-03,2263,173709,1233,70161,895,100907,135,2641,892,46147,1369,64997,1026,111144,California
Santa Cruz,2021-04-04,937,174646,491,70652,391,101298,55,2696,551,46367,386,65383,606,111750,California
Santa Cruz,2021-04-05,2277,176923,794,71446,1313,102611,170,2866,1407,47076,869,66252,1578,113328,California
Santa Cruz,2021-04-06,3416,180339,1656,73102,1377,103988,383,3249,1979,48009,1427,67679,2360,115688,California
Santa Cruz,2021-04-07,4164,184503,1640,74742,2160,106148,364,3613,1873,47958,2287,69966,2236,117924,California
Santa Cruz,2021-04-08,4274,188777,2353,77095,1403,107551,518,4131,2516,49240,1750,71716,3032,120956,California
Santa Cruz,2021-04-09,3571,192348,1508,78603,1661,109212,402,4533,1962,50001,1604,73320,2365,123321,California
Santa Cruz,2021-04-10,2266,194614,1093,79696,921,110133,252,4785,1071,50132,1191,74511,1322,124643,California
Santa Cruz,2021-04-11,992,195606,517,80213,383,110516,92,4877,477,50186,515,75026,569,125212,California
Santa Cruz,2021-04-12,2289,197895,820,81033,1039,111555,430,5307,1088,50518,1185,76211,1517,126729,California
Santa Cruz,2021-04-13,2901,200796,1462,82495,1437,112992,2,5309,1633,50890,1263,77474,1635,128364,California
Santa Cruz,2021-04-14,4642,205438,2262,84757,2380,115372,0,5309,2381,51020,2253,79727,2383,130747,California
Santa Cruz,2021-04-15,5008,210446,3193,87950,1815,117187,0,5309,3162,52347,1835,81562,3162,133909,California
Santa Cruz,2021-04-16,4433,214879,2549,90499,1882,119069,2,5311,2472,52868,1954,83516,2475,136384,California
Santa Cruz,2021-04-17,2276,217155,897,91396,1379,120448,0,5311,1513,53620,761,84277,1513,137897,California
Santa Cruz,2021-04-18,1078,218233,518,91914,559,121007,1,5312,601,53747,475,84752,602,138499,California
Santa Cruz,2021-04-19,2438,220671,1527,93441,910,121917,1,5313,1506,54324,929,85681,1506,140005,California
Santa Cruz,2021-04-20,3121,223792,1691,95132,1430,123347,0,5313,1767,54749,1343,87024,1768,141773,California
Santa Cruz,2021-04-21,4284,228076,2898,98030,1386,124733,0,5313,2413,55306,1856,88880,2413,144186,California
Santa Cruz,2021-04-22,4342,232418,2927,100957,1415,126148,0,5313,2440,55854,1892,90772,2440,146626,California
Santa Cruz,2021-04-23,3086,235504,1747,102704,1338,127486,1,5314,1391,55560,1686,92458,1392,148018,California
Santa Cruz,2021-04-24,2255,237759,1086,103790,1166,128652,3,5317,695,54707,1551,94009,698,148716,California
Santa Cruz,2021-04-25,1096,238855,700,104490,384,129036,12,5329,451,54532,637,94646,462,149178,California
Santa Cruz,2021-04-26,1776,240631,909,105399,853,129889,14,5343,673,54127,1093,95739,688,149866,California
Santa Cruz,2021-04-27,2772,243403,852,106251,1854,131743,66,5409,1383,54192,1384,97123,1449,151315,California
Santa Cruz,2021-04-28,3426,246829,1905,108156,1446,133189,75,5484,1800,54448,1616,98739,1872,153187,California
Santa Cruz,2021-04-29,3733,250562,2479,110635,1191,134380,63,5547,1286,53364,2434,101173,1350,154537,California
Santa Cruz,2021-04-30,2265,252827,1217,111852,1005,135385,43,5590,1013,53176,1244,102417,1056,155593,California
Santa Cruz,2021-05-01,1306,254133,1039,112891,234,135619,33,5623,605,53115,699,103116,638,156231,California
Santa Cruz,2021-05-02,638,254771,464,113355,149,135768,25,5648,202,52907,436,103552,228,156459,California
Santa Cruz,2021-05-03,1853,256624,959,114314,828,136596,66,5714,621,52374,1221,104773,688,157147,California
Santa Cruz,2021-05-04,2633,259257,1508,115822,1053,137649,72,5786,809,51434,1820,106593,880,158027,California
Santa Cruz,2021-05-05,2647,261904,1281,117103,1306,138955,60,5846,617,50124,1992,108585,682,158709,California
Santa Cruz,2021-05-06,3685,265589,2340,119443,1123,140078,222,6068,767,48209,2901,111486,986,159695,California
Santa Cruz,2021-05-07,2251,267840,1026,120469,1207,141285,18,6086,352,46683,1896,113382,370,160065,California
Santa Cruz,2021-05-08,995,268835,538,121007,455,141740,2,6088,181,46053,813,114195,183,160248,California
Shasta,2020-12-16,131,131,131,131,0,0,0,0,131,131,0,0,131,131,California
Shasta,2020-12-17,418,549,418,549,0,0,0,0,418,549,0,0,418,549,California
Shasta,2020-12-18,166,715,166,715,0,0,0,0,166,715,0,0,166,715,California
Shasta,2020-12-19,1,716,1,716,0,0,0,0,1,716,0,0,1,716,California
Shasta,2020-12-21,79,795,79,795,0,0,0,0,79,795,0,0,79,795,California
Shasta,2020-12-22,191,986,186,981,5,5,0,0,191,986,0,0,191,986,California
Shasta,2020-12-23,173,1159,169,1150,4,9,0,0,173,1159,0,0,173,1159,California
Shasta,2020-12-24,18,1177,18,1168,0,9,0,0,18,1177,0,0,18,1177,California
Shasta,2020-12-26,4,1181,1,1169,3,12,0,0,4,1181,0,0,4,1181,California
Shasta,2020-12-27,1,1182,0,1169,1,13,0,0,1,1182,0,0,1,1182,California
Shasta,2020-12-28,40,1222,31,1200,9,22,0,0,40,1222,0,0,40,1222,California
Shasta,2020-12-29,186,1408,185,1385,1,23,0,0,186,1408,0,0,186,1408,California
Shasta,2020-12-30,178,1586,168,1553,10,33,0,0,178,1586,0,0,178,1586,California
Shasta,2020-12-31,83,1669,2,1555,81,114,0,0,83,1669,0,0,83,1669,California
Shasta,2021-01-02,2,1671,0,1555,2,116,0,0,2,1671,0,0,2,1671,California
Shasta,2021-01-03,1,1672,1,1556,0,116,0,0,1,1672,0,0,1,1672,California
Shasta,2021-01-04,372,2044,306,1862,66,182,0,0,373,2045,0,0,373,2045,California
Shasta,2021-01-05,335,2379,314,2176,21,203,0,0,254,2218,81,81,254,2299,California
Shasta,2021-01-06,466,2845,395,2571,71,274,0,0,204,2161,261,342,204,2503,California
Shasta,2021-01-07,125,2970,36,2607,89,363,0,0,104,2244,21,363,104,2607,California
Shasta,2021-01-08,525,3495,448,3055,77,440,0,0,317,2353,208,571,317,2924,California
Shasta,2021-01-09,72,3567,63,3118,9,449,0,0,70,2421,2,573,70,2994,California
Shasta,2021-01-10,5,3572,0,3118,5,454,0,0,4,2425,1,574,5,2999,California
Shasta,2021-01-11,406,3978,184,3302,222,676,0,0,371,2761,35,609,371,3370,California
Shasta,2021-01-12,484,4462,327,3629,157,833,0,0,310,2897,174,783,310,3680,California
Shasta,2021-01-13,599,5061,267,3896,332,1165,0,0,430,3158,169,952,430,4110,California
Shasta,2021-01-14,499,5560,51,3947,448,1613,0,0,481,3621,18,970,481,4591,California
Shasta,2021-01-15,692,6252,136,4083,556,2169,0,0,690,4309,2,972,690,5281,California
Shasta,2021-01-16,897,7149,54,4137,843,3012,0,0,894,5200,3,975,894,6175,California
Shasta,2021-01-17,27,7176,6,4143,21,3033,0,0,23,5219,4,979,23,6198,California
Shasta,2021-01-18,599,7775,129,4272,470,3503,0,0,591,5802,8,987,591,6789,California
Shasta,2021-01-19,1058,8833,398,4670,660,4163,0,0,910,6564,148,1135,910,7699,California
Shasta,2021-01-20,679,9512,411,5081,268,4431,0,0,494,6878,180,1315,494,8193,California
Shasta,2021-01-21,632,10144,279,5360,353,4784,0,0,609,7464,23,1338,609,8802,California
Shasta,2021-01-22,445,10589,171,5531,274,5058,0,0,439,7897,6,1344,439,9241,California
Shasta,2021-01-23,68,10657,5,5536,63,5121,0,0,67,7963,1,1345,67,9308,California
Shasta,2021-01-24,25,10682,2,5538,23,5144,0,0,24,7986,1,1346,24,9332,California
Shasta,2021-01-25,750,11432,491,6029,259,5403,0,0,464,8165,285,1631,464,9796,California
Shasta,2021-01-26,710,12142,333,6362,377,5780,0,0,476,8409,232,1863,476,10272,California
Shasta,2021-01-27,459,12601,179,6541,280,6060,0,0,410,8770,49,1912,410,10682,California
Shasta,2021-01-28,886,13487,576,7117,310,6370,0,0,664,9212,222,2134,664,11346,California
Shasta,2021-01-29,831,14318,330,7447,501,6871,0,0,641,9664,190,2324,642,11988,California
Shasta,2021-01-30,615,14933,14,7461,601,7472,0,0,606,10261,9,2333,606,12594,California
Shasta,2021-01-31,28,14961,4,7465,24,7496,0,0,26,10285,2,2335,26,12620,California
Shasta,2021-02-01,530,15491,148,7613,382,7878,0,0,386,10527,144,2479,386,13006,California
Shasta,2021-02-02,990,16481,501,8114,489,8367,0,0,898,11335,90,2569,898,13904,California
Shasta,2021-02-03,718,17199,210,8324,508,8875,0,0,484,11585,234,2803,484,14388,California
Shasta,2021-02-04,1094,18293,674,8998,420,9295,0,0,901,12294,192,2995,901,15289,California
Shasta,2021-02-05,1240,19533,164,9162,1076,10371,0,0,1033,13121,206,3201,1033,16322,California
Shasta,2021-02-06,1744,21277,41,9203,1703,12074,0,0,1721,14819,23,3224,1721,18043,California
Shasta,2021-02-07,26,21303,3,9206,23,12097,0,0,24,14841,2,3226,24,18067,California
Shasta,2021-02-08,596,21899,167,9373,429,12526,0,0,306,14857,290,3516,306,18373,California
Shasta,2021-02-09,1124,23023,654,10027,470,12996,0,0,732,15197,392,3908,732,19105,California
Shasta,2021-02-10,1124,24147,788,10815,336,13332,0,0,599,15271,526,4434,600,19705,California
Shasta,2021-02-11,886,25033,186,11001,700,14032,0,0,364,15118,517,4951,364,20069,California
Shasta,2021-02-12,1726,26759,1145,12146,581,14613,0,0,1175,15742,551,5502,1175,21244,California
Shasta,2021-02-13,1382,28141,368,12514,1014,15627,0,0,570,15500,813,6315,571,21815,California
Shasta,2021-02-14,150,28291,4,12518,146,15773,0,0,126,15602,24,6339,126,21941,California
Shasta,2021-02-15,380,28671,90,12608,290,16063,0,0,211,15644,169,6508,211,22152,California
Shasta,2021-02-16,1193,29864,519,13127,674,16737,0,0,420,15292,772,7280,420,22572,California
Shasta,2021-02-17,1033,30897,438,13565,595,17332,0,0,413,15085,620,7900,413,22985,California
Shasta,2021-02-18,947,31844,466,14031,481,17813,0,0,460,15058,487,8387,460,23445,California
Shasta,2021-02-19,1328,33172,935,14966,393,18206,0,0,861,15452,467,8854,861,24306,California
Shasta,2021-02-20,802,33974,89,15055,713,18919,0,0,303,15256,499,9353,303,24609,California
Shasta,2021-02-21,31,34005,2,15057,29,18948,0,0,9,15243,22,9375,9,24618,California
Shasta,2021-02-22,427,34432,74,15131,353,19301,0,0,178,15173,248,9623,178,24796,California
Shasta,2021-02-23,911,35343,471,15602,440,19741,0,0,325,14912,586,10209,325,25121,California
Shasta,2021-02-24,890,36233,508,16110,382,20123,0,0,273,14569,616,10825,273,25394,California
Shasta,2021-02-25,516,36749,160,16270,356,20479,0,0,162,14378,353,11178,162,25556,California
Shasta,2021-02-26,790,37539,94,16364,696,21175,0,0,330,14250,458,11636,330,25886,California
Shasta,2021-02-27,828,38367,27,16391,801,21976,0,0,188,13800,638,12274,188,26074,California
Shasta,2021-02-28,176,38543,4,16395,172,22148,0,0,126,13876,50,12324,126,26200,California
Shasta,2021-03-01,584,39127,59,16454,525,22673,0,0,295,13883,288,12612,295,26495,California
Shasta,2021-03-02,1024,40151,472,16926,552,23225,0,0,335,13531,687,13299,335,26830,California
Shasta,2021-03-03,665,40816,167,17093,498,23723,0,0,243,13352,422,13721,243,27073,California
Shasta,2021-03-04,3021,43837,2411,19504,610,24333,0,0,1792,13917,1228,14949,1793,28866,California
Shasta,2021-03-05,1542,45379,162,19666,1351,25684,29,29,794,13991,749,15698,823,29689,California
Shasta,2021-03-06,2744,48123,387,20053,2310,27994,47,76,857,13010,1885,17583,904,30593,California
Shasta,2021-03-07,91,48214,3,20056,56,28050,32,108,37,13025,54,17637,69,30662,California
Shasta,2021-03-08,568,48782,46,20102,383,28433,139,247,155,12908,411,18048,294,30956,California
Shasta,2021-03-09,1253,50035,593,20695,482,28915,178,425,698,13228,555,18603,875,31831,California
Shasta,2021-03-10,801,50836,258,20953,341,29256,202,627,136,12901,664,19267,337,32168,California
Shasta,2021-03-11,1475,52311,471,21424,732,29988,272,899,940,13581,532,19799,1212,33380,California
Shasta,2021-03-12,1529,53840,833,22257,447,30435,249,1148,397,13094,1131,20930,644,34024,California
Shasta,2021-03-13,758,54598,425,22682,232,30667,101,1249,475,13386,282,21212,574,34598,California
Shasta,2021-03-14,1019,55617,8,22690,989,31656,22,1271,881,14152,138,21350,904,35502,California
Shasta,2021-03-15,498,56115,35,22725,363,32019,100,1371,210,14173,288,21638,309,35811,California
Shasta,2021-03-16,1132,57247,147,22872,918,32937,67,1438,849,14806,283,21921,916,36727,California
Shasta,2021-03-17,734,57981,191,23063,485,33422,58,1496,395,14926,333,22254,453,37180,California
Shasta,2021-03-18,1541,59522,585,23648,852,34274,104,1600,1116,15725,421,22675,1220,38400,California
Shasta,2021-03-19,648,60170,196,23844,396,34670,56,1656,415,15964,232,22907,471,38871,California
Shasta,2021-03-20,748,60918,490,24334,244,34914,14,1670,600,16430,148,23055,614,39485,California
Shasta,2021-03-21,312,61230,297,24631,4,34918,11,1681,286,16702,25,23080,297,39782,California
Shasta,2021-03-22,347,61577,37,24668,274,35192,36,1717,199,16790,147,23227,235,40017,California
Shasta,2021-03-23,1309,62886,650,25318,600,35792,59,1776,759,17063,545,23772,818,40835,California
Shasta,2021-03-24,607,63493,156,25474,414,36206,37,1813,365,17224,241,24013,402,41237,California
Shasta,2021-03-25,1136,64629,451,25925,664,36870,21,1834,821,17755,312,24325,843,42080,California
Shasta,2021-03-26,1834,66463,1402,27327,402,37272,30,1864,1475,18902,359,24684,1506,43586,California
Shasta,2021-03-27,1595,68058,407,27734,317,37589,871,2735,576,19329,1017,25701,1444,45030,California
Shasta,2021-03-28,405,68463,299,28033,96,37685,10,2745,302,19540,101,25802,312,45342,California
Shasta,2021-03-29,418,68881,40,28073,366,38051,12,2757,164,19463,253,26055,176,45518,California
Shasta,2021-03-30,1245,70126,766,28839,462,38513,17,2774,626,19490,616,26671,643,46161,California
Shasta,2021-03-31,616,70742,205,29044,406,38919,5,2779,380,19644,231,26902,385,46546,California
Shasta,2021-04-01,888,71630,244,29288,632,39551,12,2791,570,19909,317,27219,582,47128,California
Shasta,2021-04-02,753,72383,201,29489,500,40051,52,2843,414,20038,337,27556,466,47594,California
Shasta,2021-04-03,514,72897,361,29850,134,40185,19,2862,389,20321,125,27681,408,48002,California
Shasta,2021-04-04,288,73185,174,30024,94,40279,20,2882,214,20481,74,27755,234,48236,California
Shasta,2021-04-05,442,73627,68,30092,311,40590,63,2945,255,20612,187,27942,318,48554,California
Shasta,2021-04-06,1164,74791,485,30577,504,41094,175,3120,541,20708,619,28561,715,49269,California
Shasta,2021-04-07,653,75444,213,30790,277,41371,163,3283,256,20733,393,28954,418,49687,California
Shasta,2021-04-08,1139,76583,259,31049,726,42097,154,3437,231,20211,906,29860,384,50071,California
Shasta,2021-04-09,2578,79161,2060,33109,309,42406,209,3646,2003,21854,567,30427,2210,52281,California
Shasta,2021-04-10,877,80038,592,33701,156,42562,129,3775,264,21633,613,31040,392,52673,California
Shasta,2021-04-11,1250,81288,395,34096,835,43397,20,3795,143,20693,1103,32143,163,52836,California
Shasta,2021-04-12,338,81626,8,34104,268,43665,62,3857,97,20611,240,32383,158,52994,California
Shasta,2021-04-13,1256,82882,365,34469,889,44554,2,3859,339,20038,913,33296,340,53334,California
Shasta,2021-04-14,601,83483,142,34611,457,45011,2,3861,222,19884,378,33674,224,53558,California
Shasta,2021-04-15,1070,84553,259,34870,811,45822,0,3861,303,19423,764,34438,303,53861,California
Shasta,2021-04-16,2344,86897,1849,36719,495,46317,0,3861,939,18959,1403,35841,939,54800,California
Shasta,2021-04-17,642,87539,410,37129,232,46549,0,3861,192,18701,450,36291,192,54992,California
Shasta,2021-04-18,266,87805,241,37370,25,46574,0,3861,33,18503,231,36522,33,55025,California
Shasta,2021-04-19,381,88186,29,37399,352,46926,0,3861,162,18446,219,36741,162,55187,California
Shasta,2021-04-20,1013,89199,256,37655,757,47683,0,3861,379,18192,633,37374,379,55566,California
Shasta,2021-04-21,606,89805,220,37875,386,48069,0,3861,306,18199,299,37673,306,55872,California
Shasta,2021-04-22,957,90762,280,38155,677,48746,0,3861,300,17844,655,38328,300,56172,California
Shasta,2021-04-23,660,91422,265,38420,395,49141,0,3861,329,17843,330,38658,329,56501,California
Shasta,2021-04-24,596,92018,360,38780,236,49377,0,3861,106,17459,490,39148,106,56607,California
Shasta,2021-04-25,212,92230,182,38962,29,49406,1,3862,38,17324,174,39322,39,56646,California
Shasta,2021-04-26,464,92694,50,39012,409,49815,5,3867,329,17524,133,39455,333,56979,California
Shasta,2021-04-27,512,93206,171,39183,305,50120,36,3903,288,17625,221,39676,322,57301,California
Shasta,2021-04-28,574,93780,155,39338,386,50506,33,3936,250,17583,324,40000,282,57583,California
Shasta,2021-04-29,782,94562,120,39458,639,51145,23,3959,185,17195,596,40596,208,57791,California
Shasta,2021-04-30,2263,96825,1837,41295,395,51540,31,3990,270,15503,1993,42589,301,58092,California
Shasta,2021-05-01,223,97048,20,41315,127,51667,76,4066,95,15546,128,42717,171,58263,California
Shasta,2021-05-02,46,97094,16,41331,17,51684,13,4079,19,15551,27,42744,32,58295,California
Shasta,2021-05-03,347,97441,91,41422,230,51914,26,4105,110,15451,236,42980,136,58431,California
Shasta,2021-05-04,500,97941,175,41597,290,52204,35,4140,240,15469,257,43237,275,58706,California
Shasta,2021-05-05,416,98357,137,41734,260,52464,19,4159,187,15447,228,43465,206,58912,California
Shasta,2021-05-06,646,99003,248,41982,362,52826,36,4195,273,15389,367,43832,309,59221,California
Shasta,2021-05-07,939,99942,700,42682,212,53038,27,4222,208,14893,731,44563,235,59456,California
Shasta,2021-05-08,13,99955,5,42687,6,53044,2,4224,4,14890,8,44571,5,59461,California
Sierra,2020-12-18,1,1,1,1,0,0,0,0,1,1,0,0,1,1,California
Sierra,2020-12-21,2,3,2,3,0,0,0,0,2,3,0,0,2,3,California
Sierra,2020-12-22,12,15,12,15,0,0,0,0,12,15,0,0,12,15,California
Sierra,2020-12-23,4,19,4,19,0,0,0,0,4,19,0,0,4,19,California
Sierra,2020-12-28,1,20,0,19,1,1,0,0,1,20,0,0,1,20,California
Sierra,2020-12-29,49,69,7,26,42,43,0,0,49,69,0,0,49,69,California
Sierra,2020-12-30,2,71,0,26,2,45,0,0,2,71,0,0,2,71,California
Sierra,2020-12-31,13,84,0,26,13,58,0,0,13,84,0,0,13,84,California
Sierra,2021-01-01,1,85,1,27,0,58,0,0,1,85,0,0,1,85,California
Sierra,2021-01-05,64,149,2,29,62,120,0,0,64,149,0,0,64,149,California
Sierra,2021-01-06,1,150,1,30,0,120,0,0,1,150,0,0,1,150,California
Sierra,2021-01-07,21,171,1,31,20,140,0,0,20,169,1,1,20,170,California
Sierra,2021-01-08,1,172,1,32,0,140,0,0,1,170,0,1,1,171,California
Sierra,2021-01-11,3,175,3,35,0,140,0,0,0,167,3,4,0,171,California
Sierra,2021-01-12,40,215,12,47,28,168,0,0,28,183,12,16,28,199,California
Sierra,2021-01-13,4,219,3,50,1,169,0,0,1,181,3,19,1,200,California
Sierra,2021-01-14,35,254,2,52,33,202,0,0,35,216,0,19,35,235,California
Sierra,2021-01-15,3,257,1,53,2,204,0,0,3,219,0,19,3,238,California
Sierra,2021-01-18,2,259,0,53,2,206,0,0,2,221,0,19,2,240,California
Sierra,2021-01-19,32,291,0,53,32,238,0,0,32,253,0,19,32,272,California
Sierra,2021-01-20,1,292,1,54,0,238,0,0,1,254,0,19,1,273,California
Sierra,2021-01-21,53,345,0,54,53,291,0,0,53,307,0,19,53,326,California
Sierra,2021-01-22,2,347,0,54,2,293,0,0,2,309,0,19,2,328,California
Sierra,2021-01-23,2,349,0,54,2,295,0,0,2,311,0,19,2,330,California
Sierra,2021-01-26,62,411,0,54,62,357,0,0,24,297,38,57,24,354,California
Sierra,2021-01-27,4,415,4,58,0,357,0,0,0,293,4,61,0,354,California
Sierra,2021-01-28,53,468,0,58,53,410,0,0,43,326,10,71,43,397,California
Sierra,2021-01-29,2,470,0,58,2,412,0,0,2,328,0,71,2,399,California
Sierra,2021-01-30,3,473,3,61,0,412,0,0,2,329,1,72,2,401,California
Sierra,2021-02-01,1,474,0,61,1,413,0,0,0,328,1,73,0,401,California
Sierra,2021-02-02,58,532,1,62,57,470,0,0,19,308,39,112,19,420,California
Sierra,2021-02-03,6,538,5,67,1,471,0,0,5,312,1,113,5,425,California
Sierra,2021-02-04,104,642,6,73,98,569,0,0,55,318,49,162,55,480,California
Sierra,2021-02-05,6,648,4,77,2,571,0,0,5,322,1,163,5,485,California
Sierra,2021-02-09,51,699,0,77,51,622,0,0,48,367,3,166,48,533,California
Sierra,2021-02-10,5,704,2,79,3,625,0,0,4,370,1,167,4,537,California
Sierra,2021-02-11,196,900,1,80,195,820,0,0,134,442,62,229,134,671,California
Sierra,2021-02-12,21,921,0,80,21,841,0,0,20,461,1,230,20,691,California
Sierra,2021-02-13,1,922,1,81,0,841,0,0,1,462,0,230,1,692,California
Sierra,2021-02-15,2,924,2,83,0,841,0,0,0,460,2,232,0,692,California
Sierra,2021-02-16,43,967,0,83,43,884,0,0,10,437,33,265,10,702,California
Sierra,2021-02-17,4,971,0,83,4,888,0,0,1,435,3,268,1,703,California
Sierra,2021-02-18,141,1112,0,83,141,1029,0,0,91,476,50,318,91,794,California
Sierra,2021-02-19,2,1114,1,84,1,1030,0,0,1,476,1,319,1,795,California
Sierra,2021-02-20,2,1116,2,86,0,1030,0,0,0,474,2,321,0,795,California
Sierra,2021-02-22,1,1117,1,87,0,1030,0,0,1,475,0,321,1,796,California
Sierra,2021-02-23,4,1121,0,87,4,1034,0,0,4,479,0,321,4,800,California
Sierra,2021-02-24,4,1125,3,90,1,1035,0,0,3,481,1,322,3,803,California
Sierra,2021-02-25,125,1250,2,92,123,1158,0,0,58,473,66,388,58,861,California
Sierra,2021-02-26,11,1261,6,98,5,1163,0,0,4,470,7,395,4,865,California
Sierra,2021-02-27,2,1263,2,100,0,1163,0,0,0,468,2,397,0,865,California
Sierra,2021-03-01,2,1265,2,102,0,1163,0,0,0,466,2,399,0,865,California
Sierra,2021-03-02,56,1321,0,102,56,1219,0,0,38,486,18,417,38,903,California
Sierra,2021-03-03,2,1323,2,104,0,1219,0,0,1,486,1,418,1,904,California
Sierra,2021-03-04,109,1432,0,104,109,1328,0,0,60,497,49,467,60,964,California
Sierra,2021-03-05,13,1445,1,105,12,1340,0,0,11,506,2,469,11,975,California
Sierra,2021-03-07,1,1446,1,106,0,1340,0,0,0,505,1,470,0,975,California
Sierra,2021-03-08,2,1448,2,108,0,1340,0,0,2,507,0,470,2,977,California
Sierra,2021-03-09,56,1504,0,108,56,1396,0,0,12,475,44,514,12,989,California
Sierra,2021-03-10,6,1510,0,108,6,1402,0,0,4,477,2,516,4,993,California
Sierra,2021-03-11,175,1685,0,108,175,1577,0,0,43,389,131,647,43,1036,California
Sierra,2021-03-12,20,1705,1,109,19,1596,0,0,0,369,20,667,0,1036,California
Sierra,2021-03-13,28,1733,0,109,28,1624,0,0,28,397,0,667,28,1064,California
Sierra,2021-03-14,1,1734,0,109,0,1624,1,1,0,397,1,668,1,1065,California
Sierra,2021-03-15,1,1735,1,110,0,1624,0,1,0,396,1,669,0,1065,California
Sierra,2021-03-16,36,1771,0,110,35,1659,1,2,23,407,13,682,24,1089,California
Sierra,2021-03-17,4,1775,3,113,1,1660,0,2,1,405,3,685,1,1090,California
Sierra,2021-03-18,158,1933,0,113,158,1818,0,2,65,377,93,778,65,1155,California
Sierra,2021-03-19,4,1937,2,115,2,1820,0,2,1,375,3,781,1,1156,California
Sierra,2021-03-20,1,1938,0,115,1,1821,0,2,1,376,0,781,1,1157,California
Sierra,2021-03-23,22,1960,0,115,22,1843,0,2,13,380,9,790,13,1170,California
Sierra,2021-03-24,3,1963,1,116,2,1845,0,2,1,379,2,792,1,1171,California
Sierra,2021-03-25,99,2062,1,117,98,1943,0,2,50,380,49,841,50,1221,California
Sierra,2021-03-26,12,2074,1,118,11,1954,0,2,9,386,3,844,9,1230,California
Sierra,2021-03-27,2,2076,1,119,1,1955,0,2,0,384,2,846,0,1230,California
Sierra,2021-03-29,1,2077,1,120,0,1955,0,2,0,383,1,847,0,1230,California
Sierra,2021-03-30,55,2132,1,121,54,2009,0,2,22,372,33,880,22,1252,California
Sierra,2021-03-31,8,2140,0,121,8,2017,0,2,8,380,0,880,8,1260,California
Sierra,2021-04-01,64,2204,2,123,62,2079,0,2,6,330,56,936,6,1266,California
Sierra,2021-04-02,3,2207,2,125,1,2080,0,2,2,331,1,937,2,1268,California
Sierra,2021-04-04,1,2208,0,125,1,2081,0,2,0,331,0,937,0,1268,California
Sierra,2021-04-05,1,2209,1,126,0,2081,0,2,1,332,0,937,1,1269,California
Sierra,2021-04-06,10,2219,0,126,10,2091,0,2,0,322,10,947,0,1269,California
Sierra,2021-04-07,15,2234,3,129,6,2097,6,8,3,320,11,958,9,1278,California
Sierra,2021-04-08,53,2287,2,131,51,2148,0,8,16,299,37,995,16,1294,California
Sierra,2021-04-09,2,2289,2,133,0,2148,0,8,1,299,1,996,1,1295,California
Sierra,2021-04-10,27,2316,0,133,27,2175,0,8,0,272,27,1023,0,1295,California
Sierra,2021-04-13,46,2362,0,133,46,2221,0,8,5,236,41,1064,5,1300,California
Sierra,2021-04-14,2,2364,1,134,1,2222,0,8,2,238,0,1064,2,1302,California
Sierra,2021-04-15,49,2413,1,135,48,2270,0,8,2,193,47,1111,2,1304,California
Sierra,2021-04-16,1,2414,0,135,1,2271,0,8,1,194,0,1111,1,1305,California
Sierra,2021-04-17,2,2416,1,136,1,2272,0,8,1,194,1,1112,1,1306,California
Sierra,2021-04-19,1,2417,1,137,0,2272,0,8,0,193,1,1113,0,1306,California
Sierra,2021-04-20,34,2451,1,138,33,2305,0,8,7,173,27,1140,7,1313,California
Sierra,2021-04-21,2,2453,1,139,1,2306,0,8,1,173,1,1141,1,1314,California
Sierra,2021-04-22,65,2518,2,141,63,2369,0,8,5,119,59,1200,5,1319,California
Sierra,2021-04-23,13,2531,0,141,13,2382,0,8,5,116,8,1208,5,1324,California
Sierra,2021-04-24,4,2535,0,141,4,2386,0,8,4,120,0,1208,4,1328,California
Sierra,2021-04-27,28,2563,1,142,27,2413,0,8,5,102,23,1231,5,1333,California
Sierra,2021-04-28,10,2573,2,144,8,2421,0,8,1,94,9,1240,1,1334,California
Sierra,2021-04-29,20,2593,2,146,18,2439,0,8,14,102,6,1246,14,1348,California
Sierra,2021-04-30,4,2597,2,148,2,2441,0,8,2,102,2,1248,2,1350,California
Sierra,2021-05-03,2,2599,2,150,0,2441,0,8,1,102,1,1249,1,1351,California
Sierra,2021-05-04,1,2600,0,150,0,2441,1,9,0,102,1,1250,1,1352,California
Sierra,2021-05-05,25,2625,1,151,24,2465,0,9,8,94,16,1266,8,1360,California
Sierra,2021-05-06,1,2626,1,152,0,2465,0,9,0,93,1,1267,0,1360,California
Sierra,2021-05-07,1,2627,1,153,0,2465,0,9,1,94,0,1267,1,1361,California
Sierra,2021-05-08,2,2629,0,153,1,2466,1,10,1,95,1,1268,2,1363,California
Siskiyou,2020-12-16,2,2,2,2,0,0,0,0,2,2,0,0,2,2,California
Siskiyou,2020-12-17,4,6,4,6,0,0,0,0,4,6,0,0,4,6,California
Siskiyou,2020-12-18,2,8,2,8,0,0,0,0,2,8,0,0,2,8,California
Siskiyou,2020-12-19,4,12,4,12,0,0,0,0,4,12,0,0,4,12,California
Siskiyou,2020-12-20,1,13,1,13,0,0,0,0,1,13,0,0,1,13,California
Siskiyou,2020-12-21,132,145,132,145,0,0,0,0,132,145,0,0,132,145,California
Siskiyou,2020-12-22,159,304,159,304,0,0,0,0,159,304,0,0,159,304,California
Siskiyou,2020-12-23,142,446,142,446,0,0,0,0,142,446,0,0,142,446,California
Siskiyou,2020-12-24,5,451,5,451,0,0,0,0,5,451,0,0,5,451,California
Siskiyou,2020-12-26,2,453,0,451,2,2,0,0,2,453,0,0,2,453,California
Siskiyou,2020-12-27,2,455,0,451,2,4,0,0,2,455,0,0,2,455,California
Siskiyou,2020-12-28,3,458,1,452,2,6,0,0,3,458,0,0,3,458,California
Siskiyou,2020-12-29,6,464,2,454,4,10,0,0,6,464,0,0,6,464,California
Siskiyou,2020-12-30,98,562,3,457,95,105,0,0,98,562,0,0,98,562,California
Siskiyou,2020-12-31,12,574,0,457,12,117,0,0,12,574,0,0,12,574,California
Siskiyou,2021-01-02,1,575,1,458,0,117,0,0,1,575,0,0,1,575,California
Siskiyou,2021-01-03,1,576,0,458,1,118,0,0,1,576,0,0,1,576,California
Siskiyou,2021-01-04,130,706,3,461,127,245,0,0,130,706,0,0,130,706,California
Siskiyou,2021-01-05,117,823,4,465,113,358,0,0,116,821,1,1,116,822,California
Siskiyou,2021-01-06,59,882,6,471,53,411,0,0,55,872,4,5,55,877,California
Siskiyou,2021-01-07,178,1060,4,475,174,585,0,0,177,1048,1,6,177,1054,California
Siskiyou,2021-01-08,41,1101,3,478,38,623,0,0,39,1085,2,8,39,1093,California
Siskiyou,2021-01-09,2,1103,2,480,0,623,0,0,0,1083,2,10,0,1093,California
Siskiyou,2021-01-11,226,1329,65,545,161,784,0,0,163,1183,63,73,163,1256,California
Siskiyou,2021-01-12,322,1651,274,819,48,832,0,0,88,1038,234,307,89,1345,California
Siskiyou,2021-01-13,157,1808,137,956,20,852,0,0,23,927,134,441,23,1368,California
Siskiyou,2021-01-14,26,1834,1,957,25,877,0,0,25,951,1,442,25,1393,California
Siskiyou,2021-01-15,35,1869,3,960,32,909,0,0,35,986,0,442,35,1428,California
Siskiyou,2021-01-16,7,1876,2,962,5,914,0,0,7,993,0,442,7,1435,California
Siskiyou,2021-01-17,1,1877,1,963,0,914,0,0,0,992,1,443,0,1435,California
Siskiyou,2021-01-18,77,1954,4,967,73,987,0,0,75,1065,2,445,75,1510,California
Siskiyou,2021-01-19,21,1975,1,968,20,1007,0,0,20,1084,1,446,20,1530,California
Siskiyou,2021-01-20,47,2022,35,1003,12,1019,0,0,43,1123,4,450,43,1573,California
Siskiyou,2021-01-21,42,2064,1,1004,41,1060,0,0,42,1165,0,450,42,1615,California
Siskiyou,2021-01-22,1328,3392,1176,2180,152,1212,0,0,1328,2493,0,450,1328,2943,California
Siskiyou,2021-01-23,5,3397,1,2181,4,1216,0,0,2,2492,3,453,2,2945,California
Siskiyou,2021-01-25,182,3579,8,2189,174,1390,0,0,178,2666,4,457,178,3123,California
Siskiyou,2021-01-26,148,3727,3,2192,145,1535,0,0,140,2798,8,465,140,3263,California
Siskiyou,2021-01-27,181,3908,1,2193,180,1715,0,0,126,2869,55,520,126,3389,California
Siskiyou,2021-01-28,232,4140,118,2311,114,1829,0,0,226,3089,6,526,226,3615,California
Siskiyou,2021-01-29,249,4389,3,2314,246,2075,0,0,247,3334,2,528,247,3862,California
Siskiyou,2021-01-30,3,4392,2,2316,1,2076,0,0,3,3337,0,528,3,3865,California
Siskiyou,2021-02-01,195,4587,3,2319,192,2268,0,0,105,3352,90,618,105,3970,California
Siskiyou,2021-02-02,289,4876,45,2364,244,2512,0,0,147,3357,142,760,147,4117,California
Siskiyou,2021-02-03,314,5190,1,2365,313,2825,0,0,264,3571,50,810,264,4381,California
Siskiyou,2021-02-04,321,5511,7,2372,314,3139,0,0,200,3650,121,931,200,4581,California
Siskiyou,2021-02-05,513,6024,4,2376,509,3648,0,0,348,3833,165,1096,348,4929,California
Siskiyou,2021-02-06,15,6039,0,2376,15,3663,0,0,15,3848,0,1096,15,4944,California
Siskiyou,2021-02-07,3,6042,2,2378,1,3664,0,0,3,3851,0,1096,3,4947,California
Siskiyou,2021-02-08,221,6263,5,2383,216,3880,0,0,216,4062,5,1101,216,5163,California
Siskiyou,2021-02-09,196,6459,4,2387,192,4072,0,0,163,4192,33,1134,163,5326,California
Siskiyou,2021-02-10,370,6829,40,2427,330,4402,0,0,317,4457,52,1186,317,5643,California
Siskiyou,2021-02-11,190,7019,1,2428,189,4591,0,0,174,4615,16,1202,174,5817,California
Siskiyou,2021-02-12,1691,8710,1199,3627,492,5083,0,0,501,3926,1190,2392,501,6318,California
Siskiyou,2021-02-13,36,8746,2,3629,34,5117,0,0,32,3954,4,2396,32,6350,California
Siskiyou,2021-02-14,5,8751,1,3630,4,5121,0,0,5,3959,0,2396,5,6355,California
Siskiyou,2021-02-15,107,8858,10,3640,97,5218,0,0,105,4062,2,2398,105,6460,California
Siskiyou,2021-02-16,114,8972,2,3642,112,5330,0,0,99,4146,15,2413,99,6559,California
Siskiyou,2021-02-17,185,9157,15,3657,170,5500,0,0,171,4303,14,2427,171,6730,California
Siskiyou,2021-02-18,222,9379,89,3746,133,5633,0,0,98,4277,124,2551,98,6828,California
Siskiyou,2021-02-19,71,9450,34,3780,37,5670,0,0,34,4274,37,2588,34,6862,California
Siskiyou,2021-02-20,21,9471,3,3783,18,5688,0,0,17,4287,4,2592,17,6879,California
Siskiyou,2021-02-21,1,9472,1,3784,0,5688,0,0,1,4288,0,2592,1,6880,California
Siskiyou,2021-02-22,124,9596,1,3785,123,5811,0,0,18,4200,106,2698,18,6898,California
Siskiyou,2021-02-23,196,9792,15,3800,181,5992,0,0,52,4108,144,2842,52,6950,California
Siskiyou,2021-02-24,147,9939,4,3804,143,6135,0,0,35,4031,112,2954,35,6985,California
Siskiyou,2021-02-25,300,10239,24,3828,276,6411,0,0,154,4039,146,3100,154,7139,California
Siskiyou,2021-02-26,669,10908,10,3838,659,7070,0,0,367,4104,302,3402,367,7506,California
Siskiyou,2021-02-27,33,10941,5,3843,28,7098,0,0,28,4127,5,3407,28,7534,California
Siskiyou,2021-02-28,5,10946,4,3847,1,7099,0,0,4,4130,1,3408,4,7538,California
Siskiyou,2021-03-01,280,11226,6,3853,274,7373,0,0,50,3950,230,3638,50,7588,California
Siskiyou,2021-03-02,190,11416,1,3854,189,7562,0,0,70,3900,120,3758,70,7658,California
Siskiyou,2021-03-03,343,11759,7,3861,336,7898,0,0,153,3863,190,3948,153,7811,California
Siskiyou,2021-03-04,794,12553,621,4482,173,8071,0,0,637,4343,157,4105,637,8448,California
Siskiyou,2021-03-05,326,12879,6,4488,309,8380,11,11,105,4241,218,4323,116,8564,California
Siskiyou,2021-03-06,43,12922,3,4491,33,8413,7,18,28,4261,15,4338,35,8599,California
Siskiyou,2021-03-07,12,12934,4,4495,0,8413,8,26,3,4263,9,4347,11,8610,California
Siskiyou,2021-03-08,361,13295,31,4526,295,8708,35,61,59,4055,302,4649,94,8704,California
Siskiyou,2021-03-09,163,13458,2,4528,108,8816,53,114,57,4059,106,4755,110,8814,California
Siskiyou,2021-03-10,221,13679,7,4535,184,9000,30,144,31,3930,190,4945,61,8875,California
Siskiyou,2021-03-11,474,14153,206,4741,221,9221,47,191,274,4052,199,5144,321,9196,California
Siskiyou,2021-03-12,647,14800,141,4882,467,9688,39,230,184,3814,461,5605,223,9419,California
Siskiyou,2021-03-13,428,15228,381,5263,24,9712,23,253,382,4173,46,5651,405,9824,California
Siskiyou,2021-03-14,20,15248,1,5264,3,9715,16,269,2,4173,18,5669,18,9842,California
Siskiyou,2021-03-15,453,15701,257,5521,176,9891,20,289,321,4382,132,5801,341,10183,California
Siskiyou,2021-03-16,255,15956,32,5553,206,10097,17,306,140,4425,114,5915,157,10340,California
Siskiyou,2021-03-17,202,16158,9,5562,185,10282,8,314,34,4299,168,6083,42,10382,California
Siskiyou,2021-03-18,926,17084,788,6350,126,10408,12,326,810,5005,116,6199,822,11204,California
Siskiyou,2021-03-19,67,17151,9,6359,45,10453,13,339,20,4991,47,6246,33,11237,California
Siskiyou,2021-03-20,30,17181,7,6366,18,10471,5,344,6,4978,24,6270,11,11248,California
Siskiyou,2021-03-21,10,17191,4,6370,1,10472,5,349,4,4981,6,6276,9,11257,California
Siskiyou,2021-03-22,207,17398,21,6391,164,10636,22,371,144,5087,60,6336,166,11423,California
Siskiyou,2021-03-23,195,17593,19,6410,166,10802,10,381,141,5184,54,6390,151,11574,California
Siskiyou,2021-03-24,140,17733,47,6457,93,10895,0,381,115,5274,25,6415,115,11689,California
Siskiyou,2021-03-25,572,18305,320,6777,249,11144,3,384,400,5505,172,6587,403,12092,California
Siskiyou,2021-03-26,304,18609,35,6812,269,11413,0,384,104,5411,198,6785,104,12196,California
Siskiyou,2021-03-27,37,18646,4,6816,28,11441,5,389,9,5397,28,6813,14,12210,California
Siskiyou,2021-03-28,8,18654,7,6823,1,11442,0,389,5,5399,3,6816,5,12215,California
Siskiyou,2021-03-29,98,18752,11,6834,85,11527,2,391,47,5398,50,6866,49,12264,California
Siskiyou,2021-03-30,102,18854,7,6841,94,11621,1,392,41,5379,61,6927,42,12306,California
Siskiyou,2021-03-31,190,19044,21,6862,166,11787,3,395,50,5294,139,7066,54,12360,California
Siskiyou,2021-04-01,824,19868,667,7529,157,11944,0,395,208,4886,616,7682,208,12568,California
Siskiyou,2021-04-02,346,20214,197,7726,145,12089,4,399,65,4676,279,7961,69,12637,California
Siskiyou,2021-04-03,26,20240,5,7731,14,12103,7,406,5,4667,21,7982,12,12649,California
Siskiyou,2021-04-04,2,20242,2,7733,0,12103,0,406,1,4667,1,7983,1,12650,California
Siskiyou,2021-04-05,437,20679,330,8063,80,12183,27,433,25,4308,411,8394,52,12702,California
Siskiyou,2021-04-06,219,20898,36,8099,130,12313,53,486,125,4392,93,8487,177,12879,California
Siskiyou,2021-04-07,116,21014,11,8110,63,12376,42,528,66,4450,50,8537,108,12987,California
Siskiyou,2021-04-08,347,21361,183,8293,123,12499,41,569,60,4264,287,8824,101,13088,California
Siskiyou,2021-04-09,548,21909,381,8674,130,12629,37,606,85,3925,462,9286,123,13211,California
Siskiyou,2021-04-10,46,21955,6,8680,3,12632,37,643,7,3930,39,9325,44,13255,California
Siskiyou,2021-04-11,8,21963,5,8685,1,12633,2,645,2,3928,6,9331,4,13259,California
Siskiyou,2021-04-12,129,22092,25,8710,103,12736,1,646,49,3898,80,9411,50,13309,California
Siskiyou,2021-04-13,204,22296,36,8746,167,12903,1,647,78,3851,126,9537,79,13388,California
Siskiyou,2021-04-14,157,22453,65,8811,92,12995,0,647,86,3868,69,9606,86,13474,California
Siskiyou,2021-04-15,1116,23569,956,9767,160,13155,0,647,436,3624,680,10286,436,13910,California
Siskiyou,2021-04-16,297,23866,206,9973,91,13246,0,647,266,3860,30,10316,266,14176,California
Siskiyou,2021-04-17,12,23878,9,9982,3,13249,0,647,8,3864,4,10320,8,14184,California
Siskiyou,2021-04-18,5,23883,3,9985,2,13251,0,647,2,3863,3,10323,2,14186,California
Siskiyou,2021-04-19,126,24009,22,10007,104,13355,0,647,43,3823,83,10406,43,14229,California
Siskiyou,2021-04-20,236,24245,4,10011,232,13587,0,647,93,3773,143,10549,93,14322,California
Siskiyou,2021-04-21,96,24341,12,10023,84,13671,0,647,26,3729,70,10619,26,14348,California
Siskiyou,2021-04-22,415,24756,302,10325,113,13784,0,647,50,3414,365,10984,50,14398,California
Siskiyou,2021-04-23,171,24927,13,10338,158,13942,0,647,149,3542,21,11005,149,14547,California
Siskiyou,2021-04-24,27,24954,4,10342,23,13965,0,647,19,3553,8,11013,19,14566,California
Siskiyou,2021-04-25,2,24956,0,10342,2,13967,0,647,2,3555,0,11013,2,14568,California
Siskiyou,2021-04-26,100,25056,7,10349,88,14055,5,652,25,3510,75,11088,30,14598,California
Siskiyou,2021-04-27,102,25158,3,10352,97,14152,2,654,83,3579,16,11104,85,14683,California
Siskiyou,2021-04-28,111,25269,9,10361,94,14246,8,662,53,3582,58,11162,61,14744,California
Siskiyou,2021-04-29,105,25374,14,10375,91,14337,0,662,25,3527,80,11242,25,14769,California
Siskiyou,2021-04-30,101,25475,20,10395,80,14417,1,663,44,3517,54,11296,44,14813,California
Siskiyou,2021-05-01,10,25485,6,10401,1,14418,3,666,7,3524,3,11299,10,14823,California
Siskiyou,2021-05-02,11,25496,5,10406,6,14424,0,666,9,3531,2,11301,9,14832,California
Siskiyou,2021-05-03,112,25608,24,10430,85,14509,3,669,47,3516,65,11366,50,14882,California
Siskiyou,2021-05-04,112,25720,6,10436,103,14612,3,672,58,3524,53,11419,61,14943,California
Siskiyou,2021-05-05,115,25835,24,10460,82,14694,9,681,38,3495,76,11495,47,14990,California
Siskiyou,2021-05-06,346,26181,274,10734,67,14761,5,686,179,3512,167,11662,184,15174,California
Siskiyou,2021-05-07,288,26469,218,10952,66,14827,4,690,24,3277,263,11925,28,15202,California
Siskiyou,2021-05-08,5,26474,3,10955,2,14829,0,690,2,3276,3,11928,2,15204,California
Solano,2020-12-15,4,4,4,4,0,0,0,0,4,4,0,0,4,4,California
Solano,2020-12-16,71,75,71,75,0,0,0,0,71,75,0,0,71,75,California
Solano,2020-12-17,153,228,153,228,0,0,0,0,153,228,0,0,153,228,California
Solano,2020-12-18,445,673,444,672,1,1,0,0,445,673,0,0,445,673,California
Solano,2020-12-19,518,1191,518,1190,0,1,0,0,518,1191,0,0,518,1191,California
Solano,2020-12-20,355,1546,353,1543,2,3,0,0,355,1546,0,0,355,1546,California
Solano,2020-12-21,572,2118,570,2113,2,5,0,0,572,2118,0,0,572,2118,California
Solano,2020-12-22,663,2781,630,2743,33,38,0,0,663,2781,0,0,663,2781,California
Solano,2020-12-23,859,3640,772,3515,87,125,0,0,858,3639,0,0,858,3639,California
Solano,2020-12-24,421,4061,170,3685,251,376,0,0,421,4060,0,0,421,4060,California
Solano,2020-12-25,10,4071,2,3687,8,384,0,0,10,4070,0,0,10,4070,California
Solano,2020-12-26,175,4246,48,3735,127,511,0,0,175,4245,0,0,175,4245,California
Solano,2020-12-27,104,4350,29,3764,75,586,0,0,104,4349,0,0,104,4349,California
Solano,2020-12-28,863,5213,421,4185,442,1028,0,0,863,5212,0,0,863,5212,California
Solano,2020-12-29,896,6109,376,4561,520,1548,0,0,896,6108,0,0,896,6108,California
Solano,2020-12-30,1215,7324,601,5162,614,2162,0,0,1215,7323,0,0,1215,7323,California
Solano,2020-12-31,538,7862,137,5299,401,2563,0,0,538,7861,0,0,538,7861,California
Solano,2021-01-01,14,7876,13,5312,1,2564,0,0,14,7875,0,0,14,7875,California
Solano,2021-01-02,213,8089,165,5477,48,2612,0,0,213,8088,0,0,213,8088,California
Solano,2021-01-03,57,8146,40,5517,17,2629,0,0,52,8140,0,0,52,8140,California
Solano,2021-01-04,451,8597,246,5763,205,2834,0,0,441,8578,3,3,441,8581,California
Solano,2021-01-05,728,9325,377,6140,351,3185,0,0,574,9003,149,152,574,9155,California
Solano,2021-01-06,844,10169,436,6576,408,3593,0,0,582,9325,260,412,582,9737,California
Solano,2021-01-07,1066,11235,683,7259,383,3976,0,0,609,9480,455,867,610,10347,California
Solano,2021-01-08,1135,12370,777,8036,358,4334,0,0,542,9449,575,1442,544,10891,California
Solano,2021-01-09,885,13255,763,8799,122,4456,0,0,428,9423,454,1896,428,11319,California
Solano,2021-01-10,254,13509,194,8993,60,4516,0,0,153,9475,101,1997,153,11472,California
Solano,2021-01-11,1329,14838,1118,10111,211,4727,0,0,813,9772,516,2513,813,12285,California
Solano,2021-01-12,1566,16404,1168,11279,398,5125,0,0,1015,10238,550,3063,1016,13301,California
Solano,2021-01-13,1465,17869,1005,12284,460,5585,0,0,1206,11187,257,3320,1206,14507,California
Solano,2021-01-14,1887,19756,815,13099,1072,6657,0,0,1573,12446,314,3634,1573,16080,California
Solano,2021-01-15,1695,21451,1060,14159,635,7292,0,0,1397,13545,298,3932,1397,17477,California
Solano,2021-01-16,1290,22741,903,15062,387,7679,0,0,1115,14485,175,4107,1115,18592,California
Solano,2021-01-17,1044,23785,760,15822,284,7963,0,0,1026,15493,18,4125,1026,19618,California
Solano,2021-01-18,1415,25200,857,16679,558,8521,0,0,1297,16674,118,4243,1299,20917,California
Solano,2021-01-19,1651,26851,1339,18018,312,8833,0,0,1378,17780,272,4515,1378,22295,California
Solano,2021-01-20,2033,28884,1423,19441,610,9443,0,0,1547,18844,483,4998,1547,23842,California
Solano,2021-01-21,3171,32055,1006,20447,2165,11608,0,0,2824,21322,347,5345,2825,26667,California
Solano,2021-01-22,1756,33811,845,21292,911,12519,0,0,1566,22698,190,5535,1566,28233,California
Solano,2021-01-23,736,34547,242,21534,494,13013,0,0,531,23024,206,5741,532,28765,California
Solano,2021-01-24,403,34950,61,21595,342,13355,0,0,336,23293,67,5808,336,29101,California
Solano,2021-01-25,1646,36596,625,22220,1021,14376,0,0,1094,23837,551,6359,1095,30196,California
Solano,2021-01-26,1772,38368,736,22956,1036,15412,0,0,1141,24349,630,6989,1142,31338,California
Solano,2021-01-27,1778,40146,726,23682,1052,16464,0,0,1183,24950,582,7571,1183,32521,California
Solano,2021-01-28,1954,42100,705,24387,1249,17713,0,0,1363,25724,590,8161,1364,33885,California
Solano,2021-01-29,1698,43798,783,25170,915,18628,0,0,1343,26714,353,8514,1343,35228,California
Solano,2021-01-30,710,44508,220,25390,490,19118,0,0,549,27102,161,8675,549,35777,California
Solano,2021-01-31,485,44993,394,25784,91,19209,0,0,230,27078,255,8930,231,36008,California
Solano,2021-02-01,1509,46502,988,26772,521,19730,0,0,767,27106,739,9669,767,36775,California
Solano,2021-02-02,3353,49855,1112,27884,2241,21971,0,0,2529,28815,820,10489,2529,39304,California
Solano,2021-02-03,2263,52118,1305,29189,958,22929,0,0,1164,28884,1095,11584,1164,40468,California
Solano,2021-02-04,1797,53915,910,30099,887,23816,0,0,1075,29242,717,12301,1075,41543,California
Solano,2021-02-05,3085,57000,1412,31511,1673,25489,0,0,2084,30333,993,13294,2084,43627,California
Solano,2021-02-06,3049,60049,1170,32681,1879,27368,0,0,2234,31756,811,14105,2234,45861,California
Solano,2021-02-07,846,60895,782,33463,64,27432,0,0,231,31372,615,14720,231,46092,California
Solano,2021-02-08,1750,62645,1234,34697,516,27948,0,0,709,31043,1038,15758,709,46801,California
Solano,2021-02-09,1947,64592,1485,36182,462,28410,0,0,699,30495,1247,17005,699,47500,California
Solano,2021-02-10,2266,66858,1498,37680,768,29178,0,0,820,29869,1446,18451,820,48320,California
Solano,2021-02-11,2500,69358,1489,39169,1011,30189,0,0,1197,29774,1293,19744,1198,49518,California
Solano,2021-02-12,4206,73564,1617,40786,2589,32778,0,0,2864,31303,1335,21079,2864,52382,California
Solano,2021-02-13,2860,76424,246,41032,2614,35392,0,0,2448,33342,409,21488,2448,54830,California
Solano,2021-02-14,692,77116,202,41234,490,35882,0,0,411,33475,279,21767,412,55242,California
Solano,2021-02-15,1300,78416,324,41558,976,36858,0,0,673,33522,626,22393,673,55915,California
Solano,2021-02-16,2566,80982,1395,42953,1171,38029,0,0,1677,34311,888,23281,1677,57592,California
Solano,2021-02-17,3000,83982,1436,44389,1564,39593,0,0,1970,35255,1027,24308,1971,59563,California
Solano,2021-02-18,2801,86783,845,45234,1956,41549,0,0,844,34149,1951,26259,845,60408,California
Solano,2021-02-19,2398,89181,1447,46681,951,42500,0,0,1174,34105,1220,27479,1176,61584,California
Solano,2021-02-20,2564,91745,380,47061,2184,44684,0,0,2093,35726,472,27951,2093,63677,California
Solano,2021-02-21,2174,93919,1861,48922,313,44997,0,0,1864,37284,306,28257,1864,65541,California
Solano,2021-02-22,1718,95637,1046,49968,672,45669,0,0,906,37381,810,29067,907,66448,California
Solano,2021-02-23,2831,98468,1087,51055,1744,47413,0,0,1930,38413,898,29965,1930,68378,California
Solano,2021-02-24,2472,100940,1241,52296,1231,48644,0,0,1385,38713,1085,31050,1385,69763,California
Solano,2021-02-25,2378,103318,1433,53729,945,49589,0,0,1300,38940,1073,32123,1300,71063,California
Solano,2021-02-26,3149,106467,2002,55731,1147,50736,0,0,1835,39466,1309,33432,1835,72898,California
Solano,2021-02-27,3647,110114,1374,57105,2272,53008,1,1,2954,41736,685,34117,2955,75853,California
Solano,2021-02-28,1358,111472,1039,58144,319,53327,0,1,1080,42542,275,34392,1081,76934,California
Solano,2021-03-01,2427,113899,1052,59196,1374,54701,1,2,1826,43772,597,34989,1827,78761,California
Solano,2021-03-02,2170,116069,1365,60561,805,55506,0,2,1269,44140,901,35890,1269,80030,California
Solano,2021-03-03,2206,118275,1253,61814,953,56459,0,2,1371,44685,827,36717,1372,81402,California
Solano,2021-03-04,4344,122619,3404,65218,938,57397,2,4,3130,46613,1207,37924,3135,84537,California
Solano,2021-03-05,4899,127518,1665,66883,3229,60626,5,9,3938,49605,951,38875,3943,88480,California
Solano,2021-03-06,3832,131350,825,67708,2968,63594,39,48,2639,51099,1184,40059,2678,91158,California
Solano,2021-03-07,3542,134892,737,68445,2795,66389,10,58,1952,51483,1579,41638,1963,93121,California
Solano,2021-03-08,2112,137004,1316,69761,525,66914,271,329,1596,52836,512,42150,1865,94986,California
Solano,2021-03-09,3134,140138,1510,71271,1571,68485,53,382,2243,54238,891,43041,2293,97279,California
Solano,2021-03-10,2380,142518,1726,72997,568,69053,86,468,1254,54454,1122,44163,1338,98617,California
Solano,2021-03-11,5982,148500,1726,74723,4002,73055,254,722,4938,58606,1040,45203,5192,103809,California
Solano,2021-03-12,5974,154474,1563,76286,4235,77290,176,898,3155,59122,2815,48018,3331,107140,California
Solano,2021-03-13,4574,159048,804,77090,3686,80976,84,982,2242,59125,2325,50343,2328,109468,California
Solano,2021-03-14,3988,163036,3112,80202,423,81399,453,1435,1651,58894,2332,52675,2101,111569,California
Solano,2021-03-15,4002,167038,2445,82647,1240,82639,317,1752,2512,60241,1482,54157,2829,114398,California
Solano,2021-03-16,3060,170098,1325,83972,1499,84138,236,1988,1562,60545,1493,55650,1797,116195,California
Solano,2021-03-17,6319,176417,1665,85637,4563,88701,91,2079,4870,64060,1446,57096,4961,121156,California
Solano,2021-03-18,5163,181580,1818,87455,3309,92010,36,2115,3809,66558,1346,58442,3844,125000,California
Solano,2021-03-19,3439,185019,2521,89976,845,92855,73,2188,1748,66696,1684,60126,1822,126822,California
Solano,2021-03-20,5510,190529,1666,91642,3790,96645,54,2242,2833,66915,2668,62794,2887,129709,California
Solano,2021-03-21,1667,192196,1564,93206,79,96724,24,2266,854,66980,811,63605,876,130585,California
Solano,2021-03-22,2648,194844,2020,95226,578,97302,50,2316,1673,67729,970,64575,1719,132304,California
Solano,2021-03-23,3461,198305,1625,96851,1794,99096,42,2358,1446,67205,2011,66586,1487,133791,California
Solano,2021-03-24,2809,201114,1758,98609,1016,100112,35,2393,1370,67176,1433,68019,1404,135195,California
Solano,2021-03-25,4824,205938,3952,102561,837,100949,35,2428,2271,66934,2549,70568,2307,137502,California
Solano,2021-03-26,3205,209143,2081,104642,1088,102037,36,2464,1736,67246,1460,72028,1772,139274,California
Solano,2021-03-27,4184,213327,1147,105789,3001,105038,36,2500,1798,66700,2380,74408,1834,141108,California
Solano,2021-03-28,1415,214742,1105,106894,292,105330,18,2518,567,66442,844,75252,586,141694,California
Solano,2021-03-29,3473,218215,2030,108924,1426,106756,17,2535,1601,66197,1863,77115,1618,143312,California
Solano,2021-03-30,3001,221216,2014,110938,897,107653,90,2625,1912,67112,1087,78202,2002,145314,California
Solano,2021-03-31,3112,224328,2118,113056,835,108488,159,2784,1843,67844,1266,79468,1998,147312,California
Solano,2021-04-01,5495,229823,2077,115133,3274,111762,144,2928,3482,69469,2002,81470,3627,150939,California
Solano,2021-04-02,6473,236296,2209,117342,4098,115860,166,3094,2487,68150,3971,85441,2652,153591,California
Solano,2021-04-03,1521,237817,957,118299,410,116270,154,3248,556,67897,963,86404,710,154301,California
Solano,2021-04-04,775,238592,286,118585,188,116458,301,3549,237,67901,534,86938,538,154839,California
Solano,2021-04-05,2960,241552,2018,120603,736,117194,206,3755,1506,68160,1452,88390,1711,156550,California
Solano,2021-04-06,5816,247368,1623,122226,3702,120896,491,4246,1593,66025,4217,92607,2082,158632,California
Solano,2021-04-07,5814,253182,4488,126714,933,121829,393,4639,3293,67202,2508,95115,3685,162317,California
Solano,2021-04-08,6382,259564,1764,128478,3763,125592,855,5494,1786,65266,4569,99684,2633,164950,California
Solano,2021-04-09,6217,265781,1647,130125,3731,129323,839,6333,1508,62922,4688,104372,2344,167294,California
Solano,2021-04-10,1709,267490,947,131072,448,129771,314,6647,792,63111,916,105288,1105,168399,California
Solano,2021-04-11,1211,268701,749,131821,335,130106,127,6774,624,63278,584,105872,751,169150,California
Solano,2021-04-12,3248,271949,1670,133491,1220,131326,358,7132,1340,63071,1903,107775,1696,170846,California
Solano,2021-04-13,2519,274468,1086,134577,1432,132758,1,7133,1314,63185,1201,108976,1315,172161,California
Solano,2021-04-14,6394,280862,1946,136523,4448,137206,0,7133,1862,60528,4520,113496,1863,174024,California
Solano,2021-04-15,5631,286493,2125,138648,3506,140712,0,7133,1718,58345,3901,117397,1718,175742,California
Solano,2021-04-16,3651,290144,2560,141208,1089,141801,2,7135,2275,59254,1368,118765,2277,178019,California
Solano,2021-04-17,3239,293383,1057,142265,2182,143983,0,7135,1125,58273,2107,120872,1126,179145,California
Solano,2021-04-18,994,294377,600,142865,394,144377,0,7135,526,58332,467,121339,526,179671,California
Solano,2021-04-19,2053,296430,1154,144019,899,145276,0,7135,1142,58570,906,122245,1144,180815,California
Solano,2021-04-20,2994,299424,1822,145841,1172,146448,0,7135,1666,58912,1324,123569,1666,182481,California
Solano,2021-04-21,3545,302969,2316,148157,1229,147677,0,7135,1777,58927,1762,125331,1777,184258,California
Solano,2021-04-22,2884,305853,1439,149596,1445,149122,0,7135,1766,59578,1115,126446,1766,186024,California
Solano,2021-04-23,4103,309956,2051,151647,2052,151174,0,7135,2457,60398,1638,128084,2458,188482,California
Solano,2021-04-24,3458,313414,2273,153920,1183,152357,2,7137,2421,61862,959,129043,2423,190905,California
Solano,2021-04-25,1429,314843,1114,155034,315,152672,0,7137,1129,62698,293,129336,1129,192034,California
Solano,2021-04-26,2381,317224,1550,156584,827,153499,4,7141,1261,62855,1108,130444,1265,193299,California
Solano,2021-04-27,2282,319506,1203,157787,1055,154554,24,7165,1263,63131,1012,131456,1288,194587,California
Solano,2021-04-28,4924,324430,3946,161733,932,155486,46,7211,3110,64483,1804,133260,3156,197743,California
Solano,2021-04-29,3851,328281,1238,162971,2582,158068,31,7242,1580,63832,2262,135522,1611,199354,California
Solano,2021-04-30,3753,332034,2000,164971,1628,159696,125,7367,1833,63881,1909,137431,1958,201312,California
Solano,2021-05-01,1882,333916,1490,166461,292,159988,100,7467,1119,64342,758,138189,1219,202531,California
Solano,2021-05-02,1095,335011,934,167395,137,160125,24,7491,572,64420,518,138707,596,203127,California
Solano,2021-05-03,1439,336450,993,168388,357,160482,89,7580,589,64250,848,139555,678,203805,California
Solano,2021-05-04,1780,338230,1040,169428,679,161161,61,7641,798,64128,981,140536,859,204664,California
Solano,2021-05-05,2244,340474,1404,170832,729,161890,111,7752,1079,64157,1159,141695,1188,205852,California
Solano,2021-05-06,1868,342342,1166,171998,556,162446,146,7898,689,63816,1176,142871,835,206687,California
Solano,2021-05-07,2295,344637,1672,173670,543,162989,80,7978,718,63041,1572,144443,797,207484,California
Solano,2021-05-08,921,345558,652,174322,184,163173,85,8063,259,62725,660,145103,344,207828,California
Sonoma,2020-12-15,4,4,4,4,0,0,0,0,4,4,0,0,4,4,California
Sonoma,2020-12-16,27,31,27,31,0,0,0,0,27,31,0,0,27,31,California
Sonoma,2020-12-17,104,135,104,135,0,0,0,0,104,135,0,0,104,135,California
Sonoma,2020-12-18,420,555,420,555,0,0,0,0,420,555,0,0,420,555,California
Sonoma,2020-12-19,111,666,110,665,1,1,0,0,111,666,0,0,111,666,California
Sonoma,2020-12-20,174,840,174,839,0,1,0,0,174,840,0,0,174,840,California
Sonoma,2020-12-21,910,1750,908,1747,2,3,0,0,909,1749,0,0,909,1749,California
Sonoma,2020-12-22,1355,3105,1264,3011,91,94,0,0,1355,3104,0,0,1355,3104,California
Sonoma,2020-12-23,1606,4711,1230,4241,376,470,0,0,1607,4711,0,0,1607,4711,California
Sonoma,2020-12-24,305,5016,101,4342,204,674,0,0,305,5016,0,0,305,5016,California
Sonoma,2020-12-25,8,5024,2,4344,6,680,0,0,8,5024,0,0,8,5024,California
Sonoma,2020-12-26,267,5291,256,4600,11,691,0,0,267,5291,0,0,267,5291,California
Sonoma,2020-12-27,93,5384,80,4680,13,704,0,0,93,5384,0,0,93,5384,California
Sonoma,2020-12-28,987,6371,553,5233,434,1138,0,0,958,6342,0,0,958,6342,California
Sonoma,2020-12-29,1129,7500,776,6009,353,1491,0,0,1095,7437,0,0,1095,7437,California
Sonoma,2020-12-30,1093,8593,479,6488,614,2105,0,0,1085,8522,0,0,1085,8522,California
Sonoma,2020-12-31,517,9110,71,6559,446,2551,0,0,518,9040,0,0,518,9040,California
Sonoma,2021-01-01,11,9121,6,6565,5,2556,0,0,11,9051,0,0,11,9051,California
Sonoma,2021-01-02,131,9252,125,6690,6,2562,0,0,131,9182,0,0,131,9182,California
Sonoma,2021-01-03,25,9277,11,6701,14,2576,0,0,25,9207,0,0,25,9207,California
Sonoma,2021-01-04,341,9618,105,6806,236,2812,0,0,340,9547,0,0,340,9547,California
Sonoma,2021-01-05,438,10056,102,6908,336,3148,0,0,414,9946,15,15,414,9961,California
Sonoma,2021-01-06,946,11002,432,7340,514,3662,0,0,835,10676,105,120,835,10796,California
Sonoma,2021-01-07,1031,12033,535,7875,496,4158,0,0,861,11368,169,289,861,11657,California
Sonoma,2021-01-08,1789,13822,1232,9107,557,4715,0,0,1317,12215,470,759,1317,12974,California
Sonoma,2021-01-09,639,14461,402,9509,237,4952,0,0,591,12758,48,807,591,13565,California
Sonoma,2021-01-10,472,14933,461,9970,11,4963,0,0,279,12844,193,1000,279,13844,California
Sonoma,2021-01-11,1383,16316,1237,11207,146,5109,0,0,414,12293,965,1965,414,14258,California
Sonoma,2021-01-12,1546,17862,1293,12500,253,5362,0,0,395,11539,1149,3114,395,14653,California
Sonoma,2021-01-13,2073,19935,1427,13927,646,6008,0,0,1210,11890,860,3974,1211,15864,California
Sonoma,2021-01-14,1531,21466,809,14736,722,6730,0,0,1301,12961,230,4204,1301,17165,California
Sonoma,2021-01-15,1566,23032,635,15371,931,7661,0,0,1346,14097,211,4415,1347,18512,California
Sonoma,2021-01-16,1144,24176,617,15988,527,8188,0,0,898,14753,242,4657,898,19410,California
Sonoma,2021-01-17,669,24845,548,16536,121,8309,0,0,589,15262,80,4737,589,19999,California
Sonoma,2021-01-18,1105,25950,931,17467,174,8483,0,0,615,15388,490,5227,616,20615,California
Sonoma,2021-01-19,2096,28046,1006,18473,1090,9573,0,0,1386,16067,708,5935,1387,22002,California
Sonoma,2021-01-20,2076,30122,626,19099,1450,11023,0,0,1415,16831,652,6587,1416,23418,California
Sonoma,2021-01-21,2262,32384,647,19746,1615,12638,0,0,2043,18658,217,6804,2044,25462,California
Sonoma,2021-01-22,2737,35121,1043,20789,1694,14332,0,0,2589,21100,147,6951,2589,28051,California
Sonoma,2021-01-23,768,35889,593,21382,175,14507,0,0,661,21655,106,7057,661,28712,California
Sonoma,2021-01-24,851,36740,715,22097,136,14643,0,0,835,22474,16,7073,835,29547,California
Sonoma,2021-01-25,2172,38912,520,22617,1652,16295,0,0,1685,23672,487,7560,1685,31232,California
Sonoma,2021-01-26,2013,40925,301,22918,1712,18007,0,0,1558,24776,454,8014,1558,32790,California
Sonoma,2021-01-27,3698,44623,1279,24197,2419,20426,0,0,3125,27333,571,8585,3128,35918,California
Sonoma,2021-01-28,4119,48742,1848,26045,2271,22697,0,0,3448,30114,668,9253,3449,39367,California
Sonoma,2021-01-29,2967,51709,1411,27456,1556,24253,0,0,2134,31418,831,10084,2135,41502,California
Sonoma,2021-01-30,2583,54292,2394,29850,189,24442,0,0,2244,33324,339,10423,2245,43747,California
Sonoma,2021-01-31,777,55069,665,30515,112,24554,0,0,579,33706,197,10620,579,44326,California
Sonoma,2021-02-01,2505,57574,883,31398,1622,26176,0,0,2100,35404,402,11022,2100,46426,California
Sonoma,2021-02-02,3523,61097,1373,32771,2150,28326,0,0,2952,37787,569,11591,2952,49378,California
Sonoma,2021-02-03,4036,65133,1322,34093,2714,31040,0,0,3106,39966,927,12518,3106,52484,California
Sonoma,2021-02-04,4201,69334,1711,35804,2490,33530,0,0,3419,42606,780,13298,3420,55904,California
Sonoma,2021-02-05,4814,74148,1739,37543,3075,36605,0,0,3796,45389,1014,14312,3797,59701,California
Sonoma,2021-02-06,2657,76805,2297,39840,360,36965,0,0,2097,46927,559,14871,2097,61798,California
Sonoma,2021-02-07,1536,78341,1401,41241,135,37100,0,0,1284,47959,252,15123,1284,63082,California
Sonoma,2021-02-08,3257,81598,1033,42274,2224,39324,0,0,2677,50057,579,15702,2677,65759,California
Sonoma,2021-02-09,3566,85164,1697,43971,1869,41193,0,0,3086,52666,478,16180,3087,68846,California
Sonoma,2021-02-10,4534,89698,2477,46448,2057,43250,0,0,3497,55133,1031,17211,3498,72344,California
Sonoma,2021-02-11,5568,95266,3015,49463,2553,45803,0,0,4386,58339,1180,18391,4386,76730,California
Sonoma,2021-02-12,5902,101168,3243,52706,2659,48462,0,0,4479,61402,1419,19810,4482,81212,California
Sonoma,2021-02-13,1984,103152,1152,53858,832,49294,0,0,1201,61823,780,20590,1201,82413,California
Sonoma,2021-02-14,2315,105467,1822,55680,493,49787,0,0,1568,62645,746,21336,1568,83981,California
Sonoma,2021-02-15,2139,107606,791,56471,1348,51135,0,0,1605,63717,533,21869,1605,85586,California
Sonoma,2021-02-16,4894,112500,2051,58522,2843,53978,0,0,3640,66107,1250,23119,3640,89226,California
Sonoma,2021-02-17,5595,118095,2897,61419,2698,56676,0,0,3571,67664,2016,25135,3573,92799,California
Sonoma,2021-02-18,6922,125017,3133,64552,3789,60465,0,0,4000,68751,2914,28049,4001,96800,California
Sonoma,2021-02-19,5516,130533,1666,66218,3850,64315,0,0,3420,70081,2091,30140,3421,100221,California
Sonoma,2021-02-20,3120,133653,2840,69058,280,64595,0,0,1217,69401,1897,32037,1217,101438,California
Sonoma,2021-02-21,521,134174,415,69473,106,64701,0,0,130,69143,388,32425,130,101568,California
Sonoma,2021-02-22,2875,137049,1355,70828,1520,66221,0,0,1197,68667,1673,34098,1197,102765,California
Sonoma,2021-02-23,3361,140410,2069,72897,1292,67513,0,0,1615,68540,1742,35840,1615,104380,California
Sonoma,2021-02-24,5632,146042,2540,75437,3092,70605,0,0,2910,68736,2717,38557,2913,107293,California
Sonoma,2021-02-25,5789,151831,2237,77674,3552,74157,0,0,3108,69183,2661,41218,3108,110401,California
Sonoma,2021-02-26,6256,158087,2756,80430,3500,77657,0,0,3969,70870,2282,43500,3969,114370,California
Sonoma,2021-02-27,4023,162110,1907,82337,2116,79773,0,0,2681,72211,1340,44840,2681,117051,California
Sonoma,2021-02-28,2334,164444,1851,84188,483,80256,0,0,609,71105,1715,46555,609,117660,California
Sonoma,2021-03-01,3741,168185,1134,85322,2607,82863,0,0,1880,71135,1851,48406,1881,119541,California
Sonoma,2021-03-02,4340,172525,1478,86800,2862,85725,0,0,2529,71861,1803,50209,2529,122070,California
Sonoma,2021-03-03,5032,177557,2634,89434,2398,88123,0,0,2313,71462,2712,52921,2313,124383,California
Sonoma,2021-03-04,5915,183472,2662,92096,3253,91376,0,0,2567,70695,3334,56255,2567,126950,California
Sonoma,2021-03-05,6440,189912,2823,94919,3602,94978,15,15,2712,69710,3713,59968,2728,129678,California
Sonoma,2021-03-06,2777,192689,1212,96131,1431,96409,134,149,1910,70893,860,60828,2043,131721,California
Sonoma,2021-03-07,1681,194370,1391,97522,255,96664,35,184,356,69961,1323,62151,391,132112,California
Sonoma,2021-03-08,4052,198422,653,98175,3224,99888,175,359,2380,70852,1662,63813,2553,134665,California
Sonoma,2021-03-09,5485,203907,3002,101177,2241,102129,242,601,2672,70960,2806,66619,2914,137579,California
Sonoma,2021-03-10,5952,209859,3172,104349,2452,104581,328,929,2397,70143,3541,70160,2724,140303,California
Sonoma,2021-03-11,7520,217379,2994,107343,3706,108287,820,1749,2561,68575,4950,75110,3382,143685,California
Sonoma,2021-03-12,7396,224775,2267,109610,3769,112056,1360,3109,2106,66766,5271,80381,3462,147147,California
Sonoma,2021-03-13,3251,228026,1545,111155,1471,113527,235,3344,1855,67458,1395,81776,2087,149234,California
Sonoma,2021-03-14,1380,229406,383,111538,856,114383,141,3485,851,67923,526,82302,991,150225,California
Sonoma,2021-03-15,5221,234627,1498,113036,3338,117721,385,3870,2190,67473,3023,85325,2573,152798,California
Sonoma,2021-03-16,6274,240901,2237,115273,3805,121526,232,4102,2905,67246,3363,88688,3136,155934,California
Sonoma,2021-03-17,6743,247644,3524,118797,3039,124565,180,4282,3286,67266,3445,92133,3465,159399,California
Sonoma,2021-03-18,7118,254762,2936,121733,3568,128133,614,4896,3178,67123,3932,96065,3789,163188,California
Sonoma,2021-03-19,7484,262246,3235,124968,4018,132151,231,5127,3193,66279,4272,100337,3428,166616,California
Sonoma,2021-03-20,3628,265874,1747,126715,1052,133203,829,5956,1974,67431,1647,101984,2799,169415,California
Sonoma,2021-03-21,1382,267256,601,127316,748,133951,33,5989,1215,68516,163,102147,1248,170663,California
Sonoma,2021-03-22,4514,271770,3088,130404,1325,135276,101,6090,3422,70952,1087,103234,3523,174186,California
Sonoma,2021-03-23,5797,277567,3603,134007,2118,137394,76,6166,4420,74079,1369,104603,4496,178682,California
Sonoma,2021-03-24,6605,284172,4268,138275,2271,139665,66,6232,3992,75540,2596,107199,4057,182739,California
Sonoma,2021-03-25,6982,291154,4190,142465,2685,142350,107,6339,4228,77144,2732,109931,4336,187075,California
Sonoma,2021-03-26,7275,298429,3449,145914,3736,146086,90,6429,3803,77581,3456,113387,3893,190968,California
Sonoma,2021-03-27,3796,302225,1501,147415,1933,148019,362,6791,1120,76394,2669,116056,1482,192450,California
Sonoma,2021-03-28,1505,303730,947,148362,531,148550,27,6818,944,76807,558,116614,971,193421,California
Sonoma,2021-03-29,2856,306586,1094,149456,1729,150279,33,6851,1580,77149,1271,117885,1613,195034,California
Sonoma,2021-03-30,5705,312291,3143,152599,2499,152778,63,6914,3012,77536,2687,120572,3074,198108,California
Sonoma,2021-03-31,5512,317803,3342,155941,1956,154734,214,7128,3213,78676,2288,122860,3428,201536,California
Sonoma,2021-04-01,6681,324484,3974,159915,2371,157105,336,7464,3576,79493,3087,125947,3904,205440,California
Sonoma,2021-04-02,5902,330386,3536,163451,2257,159362,109,7573,3547,80800,2349,128296,3656,209096,California
Sonoma,2021-04-03,3368,333754,1646,165097,1500,160862,222,7795,1461,80586,1895,130191,1681,210777,California
Sonoma,2021-04-04,1057,334811,688,165785,279,161141,90,7885,668,80959,385,130576,758,211535,California
Sonoma,2021-04-05,4356,339167,587,166372,3430,164571,339,8224,1635,80218,2715,133291,1974,213509,California
Sonoma,2021-04-06,6851,346018,3469,169841,2979,167550,403,8627,3975,81731,2863,136154,4376,217885,California
Sonoma,2021-04-07,6750,352768,3808,173649,2108,169658,834,9461,3272,82364,3469,139623,4102,221987,California
Sonoma,2021-04-08,7496,360264,4095,177744,2631,172289,770,10231,4084,83813,3401,143024,4850,226837,California
Sonoma,2021-04-09,6763,367027,3767,181511,2112,174401,884,11115,3475,84892,3276,146300,4355,231192,California
Sonoma,2021-04-10,3829,370856,1686,183197,1590,175991,553,11668,1096,83813,2723,149023,1644,232836,California
Sonoma,2021-04-11,1279,372135,604,183801,593,176584,82,11750,434,83485,844,149867,516,233352,California
Sonoma,2021-04-12,4927,377062,2049,185850,2397,178981,481,12231,1842,82724,3077,152944,2316,235668,California
Sonoma,2021-04-13,7787,384849,4610,190460,3175,182156,2,12233,2958,80863,4821,157765,2960,238628,California
Sonoma,2021-04-14,6533,391382,3722,194182,2791,184947,20,12253,2526,79414,3994,161759,2545,241173,California
Sonoma,2021-04-15,7185,398567,4082,198264,3103,188050,0,12253,3551,79342,3623,165382,3551,244724,California
Sonoma,2021-04-16,6786,405353,3410,201674,3375,191425,1,12254,3850,80262,2931,168313,3851,248575,California
Sonoma,2021-04-17,3099,408452,1500,203174,1599,193024,0,12254,1498,80170,1591,169904,1499,250074,California
Sonoma,2021-04-18,1203,409655,811,203985,392,193416,0,12254,370,79709,831,170735,370,250444,California
Sonoma,2021-04-19,3293,412948,1873,205858,1419,194835,1,12255,1451,79323,1838,172573,1452,251896,California
Sonoma,2021-04-20,6259,419207,3451,209309,2808,197643,0,12255,2372,77822,3874,176447,2373,254269,California
Sonoma,2021-04-21,6344,425551,4186,213495,2156,199799,2,12257,2918,77330,3411,179858,2919,257188,California
Sonoma,2021-04-22,6112,431663,4442,217937,1670,201469,0,12257,2484,76199,3615,183473,2484,259672,California
Sonoma,2021-04-23,7259,438922,4608,222545,2644,204113,7,12264,3617,76191,3633,187106,3625,263297,California
Sonoma,2021-04-24,2695,441617,1481,224026,1200,205313,14,12278,1530,76573,1162,188268,1544,264841,California
Sonoma,2021-04-25,1077,442694,785,224811,292,205605,0,12278,428,76354,647,188915,428,265269,California
Sonoma,2021-04-26,2567,445261,1242,226053,1299,206904,26,12304,1443,76706,1117,190032,1469,266738,California
Sonoma,2021-04-27,5140,450401,3620,229673,1424,208328,96,12400,2105,75885,3022,193054,2201,268939,California
Sonoma,2021-04-28,4852,455253,3195,232868,1462,209790,195,12595,2116,75470,2721,195775,2306,271245,California
Sonoma,2021-04-29,4803,460056,3424,236292,1234,211024,145,12740,1760,74339,3036,198811,1905,273150,California
Sonoma,2021-04-30,5425,465481,3617,239909,1515,212539,293,13033,1813,72843,3601,202412,2105,275255,California
Sonoma,2021-05-01,2463,467944,1772,241681,585,213124,106,13139,1315,73118,1143,203555,1418,276673,California
Sonoma,2021-05-02,860,468804,644,242325,166,213290,50,13189,552,73413,308,203863,603,277276,California
Sonoma,2021-05-03,3169,471973,1674,243999,1352,214642,143,13332,1052,72497,2110,205973,1194,278470,California
Sonoma,2021-05-04,4546,476519,2401,246400,1971,216613,174,13506,1458,71057,3068,209041,1628,280098,California
Sonoma,2021-05-05,3618,480137,2154,248554,1278,217891,186,13692,1291,70216,2317,211358,1476,281574,California
Sonoma,2021-05-06,4313,484450,2302,250856,1900,219791,111,13803,1251,68527,3050,214408,1361,282935,California
Sonoma,2021-05-07,2991,487441,2007,252863,956,220747,28,13831,814,67202,2167,216575,842,283777,California
Sonoma,2021-05-08,1072,488513,815,253678,233,220980,24,13855,350,66857,719,217294,374,284151,California
Stanislaus,2020-12-15,3,3,3,3,0,0,0,0,3,3,0,0,3,3,California
Stanislaus,2020-12-16,37,40,37,40,0,0,0,0,37,40,0,0,37,40,California
Stanislaus,2020-12-17,74,114,74,114,0,0,0,0,74,114,0,0,74,114,California
Stanislaus,2020-12-18,337,451,331,445,6,6,0,0,337,451,0,0,337,451,California
Stanislaus,2020-12-19,133,584,133,578,0,6,0,0,133,584,0,0,133,584,California
Stanislaus,2020-12-20,85,669,85,663,0,6,0,0,85,669,0,0,85,669,California
Stanislaus,2020-12-21,1000,1669,999,1662,1,7,0,0,999,1668,0,0,999,1668,California
Stanislaus,2020-12-22,795,2464,783,2445,12,19,0,0,795,2463,0,0,795,2463,California
Stanislaus,2020-12-23,447,2911,430,2875,17,36,0,0,446,2909,0,0,446,2909,California
Stanislaus,2020-12-24,97,3008,88,2963,9,45,0,0,97,3006,0,0,97,3006,California
Stanislaus,2020-12-26,51,3059,8,2971,43,88,0,0,51,3057,0,0,51,3057,California
Stanislaus,2020-12-27,11,3070,6,2977,5,93,0,0,11,3068,0,0,11,3068,California
Stanislaus,2020-12-28,490,3560,395,3372,95,188,0,0,490,3558,0,0,490,3558,California
Stanislaus,2020-12-29,494,4054,416,3788,78,266,0,0,494,4052,0,0,494,4052,California
Stanislaus,2020-12-30,534,4588,279,4067,255,521,0,0,533,4584,1,1,533,4585,California
Stanislaus,2020-12-31,275,4863,156,4223,119,640,0,0,275,4859,0,1,275,4860,California
Stanislaus,2021-01-01,12,4875,4,4227,8,648,0,0,12,4871,0,1,12,4872,California
Stanislaus,2021-01-02,31,4906,24,4251,7,655,0,0,31,4902,0,1,31,4903,California
Stanislaus,2021-01-03,90,4996,87,4338,3,658,0,0,90,4992,0,1,90,4993,California
Stanislaus,2021-01-04,229,5225,150,4488,79,737,0,0,229,5221,0,1,229,5222,California
Stanislaus,2021-01-05,831,6056,341,4829,490,1227,0,0,809,6014,21,22,814,6036,California
Stanislaus,2021-01-06,1002,7058,599,5428,403,1630,0,0,931,6878,68,90,932,6968,California
Stanislaus,2021-01-07,1078,8136,702,6130,376,2006,0,0,888,7584,184,274,890,7858,California
Stanislaus,2021-01-08,1281,9417,725,6855,556,2562,0,0,939,8189,339,613,944,8802,California
Stanislaus,2021-01-09,285,9702,141,6996,144,2706,0,0,195,8294,90,703,195,8997,California
Stanislaus,2021-01-10,48,9750,21,7017,27,2733,0,0,29,8304,19,722,29,9026,California
Stanislaus,2021-01-11,1523,11273,1246,8263,277,3010,0,0,596,7995,922,1644,613,9639,California
Stanislaus,2021-01-12,1465,12738,862,9125,603,3613,0,0,829,8198,632,2276,835,10474,California
Stanislaus,2021-01-13,1437,14175,685,9810,752,4365,0,0,1116,9001,321,2597,1124,11598,California
Stanislaus,2021-01-14,2224,16399,281,10091,1943,6308,0,0,2065,10969,157,2754,2125,13723,California
Stanislaus,2021-01-15,2818,19217,1155,11246,1663,7971,0,0,2675,13576,139,2893,2746,16469,California
Stanislaus,2021-01-16,471,19688,50,11296,421,8392,0,0,456,14020,14,2907,458,16927,California
Stanislaus,2021-01-17,244,19932,202,11498,42,8434,0,0,238,14253,5,2912,238,17165,California
Stanislaus,2021-01-18,2184,22116,1023,12521,1161,9595,0,0,1804,15748,375,3287,1870,19035,California
Stanislaus,2021-01-19,1250,23366,722,13243,528,10123,0,0,806,16113,442,3729,807,19842,California
Stanislaus,2021-01-20,1000,24366,485,13728,515,10638,0,0,710,16534,289,4018,710,20552,California
Stanislaus,2021-01-21,3641,28007,2946,16674,695,11333,0,0,3329,19647,310,4328,3423,23975,California
Stanislaus,2021-01-22,1064,29071,307,16981,757,12090,0,0,1019,20629,41,4369,1023,24998,California
Stanislaus,2021-01-23,339,29410,39,17020,300,12390,0,0,283,20861,55,4424,287,25285,California
Stanislaus,2021-01-24,291,29701,99,17119,192,12582,0,0,225,21022,66,4490,227,25512,California
Stanislaus,2021-01-25,3137,32838,227,17346,2910,15492,0,0,2825,23707,277,4767,2962,28474,California
Stanislaus,2021-01-26,1720,34558,743,18089,977,16469,0,0,1299,24604,417,5184,1314,29788,California
Stanislaus,2021-01-27,1867,36425,1029,19118,838,17307,0,0,1163,25108,660,5844,1164,30952,California
Stanislaus,2021-01-28,2196,38621,1500,20618,696,18003,0,0,1713,26399,475,6319,1766,32718,California
Stanislaus,2021-01-29,2429,41050,1190,21808,1239,19242,0,0,1911,27880,473,6792,1954,34672,California
Stanislaus,2021-01-30,292,41342,131,21939,161,19403,0,0,229,28057,52,6844,229,34901,California
Stanislaus,2021-01-31,367,41709,313,22252,54,19457,0,0,351,28395,13,6857,351,35252,California
Stanislaus,2021-02-01,1259,42968,553,22805,706,20163,0,0,913,28973,335,7192,913,36165,California
Stanislaus,2021-02-02,1232,44200,373,23178,859,21022,0,0,779,29311,445,7637,783,36948,California
Stanislaus,2021-02-03,2460,46660,1082,24260,1378,22400,0,0,1790,30441,666,8303,1796,38744,California
Stanislaus,2021-02-04,2091,48751,725,24985,1366,23766,0,0,1576,31517,505,8808,1581,40325,California
Stanislaus,2021-02-05,2833,51584,1457,26442,1376,25142,0,0,1583,31911,1196,10004,1590,41915,California
Stanislaus,2021-02-06,883,52467,300,26742,583,25725,0,0,693,32417,188,10192,694,42609,California
Stanislaus,2021-02-07,213,52680,189,26931,24,25749,0,0,42,32290,170,10362,43,42652,California
Stanislaus,2021-02-08,2017,54697,1319,28250,698,26447,0,0,1098,32512,884,11246,1106,43758,California
Stanislaus,2021-02-09,1825,56522,777,29027,1048,27495,0,0,1041,32792,766,12012,1046,44804,California
Stanislaus,2021-02-10,1929,58451,531,29558,1398,28893,0,0,1011,32906,899,12911,1013,45817,California
Stanislaus,2021-02-11,5363,63814,3255,32813,2108,31001,0,0,1225,30179,3956,16867,1229,47046,California
Stanislaus,2021-02-12,3280,67094,910,33723,2370,33371,0,0,1445,29859,1769,18636,1449,48495,California
Stanislaus,2021-02-13,1347,68441,649,34372,698,34069,0,0,979,30478,364,19000,983,49478,California
Stanislaus,2021-02-14,421,68862,168,34540,253,34322,0,0,352,30763,67,19067,352,49830,California
Stanislaus,2021-02-15,1808,70670,229,34769,1579,35901,0,0,579,30224,1123,20190,584,50414,California
Stanislaus,2021-02-16,1358,72028,420,35189,938,36839,0,0,581,30038,769,20959,583,50997,California
Stanislaus,2021-02-17,2730,74758,1668,36857,1062,37901,0,0,1934,31186,793,21752,1941,52938,California
Stanislaus,2021-02-18,3335,78093,1887,38744,1448,39349,0,0,1786,31515,1471,23223,1800,54738,California
Stanislaus,2021-02-19,2714,80807,1053,39797,1661,41010,0,0,1521,31889,1159,24382,1533,56271,California
Stanislaus,2021-02-20,745,81552,378,40175,367,41377,0,0,482,32128,245,24627,484,56755,California
Stanislaus,2021-02-21,902,82454,687,40862,215,41592,0,0,551,32362,328,24955,562,57317,California
Stanislaus,2021-02-22,2337,84791,1690,42552,647,42239,0,0,1635,33322,677,25632,1637,58954,California
Stanislaus,2021-02-23,3689,88480,679,43231,3010,45249,0,0,1734,33251,1811,27443,1740,60694,California
Stanislaus,2021-02-24,4144,92624,2831,46062,1313,46562,0,0,3131,35389,997,28440,3135,63829,California
Stanislaus,2021-02-25,3868,96492,2638,48700,1230,47792,0,0,3070,37681,781,29221,3073,66902,California
Stanislaus,2021-02-26,4163,100655,1202,49902,2961,50753,0,0,2818,39208,1300,30521,2827,69729,California
Stanislaus,2021-02-27,2078,102733,698,50600,1379,52132,1,1,1851,40860,200,30721,1852,71581,California
Stanislaus,2021-02-28,812,103545,259,50859,553,52685,0,1,766,41588,39,30760,767,72348,California
Stanislaus,2021-03-01,2748,106293,1616,52475,1131,53816,1,2,1622,42116,1103,31863,1631,73979,California
Stanislaus,2021-03-02,2373,108666,1409,53884,963,54779,1,3,1653,43058,712,32575,1654,75633,California
Stanislaus,2021-03-03,3698,112364,2220,56104,1476,56255,2,5,2897,45171,784,33359,2897,78530,California
Stanislaus,2021-03-04,5417,117781,3098,59202,2303,58558,16,21,4196,48184,1195,34554,4208,82738,California
Stanislaus,2021-03-05,4006,121787,1108,60310,2882,61440,16,37,3045,50302,942,35496,3060,85798,California
Stanislaus,2021-03-06,3570,125357,2224,62534,1253,62693,93,130,2719,52269,847,36343,2814,88612,California
Stanislaus,2021-03-07,843,126200,384,62918,423,63116,36,166,655,52778,182,36525,691,89303,California
Stanislaus,2021-03-08,1979,128179,853,63771,1037,64153,89,255,1320,53539,647,37172,1408,90711,California
Stanislaus,2021-03-09,2163,130342,892,64663,1179,65332,92,347,1627,54735,527,37699,1723,92434,California
Stanislaus,2021-03-10,5048,135390,2490,67153,2337,67669,221,568,3732,57402,1299,38998,3966,96400,California
Stanislaus,2021-03-11,5700,141090,3127,70280,2097,69766,476,1044,4125,60589,1416,40414,4603,101003,California
Stanislaus,2021-03-12,5753,146843,1226,71506,2607,72373,1920,2964,2918,62604,2818,43232,4833,105836,California
Stanislaus,2021-03-13,3372,150215,2177,73683,1127,73500,68,3032,2684,64680,681,43913,2757,108593,California
Stanislaus,2021-03-14,990,151205,593,74276,346,73846,51,3083,488,64722,500,44413,542,109135,California
Stanislaus,2021-03-15,3677,154882,1968,76244,1351,75197,358,3441,1602,64708,1980,46393,1966,111101,California
Stanislaus,2021-03-16,4900,159782,2442,78686,2047,77244,411,3852,3534,67305,1347,47740,3944,115045,California
Stanislaus,2021-03-17,4703,164485,2847,81533,1680,78924,176,4028,2882,68569,1800,49540,3064,118109,California
Stanislaus,2021-03-18,5404,169889,3409,84942,1928,80852,67,4095,2975,69333,2283,51823,3047,121156,California
Stanislaus,2021-03-19,5907,175796,1526,86468,2856,83708,1525,5620,3101,71179,2778,54601,4624,125780,California
Stanislaus,2021-03-20,3832,179628,2998,89466,766,84474,68,5688,3362,74146,463,55064,3430,129210,California
Stanislaus,2021-03-21,981,180609,881,90347,35,84509,65,5753,747,74726,232,55296,812,130022,California
Stanislaus,2021-03-22,2804,183413,1317,91664,763,85272,724,6477,1247,75155,1541,56837,1970,131992,California
Stanislaus,2021-03-23,3931,187344,2010,93674,1661,86933,260,6737,2812,77141,1102,57939,3088,135080,California
Stanislaus,2021-03-24,4528,191872,3209,96883,1250,88183,69,6806,2636,77999,1850,59789,2708,137788,California
Stanislaus,2021-03-25,4226,196098,2903,99786,1307,89490,16,6822,1816,77498,2334,62123,1833,139621,California
Stanislaus,2021-03-26,4709,200807,1332,101118,3302,92792,75,6897,2373,77656,2303,64426,2461,142082,California
Stanislaus,2021-03-27,4305,205112,2699,103817,1577,94369,29,6926,1378,76167,2911,67337,1422,143504,California
Stanislaus,2021-03-28,1097,206209,436,104253,556,94925,105,7031,328,75855,759,68096,447,143951,California
Stanislaus,2021-03-29,2958,209167,1815,106068,1104,96029,39,7070,1972,76895,978,69074,2018,145969,California
Stanislaus,2021-03-30,3643,212810,2037,108105,1579,97608,27,7097,2222,77740,1413,70487,2258,148227,California
Stanislaus,2021-03-31,5369,218179,3806,111911,1446,99054,117,7214,2749,78016,2605,73092,2881,151108,California
Stanislaus,2021-04-01,5702,223881,3815,115726,1798,100852,89,7303,2622,77685,3067,76159,2736,153844,California
Stanislaus,2021-04-02,4972,228853,1207,116933,3614,104466,151,7454,2237,77439,2652,78811,2406,156250,California
Stanislaus,2021-04-03,4519,233372,3286,120219,1196,105662,37,7491,2225,77439,2285,81096,2285,158535,California
Stanislaus,2021-04-04,1309,234681,467,120686,812,106474,30,7521,648,77471,656,81752,688,159223,California
Stanislaus,2021-04-05,3604,238285,2516,123202,838,107312,250,7771,2340,78811,1256,83008,2596,161819,California
Stanislaus,2021-04-06,5718,244003,4154,127356,1291,108603,273,8044,3067,79519,2638,85646,3346,165165,California
Stanislaus,2021-04-07,6330,250333,3589,130945,2322,110925,419,8463,2826,79280,3490,89136,3251,168416,California
Stanislaus,2021-04-08,5656,255989,3311,134256,1914,112839,431,8894,2755,79586,2885,92021,3191,171607,California
Stanislaus,2021-04-09,4797,260786,2097,136353,2334,115173,366,9260,2177,79542,2599,94620,2555,174162,California
Stanislaus,2021-04-10,6466,267252,3978,140331,855,116028,1633,10893,1994,78712,4451,99071,3621,177783,California
Stanislaus,2021-04-11,1513,268765,848,141179,532,116560,133,11026,660,78655,851,99922,794,178577,California
Stanislaus,2021-04-12,3575,272340,2034,143213,1097,117657,444,11470,1867,79275,1698,101620,2318,180895,California
Stanislaus,2021-04-13,5181,277521,3411,146624,1757,119414,13,11483,2919,79971,2229,103849,2925,183820,California
Stanislaus,2021-04-14,4624,282145,3241,149865,1383,120797,0,11483,2242,79865,2353,106202,2247,186067,California
Stanislaus,2021-04-15,5367,287512,3305,153170,2060,122857,2,11485,3234,81005,2098,108300,3238,189305,California
Stanislaus,2021-04-16,4260,291772,974,154144,3285,126142,1,11486,1801,80389,2419,110719,1803,191108,California
Stanislaus,2021-04-17,3121,294893,2088,156232,1033,127175,0,11486,1823,80929,1287,112006,1827,192935,California
Stanislaus,2021-04-18,519,295412,206,156438,313,127488,0,11486,399,81216,114,112120,401,193336,California
Stanislaus,2021-04-19,3444,298856,2445,158883,999,128487,0,11486,1647,81104,1767,113887,1655,194991,California
Stanislaus,2021-04-20,3958,302814,2402,161285,1556,130043,0,11486,1740,80654,2192,116079,1742,196733,California
Stanislaus,2021-04-21,3769,306583,2510,163795,1258,131301,1,11487,1614,80153,2122,118201,1621,198354,California
Stanislaus,2021-04-22,3932,310515,2393,166188,1539,132840,0,11487,1588,79445,2301,120502,1593,199947,California
Stanislaus,2021-04-23,3580,314095,842,167030,2738,135578,0,11487,1472,78908,2016,122518,1479,201426,California
Stanislaus,2021-04-24,3719,317814,2917,169947,802,136380,0,11487,1756,78723,1948,124466,1763,203189,California
Stanislaus,2021-04-25,931,318745,478,170425,453,136833,0,11487,684,79170,242,124708,689,203878,California
Stanislaus,2021-04-26,3163,321908,2226,172651,931,137764,6,11493,950,77935,2198,126906,963,204841,California
Stanislaus,2021-04-27,3795,325703,2658,175309,1095,138859,42,11535,1071,76342,2707,129613,1114,205955,California
Stanislaus,2021-04-28,4116,329819,2900,178209,1155,140014,61,11596,1806,75926,2295,131908,1879,207834,California
Stanislaus,2021-04-29,3553,333372,2210,180419,1295,141309,48,11644,1396,75236,2143,134051,1453,209287,California
Stanislaus,2021-04-30,4449,337821,2034,182453,2348,143657,67,11711,1777,74426,2662,136713,1852,211139,California
Stanislaus,2021-05-01,2691,340512,1918,184371,735,144392,38,11749,1009,73805,1676,138389,1055,212194,California
Stanislaus,2021-05-02,1056,341568,605,184976,415,144807,36,11785,516,73827,535,138924,557,212751,California
Stanislaus,2021-05-03,2370,343938,1890,186866,413,145220,67,11852,892,73329,1469,140393,971,213722,California
Stanislaus,2021-05-04,3402,347340,2434,189300,886,146106,82,11934,1014,72055,2379,142772,1105,214827,California
Stanislaus,2021-05-05,3101,350441,2102,191402,926,147032,73,12007,1045,71137,2040,144812,1122,215949,California
Stanislaus,2021-05-06,2906,353347,2131,193533,668,147700,107,12114,997,70349,1899,146711,1111,217060,California
Stanislaus,2021-05-07,1632,354979,464,193997,1082,148782,86,12200,570,69953,1055,147766,659,217719,California
Stanislaus,2021-05-08,1424,356403,1062,195059,358,149140,4,12204,372,69285,1044,148810,376,218095,California
Sutter,2020-12-15,1,1,1,1,0,0,0,0,1,1,0,0,1,1,California
Sutter,2020-12-16,4,5,4,5,0,0,0,0,4,5,0,0,4,5,California
Sutter,2020-12-17,2,7,2,7,0,0,0,0,2,7,0,0,2,7,California
Sutter,2020-12-18,20,27,20,27,0,0,0,0,20,27,0,0,20,27,California
Sutter,2020-12-19,44,71,44,71,0,0,0,0,44,71,0,0,44,71,California
Sutter,2020-12-20,42,113,42,113,0,0,0,0,42,113,0,0,42,113,California
Sutter,2020-12-21,100,213,100,213,0,0,0,0,100,213,0,0,100,213,California
Sutter,2020-12-22,172,385,172,385,0,0,0,0,172,385,0,0,172,385,California
Sutter,2020-12-23,116,501,111,496,5,5,0,0,116,501,0,0,116,501,California
Sutter,2020-12-24,17,518,11,507,6,11,0,0,17,518,0,0,17,518,California
Sutter,2020-12-26,38,556,34,541,4,15,0,0,38,556,0,0,38,556,California
Sutter,2020-12-27,24,580,23,564,1,16,0,0,24,580,0,0,24,580,California
Sutter,2020-12-28,83,663,55,619,28,44,0,0,83,663,0,0,83,663,California
Sutter,2020-12-29,101,764,14,633,87,131,0,0,101,764,0,0,101,764,California
Sutter,2020-12-30,137,901,34,667,103,234,0,0,137,901,0,0,137,901,California
Sutter,2020-12-31,70,971,6,673,64,298,0,0,70,971,0,0,70,971,California
Sutter,2021-01-01,3,974,3,676,0,298,0,0,3,974,0,0,3,974,California
Sutter,2021-01-02,133,1107,131,807,2,300,0,0,133,1107,0,0,133,1107,California
Sutter,2021-01-03,1,1108,0,807,1,301,0,0,1,1108,0,0,1,1108,California
Sutter,2021-01-04,247,1355,139,946,108,409,0,0,247,1355,0,0,247,1355,California
Sutter,2021-01-05,100,1455,57,1003,43,452,0,0,98,1451,2,2,98,1453,California
Sutter,2021-01-06,204,1659,50,1053,154,606,0,0,199,1645,5,7,199,1652,California
Sutter,2021-01-07,251,1910,151,1204,100,706,0,0,242,1879,8,15,242,1894,California
Sutter,2021-01-08,147,2057,40,1244,107,813,0,0,130,1992,17,32,130,2024,California
Sutter,2021-01-09,46,2103,43,1287,3,816,0,0,5,1956,41,73,5,2029,California
Sutter,2021-01-10,397,2500,37,1324,360,1176,0,0,359,2278,37,110,359,2388,California
Sutter,2021-01-11,132,2632,114,1438,18,1194,0,0,26,2198,106,216,26,2414,California
Sutter,2021-01-12,201,2833,164,1602,37,1231,0,0,58,2113,143,359,58,2472,California
Sutter,2021-01-13,161,2994,98,1700,63,1294,0,0,71,2095,89,448,71,2543,California
Sutter,2021-01-14,145,3139,49,1749,96,1390,0,0,126,2202,19,467,126,2669,California
Sutter,2021-01-15,436,3575,132,1881,304,1694,0,0,421,2608,15,482,421,3090,California
Sutter,2021-01-16,384,3959,41,1922,343,2037,0,0,353,2931,30,512,353,3443,California
Sutter,2021-01-17,26,3985,24,1946,2,2039,0,0,10,2925,16,528,10,3453,California
Sutter,2021-01-18,116,4101,61,2007,55,2094,0,0,69,2947,47,575,69,3522,California
Sutter,2021-01-19,104,4205,43,2050,61,2155,0,0,79,3001,25,600,79,3601,California
Sutter,2021-01-20,255,4460,190,2240,65,2220,0,0,235,3216,20,620,235,3836,California
Sutter,2021-01-21,472,4932,303,2543,169,2389,0,0,453,3650,19,639,453,4289,California
Sutter,2021-01-22,269,5201,81,2624,188,2577,0,0,260,3901,9,648,260,4549,California
Sutter,2021-01-23,397,5598,40,2664,357,2934,0,0,370,4244,27,675,370,4919,California
Sutter,2021-01-24,17,5615,14,2678,3,2937,0,0,15,4257,2,677,15,4934,California
Sutter,2021-01-25,307,5922,197,2875,110,3047,0,0,152,4255,154,831,152,5086,California
Sutter,2021-01-26,243,6165,103,2978,140,3187,0,0,143,4299,99,930,143,5229,California
Sutter,2021-01-27,386,6551,255,3233,131,3318,0,0,320,4553,66,996,320,5549,California
Sutter,2021-01-28,525,7076,301,3534,224,3542,0,0,395,4819,129,1125,395,5944,California
Sutter,2021-01-29,419,7495,146,3680,273,3815,0,0,254,4908,165,1290,254,6198,California
Sutter,2021-01-30,775,8270,38,3718,737,4552,0,0,764,5661,11,1301,764,6962,California
Sutter,2021-01-31,27,8297,27,3745,0,4552,0,0,27,5688,0,1301,27,6989,California
Sutter,2021-02-01,165,8462,49,3794,116,4668,0,0,134,5791,31,1332,134,7123,California
Sutter,2021-02-02,244,8706,27,3821,217,4885,0,0,212,5971,32,1364,212,7335,California
Sutter,2021-02-03,442,9148,38,3859,404,5289,0,0,209,5947,233,1597,209,7544,California
Sutter,2021-02-04,670,9818,366,4225,304,5593,0,0,620,6517,50,1647,620,8164,California
Sutter,2021-02-05,285,10103,32,4257,253,5846,0,0,136,6504,149,1796,136,8300,California
Sutter,2021-02-06,735,10838,29,4286,706,6552,0,0,713,7195,22,1818,713,9013,California
Sutter,2021-02-07,23,10861,20,4306,3,6555,0,0,19,7210,4,1822,19,9032,California
Sutter,2021-02-08,134,10995,29,4335,105,6660,0,0,98,7272,36,1858,98,9130,California
Sutter,2021-02-09,245,11240,45,4380,200,6860,0,0,184,7395,61,1919,184,9314,California
Sutter,2021-02-10,818,12058,379,4759,439,7299,0,0,177,6932,640,2559,177,9491,California
Sutter,2021-02-11,603,12661,275,5034,328,7627,0,0,345,7019,258,2817,345,9836,California
Sutter,2021-02-12,633,13294,67,5101,566,8193,0,0,310,7007,322,3139,310,10146,California
Sutter,2021-02-13,898,14192,49,5150,849,9042,0,0,781,7671,117,3256,781,10927,California
Sutter,2021-02-14,90,14282,25,5175,65,9107,0,0,80,7741,10,3266,80,11007,California
Sutter,2021-02-15,198,14480,73,5248,125,9232,0,0,119,7781,79,3345,119,11126,California
Sutter,2021-02-16,289,14769,45,5293,244,9476,0,0,205,7903,83,3428,205,11331,California
Sutter,2021-02-17,823,15592,428,5721,395,9871,0,0,129,7338,694,4122,129,11460,California
Sutter,2021-02-18,700,16292,55,5776,645,10516,0,0,489,7617,210,4332,489,11949,California
Sutter,2021-02-19,664,16956,378,6154,286,10802,0,0,462,7879,200,4532,462,12411,California
Sutter,2021-02-20,618,17574,51,6205,567,11369,0,0,515,8292,102,4634,515,12926,California
Sutter,2021-02-21,29,17603,26,6231,3,11372,0,0,6,8275,23,4657,6,12932,California
Sutter,2021-02-22,207,17810,122,6353,85,11457,0,0,87,8242,120,4777,87,13019,California
Sutter,2021-02-23,223,18033,33,6386,190,11647,0,0,97,8213,126,4903,97,13116,California
Sutter,2021-02-24,959,18992,349,6735,610,12257,0,0,190,7635,768,5671,190,13306,California
Sutter,2021-02-25,778,19770,492,7227,286,12543,0,0,597,8054,178,5849,597,13903,California
Sutter,2021-02-26,368,20138,59,7286,309,12852,0,0,152,7992,214,6063,152,14055,California
Sutter,2021-02-27,865,21003,44,7330,821,13673,0,0,710,8545,157,6220,710,14765,California
Sutter,2021-02-28,83,21086,38,7368,45,13718,0,0,64,8591,18,6238,64,14829,California
Sutter,2021-03-01,247,21333,61,7429,186,13904,0,0,150,8644,97,6335,150,14979,California
Sutter,2021-03-02,334,21667,57,7486,277,14181,0,0,160,8631,173,6508,160,15139,California
Sutter,2021-03-03,1384,23051,514,8000,870,15051,0,0,647,8547,731,7239,647,15786,California
Sutter,2021-03-04,1256,24307,867,8867,389,15440,0,0,950,9195,302,7541,950,16736,California
Sutter,2021-03-05,336,24643,76,8943,259,15699,1,1,203,9267,132,7673,204,16940,California
Sutter,2021-03-06,1022,25665,46,8989,971,16670,5,6,860,9970,162,7835,865,17805,California
Sutter,2021-03-07,64,25729,23,9012,40,16710,1,7,44,9995,20,7855,45,17850,California
Sutter,2021-03-08,225,25954,78,9090,135,16845,12,19,157,10096,68,7923,169,18019,California
Sutter,2021-03-09,386,26340,136,9226,237,17082,13,32,183,10090,202,8125,196,18215,California
Sutter,2021-03-10,1570,27910,682,9908,827,17909,61,93,526,9636,1041,9166,587,18802,California
Sutter,2021-03-11,890,28800,438,10346,433,18342,19,112,646,10060,241,9407,665,19467,California
Sutter,2021-03-12,672,29472,110,10456,380,18722,182,294,198,9967,471,9878,378,19845,California
Sutter,2021-03-13,981,30453,747,11203,217,18939,17,311,781,10567,198,10076,798,20643,California
Sutter,2021-03-14,128,30581,21,11224,96,19035,11,322,43,10536,85,10161,54,20697,California
Sutter,2021-03-15,318,30899,66,11290,203,19238,49,371,151,10570,166,10327,200,20897,California
Sutter,2021-03-16,388,31287,86,11376,255,19493,47,418,210,10648,178,10505,256,21153,California
Sutter,2021-03-17,1497,32784,565,11941,913,20406,19,437,310,9798,1179,11684,329,21482,California
Sutter,2021-03-18,955,33739,168,12109,587,20993,200,637,564,10171,390,12074,763,22245,California
Sutter,2021-03-19,462,34201,164,12273,269,21262,29,666,283,10306,177,12251,312,22557,California
Sutter,2021-03-20,951,35152,116,12389,824,22086,11,677,863,11092,88,12339,874,23431,California
Sutter,2021-03-21,67,35219,47,12436,17,22103,3,680,37,11102,30,12369,40,23471,California
Sutter,2021-03-22,287,35506,120,12556,141,22244,26,706,212,11266,74,12443,238,23709,California
Sutter,2021-03-23,376,35882,116,12672,228,22472,32,738,254,11430,122,12565,286,23995,California
Sutter,2021-03-24,1684,37566,773,13445,841,23313,70,808,317,10464,1353,13918,387,24382,California
Sutter,2021-03-25,1035,38601,676,14121,318,23631,41,849,367,10206,666,14584,408,24790,California
Sutter,2021-03-26,482,39083,171,14292,294,23925,17,866,292,10328,187,14771,309,25099,California
Sutter,2021-03-27,932,40015,63,14355,867,24792,2,868,824,11049,105,14876,826,25925,California
Sutter,2021-03-28,125,40140,71,14426,54,24846,0,868,78,11082,45,14921,78,26003,California
Sutter,2021-03-29,427,40567,144,14570,228,25074,55,923,226,11164,199,15120,281,26284,California
Sutter,2021-03-30,475,41042,158,14728,307,25381,10,933,316,11331,159,15279,326,26610,California
Sutter,2021-03-31,1244,42286,175,14903,1053,26434,16,949,444,11000,790,16069,459,27069,California
Sutter,2021-04-01,1369,43655,727,15630,455,26889,187,1136,413,10651,949,17018,600,27669,California
Sutter,2021-04-02,513,44168,99,15729,296,27185,118,1254,202,10658,310,17328,317,27986,California
Sutter,2021-04-03,909,45077,77,15806,209,27394,623,1877,120,10614,787,18115,743,28729,California
Sutter,2021-04-04,117,45194,22,15828,89,27483,6,1883,54,10611,63,18178,60,28789,California
Sutter,2021-04-05,368,45562,146,15974,186,27669,36,1919,177,10636,188,18366,213,29002,California
Sutter,2021-04-06,508,46070,196,16170,256,27925,56,1975,272,10729,235,18601,328,29330,California
Sutter,2021-04-07,1464,47534,863,17033,526,28451,75,2050,602,10550,856,19457,677,30007,California
Sutter,2021-04-08,1024,48558,575,17608,340,28791,109,2159,561,10760,458,19915,668,30675,California
Sutter,2021-04-09,554,49112,244,17852,247,29038,63,2222,233,10737,319,20234,296,30971,California
Sutter,2021-04-10,817,49929,105,17957,88,29126,624,2846,104,10748,711,20945,722,31693,California
Sutter,2021-04-11,109,50038,27,17984,40,29166,42,2888,31,10743,78,21023,73,31766,California
Sutter,2021-04-12,337,50375,91,18075,192,29358,54,2942,137,10734,200,21223,191,31957,California
Sutter,2021-04-13,428,50803,125,18200,303,29661,0,2942,213,10734,213,21436,213,32170,California
Sutter,2021-04-14,1292,52095,160,18360,1131,30792,1,2943,213,9875,1073,22509,214,32384,California
Sutter,2021-04-15,532,52627,171,18531,361,31153,0,2943,214,9773,316,22825,214,32598,California
Sutter,2021-04-16,386,53013,115,18646,271,31424,0,2943,175,9738,210,23035,175,32773,California
Sutter,2021-04-17,571,53584,81,18727,490,31914,0,2943,500,10169,69,23104,500,33273,California
Sutter,2021-04-18,67,53651,8,18735,59,31973,0,2943,42,10187,24,23128,42,33315,California
Sutter,2021-04-19,289,53940,110,18845,179,32152,0,2943,121,10142,166,23294,121,33436,California
Sutter,2021-04-20,391,54331,136,18981,255,32407,0,2943,202,10156,188,23482,202,33638,California
Sutter,2021-04-21,1237,55568,423,19404,814,33221,0,2943,478,9884,750,24232,478,34116,California
Sutter,2021-04-22,466,56034,158,19562,308,33529,0,2943,245,9909,220,24452,245,34361,California
Sutter,2021-04-23,393,56427,111,19673,282,33811,0,2943,186,9889,206,24658,186,34547,California
Sutter,2021-04-24,324,56751,105,19778,219,34030,0,2943,185,9936,138,24796,185,34732,California
Sutter,2021-04-25,157,56908,75,19853,82,34112,0,2943,86,9954,68,24864,86,34818,California
Sutter,2021-04-26,259,57167,60,19913,197,34309,2,2945,114,9927,143,25007,116,34934,California
Sutter,2021-04-27,487,57654,228,20141,255,34564,4,2949,225,9897,259,25266,229,35163,California
Sutter,2021-04-28,816,58470,341,20482,467,35031,8,2957,260,9614,551,25817,268,35431,California
Sutter,2021-04-29,759,59229,132,20614,626,35657,1,2958,303,9465,453,26270,304,35735,California
Sutter,2021-04-30,352,59581,105,20719,234,35891,13,2971,142,9412,207,26477,154,35889,California
Sutter,2021-05-01,294,59875,105,20824,148,36039,41,3012,125,9412,166,26643,166,36055,California
Sutter,2021-05-02,78,59953,51,20875,25,36064,2,3014,45,9426,33,26676,47,36102,California
Sutter,2021-05-03,168,60121,105,20980,53,36117,10,3024,68,9404,100,26776,78,36180,California
Sutter,2021-05-04,483,60604,233,21213,187,36304,63,3087,208,9402,272,27048,270,36450,California
Sutter,2021-05-05,526,61130,137,21350,381,36685,8,3095,153,9196,367,27415,161,36611,California
Sutter,2021-05-06,357,61487,225,21575,111,36796,21,3116,158,9176,199,27614,179,36790,California
Sutter,2021-05-07,274,61761,47,21622,210,37006,17,3133,102,9126,169,27783,119,36909,California
Sutter,2021-05-08,120,61881,14,21636,105,37111,1,3134,46,9099,74,27857,47,36956,California
Tehama,2020-12-15,1,1,1,1,0,0,0,0,1,1,0,0,1,1,California
Tehama,2020-12-16,2,3,2,3,0,0,0,0,2,3,0,0,2,3,California
Tehama,2020-12-17,12,15,12,15,0,0,0,0,12,15,0,0,12,15,California
Tehama,2020-12-18,2,17,2,17,0,0,0,0,3,18,0,0,3,18,California
Tehama,2020-12-21,33,50,33,50,0,0,0,0,33,51,0,0,33,51,California
Tehama,2020-12-22,68,118,62,112,6,6,0,0,68,119,0,0,68,119,California
Tehama,2020-12-23,48,166,40,152,8,14,0,0,48,167,0,0,48,167,California
Tehama,2020-12-24,5,171,3,155,2,16,0,0,5,172,0,0,5,172,California
Tehama,2020-12-26,3,174,2,157,1,17,0,0,3,175,0,0,3,175,California
Tehama,2020-12-27,2,176,2,159,0,17,0,0,2,177,0,0,2,177,California
Tehama,2020-12-28,56,232,43,202,13,30,0,0,56,233,0,0,56,233,California
Tehama,2020-12-29,31,263,31,233,0,30,0,0,31,264,0,0,31,264,California
Tehama,2020-12-30,54,317,38,271,16,46,0,0,53,317,0,0,53,317,California
Tehama,2020-12-31,14,331,4,275,10,56,0,0,14,331,0,0,14,331,California
Tehama,2021-01-01,2,333,0,275,2,58,0,0,2,333,0,0,2,333,California
Tehama,2021-01-04,32,365,9,284,23,81,0,0,32,365,0,0,32,365,California
Tehama,2021-01-05,70,435,43,327,27,108,0,0,67,429,3,3,67,432,California
Tehama,2021-01-06,71,506,21,348,50,158,0,0,62,483,8,11,62,494,California
Tehama,2021-01-07,57,563,7,355,50,208,0,0,56,538,1,12,56,550,California
Tehama,2021-01-08,33,596,24,379,9,217,0,0,28,561,5,17,28,578,California
Tehama,2021-01-09,7,603,5,384,2,219,0,0,5,564,2,19,5,583,California
Tehama,2021-01-10,1,604,0,384,1,220,0,0,1,565,0,19,1,584,California
Tehama,2021-01-11,48,652,46,430,2,222,0,0,15,547,33,52,15,599,California
Tehama,2021-01-12,116,768,96,526,20,242,0,0,71,573,45,97,71,670,California
Tehama,2021-01-13,73,841,55,581,18,260,0,0,27,554,46,143,27,697,California
Tehama,2021-01-14,225,1066,50,631,175,435,0,0,223,775,2,145,223,920,California
Tehama,2021-01-15,247,1313,74,705,173,608,0,0,243,1014,4,149,243,1163,California
Tehama,2021-01-16,272,1585,27,732,245,853,0,0,269,1280,3,152,269,1432,California
Tehama,2021-01-17,13,1598,9,741,4,857,0,0,11,1289,2,154,11,1443,California
Tehama,2021-01-18,10,1608,6,747,4,861,0,0,5,1289,5,159,5,1448,California
Tehama,2021-01-19,288,1896,62,809,226,1087,0,0,233,1467,55,214,233,1681,California
Tehama,2021-01-20,301,2197,87,896,214,1301,0,0,251,1669,49,263,251,1932,California
Tehama,2021-01-21,214,2411,11,907,203,1504,0,0,204,1863,10,273,204,2136,California
Tehama,2021-01-22,223,2634,21,928,202,1706,0,0,220,2080,3,276,220,2356,California
Tehama,2021-01-23,261,2895,10,938,251,1957,0,0,260,2339,1,277,260,2616,California
Tehama,2021-01-25,32,2927,14,952,18,1975,0,0,14,2335,18,295,14,2630,California
Tehama,2021-01-26,323,3250,42,994,281,2256,0,0,286,2584,37,332,286,2916,California
Tehama,2021-01-27,299,3549,21,1015,278,2534,0,0,279,2843,20,352,279,3195,California
Tehama,2021-01-28,340,3889,29,1044,311,2845,0,0,325,3153,15,367,325,3520,California
Tehama,2021-01-29,321,4210,19,1063,302,3147,0,0,304,3440,17,384,304,3824,California
Tehama,2021-01-30,103,4313,2,1065,101,3248,0,0,102,3541,1,385,102,3926,California
Tehama,2021-01-31,1,4314,0,1065,1,3249,0,0,1,3542,0,385,1,3927,California
Tehama,2021-02-01,78,4392,22,1087,56,3305,0,0,36,3536,42,427,36,3963,California
Tehama,2021-02-02,345,4737,63,1150,282,3587,0,0,248,3690,94,521,248,4211,California
Tehama,2021-02-03,382,5119,12,1162,370,3957,0,0,338,3984,44,565,338,4549,California
Tehama,2021-02-04,474,5593,98,1260,376,4333,0,0,395,4301,79,644,396,4945,California
Tehama,2021-02-05,173,5766,73,1333,100,4433,0,0,111,4350,62,706,111,5056,California
Tehama,2021-02-06,28,5794,13,1346,15,4448,0,0,16,4354,12,718,16,5072,California
Tehama,2021-02-07,5,5799,4,1350,1,4449,0,0,2,4353,3,721,2,5074,California
Tehama,2021-02-08,36,5835,14,1364,22,4471,0,0,27,4371,9,730,27,5101,California
Tehama,2021-02-09,78,5913,34,1398,44,4515,0,0,44,4381,34,764,44,5145,California
Tehama,2021-02-10,233,6146,62,1460,171,4686,0,0,157,4462,76,840,157,5302,California
Tehama,2021-02-11,222,6368,16,1476,206,4892,0,0,82,4406,138,978,82,5384,California
Tehama,2021-02-12,364,6732,65,1541,299,5191,0,0,174,4390,190,1168,174,5558,California
Tehama,2021-02-13,386,7118,13,1554,373,5564,0,0,147,4298,239,1407,147,5705,California
Tehama,2021-02-14,33,7151,0,1554,33,5597,0,0,32,4329,1,1408,32,5737,California
Tehama,2021-02-15,51,7202,9,1563,42,5639,0,0,45,4368,6,1414,45,5782,California
Tehama,2021-02-16,242,7444,16,1579,226,5865,0,0,60,4246,182,1596,60,5842,California
Tehama,2021-02-17,280,7724,12,1591,268,6133,0,0,54,4074,226,1822,54,5896,California
Tehama,2021-02-18,368,8092,32,1623,336,6469,0,0,144,3994,224,2046,144,6040,California
Tehama,2021-02-19,213,8305,18,1641,195,6664,0,0,42,3865,171,2217,42,6082,California
Tehama,2021-02-20,271,8576,6,1647,265,6929,0,0,26,3646,245,2462,26,6108,California
Tehama,2021-02-22,37,8613,13,1660,24,6953,0,0,24,3657,13,2475,24,6132,California
Tehama,2021-02-23,46,8659,19,1679,27,6980,0,0,26,3663,20,2495,26,6158,California
Tehama,2021-02-24,298,8957,12,1691,286,7266,0,0,26,3417,272,2767,26,6184,California
Tehama,2021-02-25,377,9334,61,1752,316,7582,0,0,38,3116,339,3106,38,6222,California
Tehama,2021-02-26,455,9789,19,1771,436,8018,0,0,70,2801,385,3491,70,6292,California
Tehama,2021-02-27,294,10083,5,1776,289,8307,0,0,34,2575,260,3751,34,6326,California
Tehama,2021-02-28,23,10106,2,1778,21,8328,0,0,20,2592,3,3754,20,6346,California
Tehama,2021-03-01,65,10171,8,1786,57,8385,0,0,31,2589,34,3788,31,6377,California
Tehama,2021-03-02,128,10299,18,1804,110,8495,0,0,30,2521,98,3886,30,6407,California
Tehama,2021-03-03,141,10440,33,1837,108,8603,0,0,47,2474,94,3980,47,6454,California
Tehama,2021-03-04,619,11059,36,1873,583,9186,0,0,222,2306,390,4370,222,6676,California
Tehama,2021-03-05,394,11453,18,1891,376,9562,0,0,215,2343,178,4548,215,6891,California
Tehama,2021-03-06,299,11752,17,1908,282,9844,0,0,81,2208,217,4765,82,6973,California
Tehama,2021-03-07,5,11757,1,1909,4,9848,0,0,3,2210,1,4766,3,6976,California
Tehama,2021-03-08,58,11815,12,1921,31,9879,15,15,27,2222,30,4796,42,7018,California
Tehama,2021-03-09,364,12179,8,1929,337,10216,19,34,309,2495,55,4851,328,7346,California
Tehama,2021-03-10,351,12530,12,1941,318,10534,21,55,69,2304,281,5132,90,7436,California
Tehama,2021-03-11,486,13016,17,1958,423,10957,46,101,343,2550,143,5275,389,7825,California
Tehama,2021-03-12,304,13320,19,1977,220,11177,65,166,179,2669,125,5400,244,8069,California
Tehama,2021-03-13,45,13365,8,1985,31,11208,6,172,6,2642,39,5439,12,8081,California
Tehama,2021-03-14,51,13416,3,1988,37,11245,11,183,10,2622,41,5480,21,8102,California
Tehama,2021-03-15,151,13567,21,2009,110,11355,20,203,84,2659,67,5547,104,8206,California
Tehama,2021-03-16,412,13979,14,2023,360,11715,38,241,311,2908,100,5647,349,8555,California
Tehama,2021-03-17,422,14401,22,2045,368,12083,32,273,337,3194,83,5730,369,8924,California
Tehama,2021-03-18,489,14890,26,2071,439,12522,24,297,310,3351,177,5907,334,9258,California
Tehama,2021-03-19,316,15206,23,2094,280,12802,13,310,274,3596,42,5949,287,9545,California
Tehama,2021-03-20,40,15246,8,2102,30,12832,2,312,28,3614,12,5961,30,9575,California
Tehama,2021-03-21,12,15258,5,2107,7,12839,0,312,12,3626,0,5961,12,9587,California
Tehama,2021-03-22,90,15348,7,2114,66,12905,17,329,49,3651,41,6002,66,9653,California
Tehama,2021-03-23,87,15435,26,2140,54,12959,7,336,68,3707,19,6021,75,9728,California
Tehama,2021-03-24,86,15521,16,2156,68,13027,2,338,55,3733,31,6052,57,9785,California
Tehama,2021-03-25,517,16038,353,2509,151,13178,13,351,468,4166,48,6100,481,10266,California
Tehama,2021-03-26,481,16519,374,2883,95,13273,12,363,406,4509,75,6175,418,10684,California
Tehama,2021-03-27,451,16970,359,3242,67,13340,25,388,384,4852,66,6241,409,11093,California
Tehama,2021-03-28,34,17004,13,3255,21,13361,0,388,22,4862,12,6253,22,11115,California
Tehama,2021-03-29,122,17126,31,3286,90,13451,1,389,78,4896,44,6297,78,11193,California
Tehama,2021-03-30,373,17499,222,3508,149,13600,2,391,255,5035,118,6415,257,11450,California
Tehama,2021-03-31,380,17879,279,3787,98,13698,3,394,308,5274,71,6486,310,11760,California
Tehama,2021-04-01,525,18404,246,4033,273,13971,6,400,392,5539,133,6619,398,12158,California
Tehama,2021-04-02,453,18857,214,4247,233,14204,6,406,268,5628,184,6803,273,12431,California
Tehama,2021-04-03,61,18918,3,4250,53,14257,5,411,30,5632,31,6834,35,12466,California
Tehama,2021-04-04,34,18952,6,4256,27,14284,1,412,22,5643,12,6846,23,12489,California
Tehama,2021-04-05,114,19066,20,4276,68,14352,26,438,59,5673,55,6901,85,12574,California
Tehama,2021-04-06,490,19556,110,4386,329,14681,51,489,140,5514,350,7251,191,12765,California
Tehama,2021-04-07,419,19975,282,4668,93,14774,44,533,304,5747,114,7365,347,13112,California
Tehama,2021-04-08,600,20575,174,4842,388,15162,38,571,229,5644,370,7735,267,13379,California
Tehama,2021-04-09,429,21004,192,5034,204,15366,33,604,214,5678,213,7948,247,13626,California
Tehama,2021-04-10,72,21076,9,5043,37,15403,26,630,39,5710,33,7981,65,13691,California
Tehama,2021-04-11,33,21109,7,5050,15,15418,11,641,8,5704,25,8006,19,13710,California
Tehama,2021-04-12,113,21222,6,5056,88,15506,19,660,43,5696,70,8076,62,13772,California
Tehama,2021-04-13,310,21532,59,5115,251,15757,0,660,64,5515,246,8322,65,13837,California
Tehama,2021-04-14,466,21998,49,5164,417,16174,0,660,51,5152,414,8736,51,13888,California
Tehama,2021-04-15,495,22493,191,5355,304,16478,0,660,84,4825,411,9147,84,13972,California
Tehama,2021-04-16,585,23078,333,5688,252,16730,0,660,93,4426,492,9639,93,14065,California
Tehama,2021-04-17,347,23425,268,5956,79,16809,0,660,41,4163,305,9944,42,14107,California
Tehama,2021-04-18,16,23441,2,5958,14,16823,0,660,12,4171,4,9948,12,14119,California
Tehama,2021-04-19,93,23534,7,5965,86,16909,0,660,40,4158,53,10001,40,14159,California
Tehama,2021-04-20,500,24034,412,6377,88,16997,0,660,147,3956,351,10352,149,14308,California
Tehama,2021-04-21,511,24545,437,6814,74,17071,0,660,184,3813,327,10679,184,14492,California
Tehama,2021-04-22,508,25053,358,7172,150,17221,0,660,148,3602,359,11038,148,14640,California
Tehama,2021-04-23,445,25498,347,7519,98,17319,0,660,204,3566,241,11279,205,14845,California
Tehama,2021-04-24,104,25602,18,7537,86,17405,0,660,30,3522,74,11353,30,14875,California
Tehama,2021-04-25,29,25631,18,7555,11,17416,0,660,11,3515,18,11371,11,14886,California
Tehama,2021-04-26,72,25703,7,7562,65,17481,0,660,42,3528,29,11400,42,14928,California
Tehama,2021-04-27,248,25951,203,7765,45,17526,0,660,91,3462,157,11557,91,15019,California
Tehama,2021-04-28,395,26346,318,8083,60,17586,17,677,65,3214,330,11887,82,15101,California
Tehama,2021-04-29,350,26696,171,8254,174,17760,5,682,67,3004,282,12169,72,15173,California
Tehama,2021-04-30,323,27019,239,8493,78,17838,6,688,112,2911,211,12380,118,15291,California
Tehama,2021-05-01,72,27091,4,8497,65,17903,3,691,14,2870,58,12438,17,15308,California
Tehama,2021-05-02,46,27137,24,8521,10,17913,12,703,26,2888,20,12458,38,15346,California
Tehama,2021-05-03,115,27252,39,8560,68,17981,8,711,62,2905,53,12511,70,15416,California
Tehama,2021-05-04,151,27403,53,8613,91,18072,7,718,65,2891,86,12597,72,15488,California
Tehama,2021-05-05,87,27490,22,8635,54,18126,11,729,38,2891,49,12646,49,15537,California
Tehama,2021-05-06,157,27647,88,8723,52,18178,17,746,91,2933,66,12712,108,15645,California
Tehama,2021-05-07,145,27792,66,8789,71,18249,8,754,32,2863,110,12822,40,15685,California
Tehama,2021-05-08,38,27830,0,8789,38,18287,0,754,7,2839,31,12853,7,15692,California
Trinity,2020-12-17,4,4,4,4,0,0,0,0,4,4,0,0,4,4,California
Trinity,2020-12-18,2,6,2,6,0,0,0,0,2,6,0,0,2,6,California
Trinity,2020-12-21,39,45,39,45,0,0,0,0,39,45,0,0,39,45,California
Trinity,2020-12-22,5,50,5,50,0,0,0,0,5,50,0,0,5,50,California
Trinity,2020-12-23,5,55,5,55,0,0,0,0,5,55,0,0,5,55,California
Trinity,2020-12-28,30,85,30,85,0,0,0,0,30,85,0,0,30,85,California
Trinity,2020-12-29,8,93,7,92,1,1,0,0,8,93,0,0,8,93,California
Trinity,2020-12-30,10,103,8,100,2,3,0,0,10,103,0,0,10,103,California
Trinity,2020-12-31,2,105,1,101,1,4,0,0,2,105,0,0,2,105,California
Trinity,2021-01-04,28,133,0,101,28,32,0,0,27,132,0,0,27,132,California
Trinity,2021-01-05,2,135,1,102,1,33,0,0,2,134,0,0,2,134,California
Trinity,2021-01-06,24,159,4,106,20,53,0,0,20,150,4,4,20,154,California
Trinity,2021-01-08,49,208,2,108,47,100,0,0,48,196,2,6,48,202,California
Trinity,2021-01-11,42,250,39,147,3,103,0,0,4,162,38,44,4,206,California
Trinity,2021-01-12,9,259,7,154,2,105,0,0,4,161,5,49,4,210,California
Trinity,2021-01-13,7,266,4,158,3,108,0,0,4,162,3,52,4,214,California
Trinity,2021-01-14,4,270,1,159,3,111,0,0,4,166,0,52,4,218,California
Trinity,2021-01-15,4,274,0,159,4,115,0,0,4,170,0,52,4,222,California
Trinity,2021-01-16,4,278,0,159,4,119,0,0,4,174,0,52,4,226,California
Trinity,2021-01-18,31,309,31,190,0,119,0,0,1,145,30,82,1,227,California
Trinity,2021-01-19,96,405,14,204,82,201,0,0,82,213,14,96,82,309,California
Trinity,2021-01-20,19,424,3,207,16,217,0,0,17,228,2,98,17,326,California
Trinity,2021-01-21,17,441,7,214,10,227,0,0,17,245,0,98,17,343,California
Trinity,2021-01-22,5,446,1,215,4,231,0,0,5,250,0,98,5,348,California
Trinity,2021-01-23,7,453,3,218,4,235,0,0,7,257,0,98,7,355,California
Trinity,2021-01-25,14,467,1,219,13,248,0,0,13,269,1,99,13,368,California
Trinity,2021-01-26,10,477,1,220,9,257,0,0,9,277,1,100,9,377,California
Trinity,2021-01-27,12,489,0,220,12,269,0,0,12,289,0,100,12,389,California
Trinity,2021-01-28,13,502,3,223,10,279,0,0,10,296,3,103,10,399,California
Trinity,2021-01-29,3,505,1,224,2,281,0,0,2,297,1,104,2,401,California
Trinity,2021-01-30,12,517,11,235,1,282,0,0,12,309,0,104,12,413,California
Trinity,2021-02-01,2,519,1,236,1,283,0,0,1,309,1,105,1,414,California
Trinity,2021-02-02,13,532,3,239,10,293,0,0,13,322,0,105,13,427,California
Trinity,2021-02-03,6,538,1,240,5,298,0,0,3,322,3,108,3,430,California
Trinity,2021-02-04,42,580,32,272,10,308,0,0,35,350,7,115,35,465,California
Trinity,2021-02-05,350,930,0,272,350,658,0,0,320,640,30,145,320,785,California
Trinity,2021-02-06,210,1140,5,277,205,863,0,0,203,836,7,152,203,988,California
Trinity,2021-02-07,1,1141,0,277,1,864,0,0,1,837,0,152,1,989,California
Trinity,2021-02-08,25,1166,0,277,25,889,0,0,15,842,10,162,15,1004,California
Trinity,2021-02-09,27,1193,2,279,25,914,0,0,11,837,16,178,11,1015,California
Trinity,2021-02-10,122,1315,10,289,112,1026,0,0,102,919,20,198,102,1117,California
Trinity,2021-02-11,339,1654,2,291,337,1363,0,0,332,1244,7,205,332,1449,California
Trinity,2021-02-12,14,1668,6,297,8,1371,0,0,10,1250,4,209,10,1459,California
Trinity,2021-02-13,12,1680,5,302,7,1378,0,0,5,1248,7,216,5,1464,California
Trinity,2021-02-14,2,1682,2,304,0,1378,0,0,2,1250,0,216,2,1466,California
Trinity,2021-02-15,47,1729,0,304,47,1425,0,0,47,1297,0,216,47,1513,California
Trinity,2021-02-16,6,1735,2,306,4,1429,0,0,3,1297,3,219,3,1516,California
Trinity,2021-02-17,94,1829,2,308,92,1521,0,0,84,1371,10,229,84,1600,California
Trinity,2021-02-18,4,1833,0,308,4,1525,0,0,1,1369,3,232,1,1601,California
Trinity,2021-02-19,304,2137,2,310,302,1827,0,0,290,1645,14,246,290,1891,California
Trinity,2021-02-20,141,2278,14,324,127,1954,0,0,113,1730,28,274,113,2004,California
Trinity,2021-02-22,8,2286,0,324,8,1962,0,0,5,1732,3,277,5,2009,California
Trinity,2021-02-23,11,2297,4,328,7,1969,0,0,6,1733,5,282,6,2015,California
Trinity,2021-02-24,30,2327,8,336,22,1991,0,0,7,1717,23,305,7,2022,California
Trinity,2021-02-25,36,2363,23,359,13,2004,0,0,5,1691,31,336,5,2027,California
Trinity,2021-02-26,11,2374,1,360,10,2014,0,0,5,1690,6,342,5,2032,California
Trinity,2021-02-27,9,2383,7,367,2,2016,0,0,4,1689,5,347,4,2036,California
Trinity,2021-03-01,9,2392,0,367,9,2025,0,0,5,1690,4,351,5,2041,California
Trinity,2021-03-02,9,2401,3,370,6,2031,0,0,2,1685,7,358,2,2043,California
Trinity,2021-03-03,5,2406,0,370,5,2036,0,0,4,1688,1,359,4,2047,California
Trinity,2021-03-04,24,2430,19,389,5,2041,0,0,14,1692,10,369,14,2061,California
Trinity,2021-03-05,388,2818,1,390,387,2428,0,0,121,1550,263,632,121,2182,California
Trinity,2021-03-06,202,3020,7,397,195,2623,0,0,27,1402,175,807,27,2209,California
Trinity,2021-03-07,4,3024,3,400,1,2624,0,0,3,1404,1,808,3,2212,California
Trinity,2021-03-08,3,3027,0,400,2,2626,1,1,1,1404,2,810,2,2214,California
Trinity,2021-03-09,94,3121,0,400,92,2718,2,3,89,1490,5,815,91,2305,California
Trinity,2021-03-10,126,3247,3,403,120,2838,3,6,38,1443,88,903,41,2346,California
Trinity,2021-03-11,14,3261,4,407,8,2846,2,8,5,1441,9,912,7,2353,California
Trinity,2021-03-12,385,3646,5,412,374,3220,6,14,90,1242,295,1207,96,2449,California
Trinity,2021-03-13,13,3659,8,420,3,3223,2,16,8,1247,5,1212,10,2459,California
Trinity,2021-03-14,2,3661,0,420,2,3225,0,16,2,1249,0,1212,2,2461,California
Trinity,2021-03-15,67,3728,0,420,66,3291,1,17,14,1211,53,1265,15,2476,California
Trinity,2021-03-16,115,3843,7,427,108,3399,0,17,101,1298,14,1279,101,2577,California
Trinity,2021-03-17,100,3943,3,430,97,3496,0,17,26,1250,74,1353,26,2603,California
Trinity,2021-03-18,10,3953,2,432,5,3501,3,20,5,1253,5,1358,8,2611,California
Trinity,2021-03-19,459,4412,4,436,345,3846,110,130,36,976,423,1781,146,2757,California
Trinity,2021-03-20,104,4516,7,443,97,3943,0,130,69,1011,34,1815,69,2826,California
Trinity,2021-03-21,4,4520,0,443,3,3946,1,131,3,1014,1,1816,4,2830,California
Trinity,2021-03-22,2,4522,0,443,2,3948,0,131,2,1016,0,1816,2,2832,California
Trinity,2021-03-23,96,4618,2,445,94,4042,0,131,78,1076,18,1834,78,2910,California
Trinity,2021-03-24,12,4630,1,446,11,4053,0,131,9,1082,3,1837,9,2919,California
Trinity,2021-03-25,110,4740,8,454,96,4149,6,137,84,1146,26,1863,90,3009,California
Trinity,2021-03-26,85,4825,8,462,77,4226,0,137,78,1217,7,1870,78,3087,California
Trinity,2021-03-27,18,4843,4,466,5,4231,9,146,7,1222,11,1881,16,3103,California
Trinity,2021-03-28,5,4848,3,469,2,4233,0,146,1,1219,4,1885,1,3104,California
Trinity,2021-03-29,5,4853,0,469,5,4238,0,146,2,1218,3,1888,2,3106,California
Trinity,2021-03-30,77,4930,5,474,72,4310,0,146,67,1275,10,1898,67,3173,California
Trinity,2021-03-31,56,4986,5,479,19,4329,32,178,21,1292,35,1933,52,3225,California
Trinity,2021-04-01,41,5027,11,490,19,4348,11,189,21,1304,20,1953,32,3257,California
Trinity,2021-04-02,242,5269,5,495,163,4511,74,263,72,1281,169,2122,146,3403,California
Trinity,2021-04-03,18,5287,13,508,5,4516,0,263,8,1279,10,2132,8,3411,California
Trinity,2021-04-04,10,5297,8,516,2,4518,0,263,8,1285,2,2134,8,3419,California
Trinity,2021-04-05,59,5356,6,522,52,4570,1,264,55,1337,4,2138,56,3475,California
Trinity,2021-04-06,114,5470,15,537,96,4666,3,267,26,1278,88,2226,29,3504,California
Trinity,2021-04-07,21,5491,12,549,4,4670,5,272,13,1288,8,2234,18,3522,California
Trinity,2021-04-08,87,5578,10,559,75,4745,2,274,50,1303,37,2271,52,3574,California
Trinity,2021-04-09,168,5746,20,579,143,4888,5,279,89,1318,79,2350,94,3668,California
Trinity,2021-04-10,11,5757,7,586,4,4892,0,279,10,1327,1,2351,10,3678,California
Trinity,2021-04-11,9,5766,5,591,2,4894,2,281,4,1328,5,2356,6,3684,California
Trinity,2021-04-12,77,5843,5,596,71,4965,1,282,64,1380,12,2368,64,3748,California
Trinity,2021-04-13,97,5940,5,601,92,5057,0,282,10,1303,87,2455,10,3758,California
Trinity,2021-04-14,10,5950,5,606,5,5062,0,282,6,1305,4,2459,6,3764,California
Trinity,2021-04-15,43,5993,10,616,33,5095,0,282,14,1290,29,2488,14,3778,California
Trinity,2021-04-16,143,6136,12,628,131,5226,0,282,71,1289,72,2560,71,3849,California
Trinity,2021-04-17,11,6147,5,633,6,5232,0,282,9,1296,2,2562,9,3858,California
Trinity,2021-04-18,1,6148,1,634,0,5232,0,282,0,1295,1,2563,0,3858,California
Trinity,2021-04-19,5,6153,2,636,3,5235,0,282,4,1298,1,2564,4,3862,California
Trinity,2021-04-20,92,6245,8,644,84,5319,0,282,20,1246,72,2636,20,3882,California
Trinity,2021-04-21,22,6267,9,653,13,5332,0,282,9,1242,13,2649,9,3891,California
Trinity,2021-04-22,91,6358,5,658,86,5418,0,282,14,1179,77,2726,14,3905,California
Trinity,2021-04-23,182,6540,6,664,176,5594,0,282,113,1223,69,2795,113,4018,California
Trinity,2021-04-24,20,6560,13,677,7,5601,0,282,5,1213,15,2810,5,4023,California
Trinity,2021-04-25,10,6570,9,686,1,5602,0,282,3,1210,6,2816,3,4026,California
Trinity,2021-04-26,45,6615,6,692,39,5641,0,282,40,1245,5,2821,40,4066,California
Trinity,2021-04-27,85,6700,7,699,78,5719,0,282,22,1204,63,2884,22,4088,California
Trinity,2021-04-28,33,6733,11,710,22,5741,0,282,12,1195,21,2905,12,4100,California
Trinity,2021-04-29,34,6767,13,723,21,5762,0,282,12,1185,22,2927,12,4112,California
Trinity,2021-04-30,26,6793,20,743,6,5768,0,282,8,1175,18,2945,8,4120,California
Trinity,2021-05-01,14,6807,8,751,1,5769,5,287,4,1174,10,2955,9,4129,California
Trinity,2021-05-02,8,6815,5,756,1,5770,2,289,2,1172,6,2961,4,4133,California
Trinity,2021-05-03,58,6873,13,769,44,5814,1,290,10,1135,48,3009,11,4144,California
Trinity,2021-05-04,20,6893,12,781,7,5821,1,291,10,1136,10,3019,11,4155,California
Trinity,2021-05-05,11,6904,6,787,5,5826,0,291,4,1133,7,3026,4,4159,California
Trinity,2021-05-06,72,6976,9,796,61,5887,2,293,15,1093,57,3083,17,4176,California
Trinity,2021-05-07,160,7136,4,800,120,6007,36,329,5,977,155,3238,39,4215,California
Trinity,2021-05-08,3,7139,1,801,2,6009,0,329,1,976,2,3240,1,4216,California
Tulare,2020-12-15,1,1,1,1,0,0,0,0,1,1,0,0,1,1,California
Tulare,2020-12-16,3,4,3,4,0,0,0,0,3,4,0,0,3,4,California
Tulare,2020-12-17,110,114,110,114,0,0,0,0,110,114,0,0,110,114,California
Tulare,2020-12-18,289,403,289,403,0,0,0,0,289,403,0,0,289,403,California
Tulare,2020-12-19,327,730,327,730,0,0,0,0,327,730,0,0,327,730,California
Tulare,2020-12-20,166,896,165,895,1,1,0,0,166,896,0,0,166,896,California
Tulare,2020-12-21,423,1319,423,1318,0,1,0,0,443,1339,0,0,443,1339,California
Tulare,2020-12-22,469,1788,467,1785,2,3,0,0,468,1807,0,0,468,1807,California
Tulare,2020-12-23,327,2115,319,2104,8,11,0,0,325,2132,0,0,325,2132,California
Tulare,2020-12-24,18,2133,16,2120,2,13,0,0,18,2150,0,0,18,2150,California
Tulare,2020-12-26,8,2141,7,2127,1,14,0,0,8,2158,0,0,8,2158,California
Tulare,2020-12-27,16,2157,12,2139,4,18,0,0,16,2174,0,0,16,2174,California
Tulare,2020-12-28,481,2638,469,2608,12,30,0,0,480,2654,0,0,480,2654,California
Tulare,2020-12-29,546,3184,478,3086,68,98,0,0,546,3200,0,0,546,3200,California
Tulare,2020-12-30,474,3658,435,3521,39,137,0,0,474,3674,0,0,474,3674,California
Tulare,2020-12-31,94,3752,22,3543,72,209,0,0,94,3768,0,0,94,3768,California
Tulare,2021-01-01,2,3754,1,3544,1,210,0,0,2,3770,0,0,2,3770,California
Tulare,2021-01-02,30,3784,17,3561,13,223,0,0,30,3800,0,0,30,3800,California
Tulare,2021-01-03,23,3807,9,3570,14,237,0,0,23,3823,0,0,23,3823,California
Tulare,2021-01-04,92,3899,16,3586,76,313,0,0,92,3915,0,0,92,3915,California
Tulare,2021-01-05,460,4359,278,3864,182,495,0,0,458,4371,2,2,458,4373,California
Tulare,2021-01-06,864,5223,635,4499,229,724,0,0,854,5215,10,12,854,5227,California
Tulare,2021-01-07,781,6004,583,5082,198,922,0,0,674,5782,107,119,674,5901,California
Tulare,2021-01-08,1266,7270,574,5656,692,1614,0,0,928,6373,337,456,928,6829,California
Tulare,2021-01-09,741,8011,203,5859,538,2152,0,0,554,6740,187,643,554,7383,California
Tulare,2021-01-10,50,8061,44,5903,6,2158,0,0,11,6712,39,682,11,7394,California
Tulare,2021-01-11,1269,9330,769,6672,500,2658,0,0,833,7109,436,1118,833,8227,California
Tulare,2021-01-12,1403,10733,488,7160,915,3573,0,0,996,7700,406,1524,997,9224,California
Tulare,2021-01-13,437,11170,208,7368,229,3802,0,0,363,7989,74,1598,363,9587,California
Tulare,2021-01-14,491,11661,140,7508,351,4153,0,0,465,8439,15,1613,465,10052,California
Tulare,2021-01-15,1621,13282,153,7661,1468,5621,0,0,1612,10042,9,1622,1612,11664,California
Tulare,2021-01-16,1899,15181,114,7775,1785,7406,0,0,1885,11913,14,1636,1885,13549,California
Tulare,2021-01-17,141,15322,122,7897,19,7425,0,0,131,12034,10,1646,131,13680,California
Tulare,2021-01-18,692,16014,659,8556,33,7458,0,0,294,11930,398,2044,294,13974,California
Tulare,2021-01-19,1007,17021,684,9240,323,7781,0,0,579,12081,428,2472,579,14553,California
Tulare,2021-01-20,2425,19446,612,9852,1813,9594,0,0,2011,13703,389,2861,2011,16564,California
Tulare,2021-01-21,1548,20994,186,10038,1362,10956,0,0,1522,15204,21,2882,1522,18086,California
Tulare,2021-01-22,1059,22053,190,10228,869,11825,0,0,1034,16214,24,2906,1034,19120,California
Tulare,2021-01-23,438,22491,156,10384,282,12107,0,0,417,16610,21,2927,417,19537,California
Tulare,2021-01-24,30,22521,27,10411,3,12110,0,0,28,16636,2,2929,28,19565,California
Tulare,2021-01-25,1325,23846,979,11390,346,12456,0,0,1296,17903,29,2958,1296,20861,California
Tulare,2021-01-26,1499,25345,1100,12490,399,12855,0,0,1174,18753,324,3282,1174,22035,California
Tulare,2021-01-27,1499,26844,1071,13561,428,13283,0,0,922,19099,576,3858,922,22957,California
Tulare,2021-01-28,1203,28047,769,14330,434,13717,0,0,808,19512,395,4253,808,23765,California
Tulare,2021-01-29,1130,29177,720,15050,410,14127,0,0,820,20022,310,4563,820,24585,California
Tulare,2021-01-30,1674,30851,1580,16630,94,14221,0,0,1650,21649,24,4587,1651,26236,California
Tulare,2021-01-31,51,30902,47,16677,4,14225,0,0,48,21694,3,4590,48,26284,California
Tulare,2021-02-01,1185,32087,916,17593,269,14494,0,0,830,22170,354,4944,830,27114,California
Tulare,2021-02-02,677,32764,328,17921,349,14843,0,0,445,22386,230,5174,446,27560,California
Tulare,2021-02-03,588,33352,262,18183,326,15169,0,0,336,22490,232,5406,336,27896,California
Tulare,2021-02-04,551,33903,165,18348,386,15555,0,0,265,22471,285,5691,266,28162,California
Tulare,2021-02-05,1234,35137,237,18585,997,16552,0,0,416,22071,816,6507,416,28578,California
Tulare,2021-02-06,836,35973,158,18743,678,17230,0,0,268,21773,566,7073,268,28846,California
Tulare,2021-02-07,82,36055,70,18813,12,17242,0,0,23,21737,59,7132,23,28869,California
Tulare,2021-02-08,941,36996,328,19141,613,17855,0,0,245,21289,693,7825,245,29114,California
Tulare,2021-02-09,1409,38405,329,19470,1080,18935,0,0,362,20609,1042,8867,362,29476,California
Tulare,2021-02-10,2467,40872,1984,21454,483,19418,0,0,2067,22279,397,9264,2067,31543,California
Tulare,2021-02-11,1325,42197,377,21831,948,20366,0,0,906,22766,419,9683,906,32449,California
Tulare,2021-02-12,2780,44977,575,22406,2205,22571,0,0,1210,22413,1563,11246,1210,33659,California
Tulare,2021-02-13,2479,47456,157,22563,2322,24893,0,0,667,21271,1809,13055,667,34326,California
Tulare,2021-02-14,333,47789,36,22599,297,25190,0,0,300,21538,33,13088,300,34626,California
Tulare,2021-02-15,920,48709,294,22893,626,25816,0,0,663,21945,256,13344,663,35289,California
Tulare,2021-02-16,2833,51542,1597,24490,1236,27052,0,0,1077,21267,1755,15099,1077,36366,California
Tulare,2021-02-17,2698,54240,510,25000,2188,29240,0,0,461,19496,2232,17331,461,36827,California
Tulare,2021-02-18,2302,56542,456,25456,1846,31086,0,0,634,18470,1660,18991,634,37461,California
Tulare,2021-02-19,2298,58840,857,26313,1441,32527,0,0,944,18062,1352,20343,944,38405,California
Tulare,2021-02-20,2989,61829,1891,28204,1098,33625,0,0,1267,17612,1717,22060,1267,39672,California
Tulare,2021-02-21,94,61923,90,28294,4,33629,0,0,59,17636,35,22095,59,39731,California
Tulare,2021-02-22,1104,63027,699,28993,405,34034,0,0,210,16953,893,22988,210,39941,California
Tulare,2021-02-23,1947,64974,940,29933,1007,35041,0,0,1457,17921,489,23477,1457,41398,California
Tulare,2021-02-24,2476,67450,1551,31484,925,35966,0,0,2097,19641,378,23855,2098,43496,California
Tulare,2021-02-25,3485,70935,1950,33434,1535,37501,0,0,3070,22300,411,24266,3070,46566,California
Tulare,2021-02-26,3838,74773,1880,35314,1958,39459,0,0,3375,25214,461,24727,3375,49941,California
Tulare,2021-02-27,2901,77674,1394,36708,1507,40966,0,0,2768,27860,122,24849,2768,52709,California
Tulare,2021-02-28,1304,78978,1033,37741,271,41237,0,0,1284,29126,18,24867,1284,53993,California
Tulare,2021-03-01,1739,80717,773,38514,966,42203,0,0,1554,30497,183,25050,1554,55547,California
Tulare,2021-03-02,2688,83405,1194,39708,1494,43697,0,0,2520,32852,166,25216,2521,58068,California
Tulare,2021-03-03,3926,87331,2597,42305,1329,45026,0,0,1975,32881,1948,27164,1977,60045,California
Tulare,2021-03-04,2890,90221,1301,43606,1589,46615,0,0,2571,35136,316,27480,2571,62616,California
Tulare,2021-03-05,3292,93513,1699,45305,1578,48193,15,15,2784,37433,504,27984,2801,65417,California
Tulare,2021-03-06,3059,96572,1434,46739,1566,49759,59,74,2811,40056,245,28229,2868,68285,California
Tulare,2021-03-07,1092,97664,682,47421,389,50148,21,95,1052,41089,40,28269,1073,69358,California
Tulare,2021-03-08,1696,99360,1005,48426,523,50671,168,263,1378,42321,313,28582,1545,70903,California
Tulare,2021-03-09,3186,102546,2183,50609,856,51527,147,410,2790,44859,397,28979,2935,73838,California
Tulare,2021-03-10,2788,105334,1385,51994,1228,52755,175,585,2408,47068,372,29351,2581,76419,California
Tulare,2021-03-11,4136,109470,1962,53956,1874,54629,300,885,3200,49632,936,30287,3500,79919,California
Tulare,2021-03-12,4337,113807,2381,56337,1607,56236,349,1234,3066,51786,1263,31550,3417,83336,California
Tulare,2021-03-13,4004,117811,1848,58185,2051,58287,105,1339,3067,54027,931,32481,3172,86508,California
Tulare,2021-03-14,1802,119613,973,59158,609,58896,220,1559,1273,54991,528,33009,1492,88000,California
Tulare,2021-03-15,2730,122343,1611,60769,1004,59900,115,1674,1957,56293,771,33780,2073,90073,California
Tulare,2021-03-16,3419,125762,2114,62883,1228,61128,77,1751,1872,56701,1544,35324,1952,92025,California
Tulare,2021-03-17,4012,129774,2608,65491,1327,62455,77,1828,2270,57319,1736,37060,2354,94379,California
Tulare,2021-03-18,4596,134370,3350,68841,1174,63629,72,1900,2439,57681,2151,39211,2513,96892,California
Tulare,2021-03-19,5063,139433,3317,72158,1551,65180,195,2095,2716,58265,2329,41540,2913,99805,California
Tulare,2021-03-20,4452,143885,2762,74920,1318,66498,372,2467,2116,58427,2329,43869,2491,102296,California
Tulare,2021-03-21,1919,145804,1631,76551,262,66760,26,2493,989,58514,927,44796,1014,103310,California
Tulare,2021-03-22,2499,148303,1711,78262,676,67436,112,2605,1667,59469,826,45622,1781,105091,California
Tulare,2021-03-23,3727,152030,2140,80402,1535,68971,52,2657,2084,59978,1633,47255,2142,107233,California
Tulare,2021-03-24,3160,155190,1953,82355,1165,70136,42,2699,1805,60477,1348,48603,1847,109080,California
Tulare,2021-03-25,3452,158642,1796,84151,1484,71620,172,2871,1705,60615,1741,50344,1879,110959,California
Tulare,2021-03-26,5202,163844,3103,87254,1990,73610,109,2980,2563,60666,2621,52965,2672,113631,California
Tulare,2021-03-27,3520,167364,1806,89060,1616,75226,98,3078,991,59232,2521,55486,1087,114718,California
Tulare,2021-03-28,1454,168818,1050,90110,373,75599,31,3109,675,59168,776,56262,712,115430,California
Tulare,2021-03-29,2895,171713,1674,91784,1110,76709,111,3220,1226,58843,1664,57926,1339,116769,California
Tulare,2021-03-30,4797,176510,2767,94551,1800,78509,230,3450,1555,57391,3234,61160,1782,118551,California
Tulare,2021-03-31,3816,180326,2257,96808,1447,79956,112,3562,1545,56787,2263,63423,1659,120210,California
Tulare,2021-04-01,4395,184721,2357,99165,1973,81929,65,3627,1543,55554,2842,66265,1609,121819,California
Tulare,2021-04-02,5214,189935,2979,102144,2118,84047,117,3744,1652,53778,3546,69811,1770,123589,California
Tulare,2021-04-03,3486,193421,2002,104146,1122,85169,362,4106,843,52376,2606,72417,1204,124793,California
Tulare,2021-04-04,1616,195037,1131,105277,478,85647,7,4113,390,51549,1224,73641,397,125190,California
Tulare,2021-04-05,3309,198346,2324,107601,722,86369,263,4376,859,50234,2438,76079,1123,126313,California
Tulare,2021-04-06,3396,201742,1466,109067,1438,87807,492,4868,932,49203,2458,78537,1427,127740,California
Tulare,2021-04-07,3823,205565,1813,110880,1579,89386,431,5299,1271,48351,2545,81082,1693,129433,California
Tulare,2021-04-08,4703,210268,2587,113467,1661,91047,455,5754,1535,47178,3160,84242,1987,131420,California
Tulare,2021-04-09,4770,215038,2943,116410,1398,92445,429,6183,1826,46498,2936,87178,2256,133676,California
Tulare,2021-04-10,3801,218839,2052,118462,1433,93878,316,6499,972,44962,2822,90000,1286,134962,California
Tulare,2021-04-11,1576,220415,1037,119499,468,94346,71,6570,590,44640,983,90983,661,135623,California
Tulare,2021-04-12,3359,223774,2106,121605,660,95006,593,7163,1081,44046,2269,93252,1675,137298,California
Tulare,2021-04-13,2398,226172,1585,123190,803,95809,10,7173,914,43497,1475,94727,926,138224,California
Tulare,2021-04-14,2819,228991,1674,124864,1145,96954,0,7173,915,42511,1901,96628,915,139139,California
Tulare,2021-04-15,3243,232234,2129,126993,1114,98068,0,7173,1453,42183,1781,98409,1453,140592,California
Tulare,2021-04-16,3633,235867,2211,129204,1422,99490,0,7173,1473,41504,2152,100561,1473,142065,California
Tulare,2021-04-17,2171,238038,1271,130475,900,100390,0,7173,1176,41689,992,101553,1177,143242,California
Tulare,2021-04-18,1515,239553,1186,131661,329,100719,0,7173,813,41801,701,102254,813,144055,California
Tulare,2021-04-19,2115,241668,1219,132880,894,101613,2,7175,899,41488,1214,103468,901,144956,California
Tulare,2021-04-20,2316,243984,1300,134180,1016,102629,0,7175,989,41163,1314,104782,989,145945,California
Tulare,2021-04-21,2169,246153,1316,135496,853,103482,0,7175,804,40637,1330,106112,804,146749,California
Tulare,2021-04-22,2093,248246,1169,136665,924,104406,0,7175,737,40037,1337,107449,737,147486,California
Tulare,2021-04-23,2536,250782,1566,138231,969,105375,1,7176,996,39503,1530,108979,996,148482,California
Tulare,2021-04-24,1634,252416,1054,139285,578,105953,2,7178,860,39596,769,109748,862,149344,California
Tulare,2021-04-25,695,253111,522,139807,173,106126,0,7178,267,39435,428,110176,267,149611,California
Tulare,2021-04-26,1431,254542,844,140651,568,106694,19,7197,601,39229,824,111000,618,150229,California
Tulare,2021-04-27,1563,256105,601,141252,925,107619,37,7234,661,39026,900,111900,697,150926,California
Tulare,2021-04-28,1697,257802,968,142220,688,108307,41,7275,679,38732,1014,112914,720,151646,California
Tulare,2021-04-29,1985,259787,1190,143410,758,109065,37,7312,783,38358,1192,114106,818,152464,California
Tulare,2021-04-30,2396,262183,1747,145157,600,109665,49,7361,876,37767,1516,115622,925,153389,California
Tulare,2021-05-01,1404,263587,1207,146364,185,109850,12,7373,723,37828,674,116296,735,154124,California
Tulare,2021-05-02,583,264170,495,146859,72,109922,16,7389,189,37642,391,116687,205,154329,California
Tulare,2021-05-03,1597,265767,1084,147943,390,110312,123,7512,346,36867,1244,117931,469,154798,California
Tulare,2021-05-04,1530,267297,816,148759,643,110955,71,7583,619,36651,905,118836,689,155487,California
Tulare,2021-05-05,1248,268545,606,149365,564,111519,78,7661,448,36386,791,119627,526,156013,California
Tulare,2021-05-06,1905,270450,1305,150670,555,112074,45,7706,579,35689,1320,120947,623,156636,California
Tulare,2021-05-07,1537,271987,1026,151696,454,112528,57,7763,424,35064,1104,122051,479,157115,California
Tulare,2021-05-08,628,272615,481,152177,138,112666,9,7772,167,34785,455,122506,176,157291,California
Tuolumne,2020-12-16,47,47,47,47,0,0,0,0,47,47,0,0,47,47,California
Tuolumne,2020-12-17,17,64,17,64,0,0,0,0,17,64,0,0,17,64,California
Tuolumne,2020-12-18,101,165,100,164,1,1,0,0,101,165,0,0,101,165,California
Tuolumne,2020-12-19,5,170,5,169,0,1,0,0,5,170,0,0,5,170,California
Tuolumne,2020-12-20,1,171,1,170,0,1,0,0,1,171,0,0,1,171,California
Tuolumne,2020-12-21,116,287,102,272,14,15,0,0,116,287,0,0,116,287,California
Tuolumne,2020-12-22,172,459,172,444,0,15,0,0,172,459,0,0,172,459,California
Tuolumne,2020-12-23,186,645,184,628,2,17,0,0,186,645,0,0,186,645,California
Tuolumne,2020-12-26,3,648,3,631,0,17,0,0,3,648,0,0,3,648,California
Tuolumne,2020-12-28,77,725,75,706,2,19,0,0,77,725,0,0,77,725,California
Tuolumne,2020-12-29,102,827,39,745,63,82,0,0,102,827,0,0,102,827,California
Tuolumne,2020-12-30,78,905,22,767,56,138,0,0,78,905,0,0,78,905,California
Tuolumne,2020-12-31,27,932,20,787,7,145,0,0,27,932,0,0,27,932,California
Tuolumne,2021-01-01,7,939,6,793,1,146,0,0,7,939,0,0,7,939,California
Tuolumne,2021-01-02,118,1057,115,908,3,149,0,0,118,1057,0,0,118,1057,California
Tuolumne,2021-01-03,2,1059,2,910,0,149,0,0,2,1059,0,0,2,1059,California
Tuolumne,2021-01-04,69,1128,26,936,43,192,0,0,69,1128,0,0,69,1128,California
Tuolumne,2021-01-05,93,1221,27,963,66,258,0,0,90,1216,3,3,91,1219,California
Tuolumne,2021-01-06,132,1353,72,1035,60,318,0,0,68,1220,64,67,68,1287,California
Tuolumne,2021-01-07,119,1472,62,1097,57,375,0,0,64,1229,55,122,64,1351,California
Tuolumne,2021-01-08,103,1575,79,1176,24,399,0,0,26,1180,76,198,27,1378,California
Tuolumne,2021-01-09,1,1576,0,1176,1,400,0,0,1,1181,0,198,1,1379,California
Tuolumne,2021-01-10,3,1579,1,1177,2,402,0,0,3,1184,0,198,3,1382,California
Tuolumne,2021-01-11,114,1693,88,1265,26,428,0,0,33,1136,81,279,33,1415,California
Tuolumne,2021-01-12,102,1795,86,1351,16,444,0,0,17,1068,85,364,17,1432,California
Tuolumne,2021-01-13,231,2026,125,1476,106,550,0,0,182,1202,49,413,183,1615,California
Tuolumne,2021-01-14,147,2173,107,1583,40,590,0,0,42,1140,104,517,42,1657,California
Tuolumne,2021-01-15,475,2648,72,1655,403,993,0,0,413,1493,61,578,414,2071,California
Tuolumne,2021-01-16,7,2655,3,1658,4,997,0,0,6,1498,1,579,6,2077,California
Tuolumne,2021-01-17,8,2663,5,1663,3,1000,0,0,7,1505,0,579,7,2084,California
Tuolumne,2021-01-18,46,2709,38,1701,8,1008,0,0,9,1478,36,615,9,2093,California
Tuolumne,2021-01-19,474,3183,73,1774,401,1409,0,0,428,1860,46,661,428,2521,California
Tuolumne,2021-01-20,76,3259,58,1832,18,1427,0,0,24,1833,51,712,24,2545,California
Tuolumne,2021-01-21,56,3315,23,1855,33,1460,0,0,40,1857,16,728,40,2585,California
Tuolumne,2021-01-22,168,3483,16,1871,152,1612,0,0,161,2011,7,735,161,2746,California
Tuolumne,2021-01-23,666,4149,147,2018,519,2131,0,0,553,2461,113,848,563,3309,California
Tuolumne,2021-01-24,524,4673,1,2019,523,2654,0,0,520,2979,3,851,521,3830,California
Tuolumne,2021-01-25,49,4722,28,2047,21,2675,0,0,22,2975,27,878,23,3853,California
Tuolumne,2021-01-26,80,4802,68,2115,12,2687,0,0,40,2976,40,918,41,3894,California
Tuolumne,2021-01-27,60,4862,4,2119,56,2743,0,0,7,2931,52,970,7,3901,California
Tuolumne,2021-01-28,27,4889,7,2126,20,2763,0,0,18,2940,9,979,18,3919,California
Tuolumne,2021-01-29,74,4963,6,2132,68,2831,0,0,35,2936,39,1018,35,3954,California
Tuolumne,2021-01-30,709,5672,552,2684,157,2988,0,0,686,3616,23,1041,703,4657,California
Tuolumne,2021-01-31,8,5680,2,2686,6,2994,0,0,5,3618,3,1044,5,4662,California
Tuolumne,2021-02-01,25,5705,6,2692,19,3013,0,0,22,3637,3,1047,22,4684,California
Tuolumne,2021-02-02,646,6351,37,2729,609,3622,0,0,635,4263,9,1056,635,5319,California
Tuolumne,2021-02-03,238,6589,109,2838,129,3751,0,0,86,4197,152,1208,86,5405,California
Tuolumne,2021-02-04,123,6712,12,2850,111,3862,0,0,60,4194,63,1271,60,5465,California
Tuolumne,2021-02-05,98,6810,12,2862,86,3948,0,0,35,4167,62,1333,35,5500,California
Tuolumne,2021-02-06,853,7663,580,3442,273,4221,0,0,847,5011,6,1339,850,6350,California
Tuolumne,2021-02-07,8,7671,4,3446,4,4225,0,0,4,5011,4,1343,4,6354,California
Tuolumne,2021-02-08,91,7762,40,3486,51,4276,0,0,67,5054,24,1367,67,6421,California
Tuolumne,2021-02-09,864,8626,53,3539,811,5087,0,0,824,5838,40,1407,824,7245,California
Tuolumne,2021-02-10,91,8717,16,3555,75,5162,0,0,30,5808,60,1467,30,7275,California
Tuolumne,2021-02-11,142,8859,67,3622,75,5237,0,0,76,5818,66,1533,76,7351,California
Tuolumne,2021-02-12,644,9503,19,3641,625,5862,0,0,204,5583,439,1972,204,7555,California
Tuolumne,2021-02-13,148,9651,42,3683,106,5968,0,0,117,5675,25,1997,117,7672,California
Tuolumne,2021-02-14,148,9799,12,3695,136,6104,0,0,147,5821,1,1998,147,7819,California
Tuolumne,2021-02-15,185,9984,10,3705,175,6279,0,0,176,5988,9,2007,176,7995,California
Tuolumne,2021-02-16,526,10510,17,3722,509,6788,0,0,123,5713,400,2407,125,8120,California
Tuolumne,2021-02-17,110,10620,63,3785,47,6835,0,0,63,5730,46,2453,63,8183,California
Tuolumne,2021-02-18,679,11299,26,3811,653,7488,0,0,629,6310,50,2503,630,8813,California
Tuolumne,2021-02-19,142,11441,23,3834,119,7607,0,0,43,6254,99,2602,43,8856,California
Tuolumne,2021-02-20,905,12346,342,4176,563,8170,0,0,386,6134,507,3109,387,9243,California
Tuolumne,2021-02-21,977,13323,37,4213,940,9110,0,0,470,6101,504,3613,471,9714,California
Tuolumne,2021-02-22,78,13401,57,4270,21,9131,0,0,47,6118,30,3643,47,9761,California
Tuolumne,2021-02-23,48,13449,24,4294,24,9155,0,0,26,6123,21,3664,26,9787,California
Tuolumne,2021-02-24,103,13552,58,4352,45,9200,0,0,43,6107,59,3723,43,9830,California
Tuolumne,2021-02-25,1054,14606,35,4387,1019,10219,0,0,1023,7099,31,3754,1023,10853,California
Tuolumne,2021-02-26,144,14750,10,4397,134,10353,0,0,121,7197,23,3777,121,10974,California
Tuolumne,2021-02-27,948,15698,576,4973,372,10725,0,0,245,6759,685,4462,247,11221,California
Tuolumne,2021-02-28,56,15754,4,4977,52,10777,0,0,53,6810,2,4464,53,11274,California
Tuolumne,2021-03-01,112,15866,21,4998,91,10868,0,0,77,6855,33,4497,78,11352,California
Tuolumne,2021-03-02,704,16570,72,5070,632,11500,0,0,105,6362,598,5095,105,11457,California
Tuolumne,2021-03-03,90,16660,22,5092,68,11568,0,0,65,6402,25,5120,65,11522,California
Tuolumne,2021-03-04,1170,17830,75,5167,1095,12663,0,0,1107,7446,63,5183,1107,12629,California
Tuolumne,2021-03-05,85,17915,10,5177,75,12738,0,0,48,7459,36,5219,49,12678,California
Tuolumne,2021-03-06,1052,18967,604,5781,446,13184,2,2,203,6820,845,6064,206,12884,California
Tuolumne,2021-03-07,41,19008,12,5793,14,13198,15,17,18,6830,23,6087,33,12917,California
Tuolumne,2021-03-08,195,19203,88,5881,100,13298,7,24,139,6920,56,6143,146,13063,California
Tuolumne,2021-03-09,857,20060,16,5897,830,14128,11,35,68,6215,785,6928,80,13143,California
Tuolumne,2021-03-10,78,20138,12,5909,55,14183,11,46,53,6254,25,6953,64,13207,California
Tuolumne,2021-03-11,1283,21421,37,5946,1240,15423,6,52,1257,7493,26,6979,1265,14472,California
Tuolumne,2021-03-12,298,21719,33,5979,250,15673,15,67,192,7598,105,7084,210,14682,California
Tuolumne,2021-03-13,112,21831,12,5991,100,15773,0,67,86,7660,25,7109,87,14769,California
Tuolumne,2021-03-14,142,21973,8,5999,125,15898,9,76,8,7548,134,7243,22,14791,California
Tuolumne,2021-03-15,293,22266,79,6078,212,16110,2,78,100,7465,192,7435,109,14900,California
Tuolumne,2021-03-16,804,23070,39,6117,754,16864,11,89,667,8007,136,7571,678,15578,California
Tuolumne,2021-03-17,150,23220,30,6147,107,16971,13,102,77,8025,71,7642,89,15667,California
Tuolumne,2021-03-18,949,24169,29,6176,907,17878,13,115,319,7729,629,8271,333,16000,California
Tuolumne,2021-03-19,132,24301,16,6192,85,17963,31,146,71,7771,59,8330,101,16101,California
Tuolumne,2021-03-20,89,24390,7,6199,72,18035,10,156,37,7766,51,8381,46,16147,California
Tuolumne,2021-03-21,833,25223,391,6590,433,18468,9,165,40,7026,789,9170,49,16196,California
Tuolumne,2021-03-22,163,25386,72,6662,72,18540,19,184,97,7076,66,9236,116,16312,California
Tuolumne,2021-03-23,709,26095,639,7301,56,18596,14,198,673,7726,36,9272,686,16998,California
Tuolumne,2021-03-24,110,26205,20,7321,72,18668,18,216,77,7789,32,9304,95,17093,California
Tuolumne,2021-03-25,1296,27501,23,7344,1270,19938,3,219,323,7144,971,10275,326,17419,California
Tuolumne,2021-03-26,269,27770,16,7360,230,20168,23,242,111,7130,148,10423,134,17553,California
Tuolumne,2021-03-27,578,28348,54,7414,524,20692,0,242,317,7190,258,10681,318,17871,California
Tuolumne,2021-03-28,49,28397,8,7422,41,20733,0,242,9,7161,39,10720,10,17881,California
Tuolumne,2021-03-29,200,28597,80,7502,120,20853,0,242,103,7170,94,10814,103,17984,California
Tuolumne,2021-03-30,158,28755,11,7513,146,20999,1,243,116,7246,41,10855,117,18101,California
Tuolumne,2021-03-31,91,28846,14,7527,75,21074,2,245,34,7228,56,10911,38,18139,California
Tuolumne,2021-04-01,1246,30092,31,7558,1215,22289,0,245,224,6433,1020,11931,225,18364,California
Tuolumne,2021-04-02,158,30250,10,7568,122,22411,26,271,86,6474,71,12002,112,18476,California
Tuolumne,2021-04-03,420,30670,35,7603,384,22795,1,272,236,6529,184,12186,239,18715,California
Tuolumne,2021-04-04,32,30702,2,7605,30,22825,0,272,20,6538,11,12197,20,18735,California
Tuolumne,2021-04-05,126,30828,19,7624,101,22926,6,278,55,6528,71,12268,61,18796,California
Tuolumne,2021-04-06,647,31475,517,8141,103,23029,27,305,514,6937,133,12401,542,19338,California
Tuolumne,2021-04-07,125,31600,37,8178,72,23101,16,321,47,6922,78,12479,63,19401,California
Tuolumne,2021-04-08,1433,33033,32,8210,1387,24488,14,335,239,5984,1191,13670,253,19654,California
Tuolumne,2021-04-09,266,33299,41,8251,181,24669,44,379,125,6015,141,13811,172,19826,California
Tuolumne,2021-04-10,56,33355,2,8253,34,24703,20,399,23,6026,32,13843,43,19869,California
Tuolumne,2021-04-11,17,33372,2,8255,12,24715,3,402,12,6036,5,13848,15,19884,California
Tuolumne,2021-04-12,161,33533,67,8322,89,24804,5,407,87,6060,68,13916,92,19976,California
Tuolumne,2021-04-13,783,34316,36,8358,747,25551,0,407,169,5622,607,14523,169,20145,California
Tuolumne,2021-04-14,142,34458,27,8385,115,25666,0,407,68,5620,71,14594,69,20214,California
Tuolumne,2021-04-15,336,34794,20,8405,316,25982,0,407,55,5399,276,14870,55,20269,California
Tuolumne,2021-04-16,239,35033,50,8455,189,26171,0,407,134,5434,99,14969,134,20403,California
Tuolumne,2021-04-17,43,35076,6,8461,37,26208,0,407,27,5445,16,14985,27,20430,California
Tuolumne,2021-04-18,8,35084,2,8463,6,26214,0,407,3,5444,4,14989,3,20433,California
Tuolumne,2021-04-19,168,35252,78,8541,90,26304,0,407,92,5463,73,15062,92,20525,California
Tuolumne,2021-04-20,712,35964,618,9159,94,26398,0,407,78,4914,627,15689,78,20603,California
Tuolumne,2021-04-21,116,36080,26,9185,90,26488,0,407,61,4925,50,15739,61,20664,California
Tuolumne,2021-04-22,693,36773,46,9231,647,27135,0,407,422,5086,261,16000,422,21086,California
Tuolumne,2021-04-23,160,36933,31,9262,129,27264,0,407,85,5098,73,16073,85,21171,California
Tuolumne,2021-04-24,80,37013,18,9280,62,27326,0,407,52,5122,28,16101,52,21223,California
Tuolumne,2021-04-25,26,37039,9,9289,17,27343,0,407,23,5142,3,16104,23,21246,California
Tuolumne,2021-04-26,149,37188,56,9345,93,27436,0,407,68,5131,80,16184,69,21315,California
Tuolumne,2021-04-27,123,37311,21,9366,95,27531,7,414,57,5131,64,16248,64,21379,California
Tuolumne,2021-04-28,105,37416,24,9390,70,27601,11,425,56,5150,48,16296,67,21446,California
Tuolumne,2021-04-29,263,37679,16,9406,239,27840,8,433,45,4985,218,16514,53,21499,California
Tuolumne,2021-04-30,336,38015,20,9426,304,28144,12,445,60,4784,273,16787,72,21571,California
Tuolumne,2021-05-01,24,38039,7,9433,13,28157,4,449,16,4796,8,16795,20,21591,California
Tuolumne,2021-05-02,25,38064,2,9435,21,28178,2,451,18,4809,7,16802,20,21611,California
Tuolumne,2021-05-03,79,38143,12,9447,62,28240,5,456,22,4780,56,16858,27,21638,California
Tuolumne,2021-05-04,679,38822,601,10048,73,28313,5,461,198,4502,480,17338,202,21840,California
Tuolumne,2021-05-05,91,38913,26,10074,62,28375,3,464,47,4511,42,17380,51,21891,California
Tuolumne,2021-05-06,260,39173,10,10084,238,28613,12,476,30,4327,225,17605,41,21932,California
Tuolumne,2021-05-07,280,39453,17,10101,255,28868,8,484,42,4140,237,17842,50,21982,California
Tuolumne,2021-05-08,15,39468,5,10106,10,28878,0,484,7,4139,8,17850,7,21989,California
Ventura,2020-12-15,5,5,5,5,0,0,0,0,5,5,0,0,5,5,California
Ventura,2020-12-16,72,77,72,77,0,0,0,0,72,77,0,0,72,77,California
Ventura,2020-12-17,249,326,249,326,0,0,0,0,249,326,0,0,249,326,California
Ventura,2020-12-18,1410,1736,1410,1736,0,0,0,0,1410,1736,0,0,1410,1736,California
Ventura,2020-12-19,911,2647,911,2647,0,0,0,0,911,2647,0,0,911,2647,California
Ventura,2020-12-20,430,3077,430,3077,0,0,0,0,430,3077,0,0,430,3077,California
Ventura,2020-12-21,1468,4545,1468,4545,0,0,0,0,1468,4545,0,0,1468,4545,California
Ventura,2020-12-22,1104,5649,1099,5644,5,5,0,0,1104,5649,0,0,1104,5649,California
Ventura,2020-12-23,1027,6676,980,6624,47,52,0,0,1027,6676,0,0,1027,6676,California
Ventura,2020-12-24,477,7153,379,7003,98,150,0,0,477,7153,0,0,477,7153,California
Ventura,2020-12-25,11,7164,7,7010,4,154,0,0,11,7164,0,0,11,7164,California
Ventura,2020-12-26,111,7275,91,7101,20,174,0,0,111,7275,0,0,111,7275,California
Ventura,2020-12-27,58,7333,27,7128,31,205,0,0,58,7333,0,0,58,7333,California
Ventura,2020-12-28,1072,8405,932,8060,140,345,0,0,1072,8405,0,0,1072,8405,California
Ventura,2020-12-29,1171,9576,764,8824,407,752,0,0,1171,9576,0,0,1171,9576,California
Ventura,2020-12-30,1987,11563,1522,10346,465,1217,0,0,1987,11563,0,0,1987,11563,California
Ventura,2020-12-31,479,12042,161,10507,318,1535,0,0,479,12042,0,0,479,12042,California
Ventura,2021-01-01,24,12066,6,10513,18,1553,0,0,24,12066,0,0,24,12066,California
Ventura,2021-01-02,174,12240,79,10592,95,1648,0,0,174,12240,0,0,174,12240,California
Ventura,2021-01-03,16,12256,8,10600,8,1656,0,0,16,12256,0,0,16,12256,California
Ventura,2021-01-04,1082,13338,551,11151,531,2187,0,0,1081,13337,0,0,1081,13337,California
Ventura,2021-01-05,1373,14711,777,11928,596,2783,0,0,1332,14628,41,41,1332,14669,California
Ventura,2021-01-06,2058,16769,1180,13108,878,3661,0,0,1627,15835,422,463,1629,16298,California
Ventura,2021-01-07,2068,18837,1326,14434,742,4403,0,0,1182,16133,884,1347,1182,17480,California
Ventura,2021-01-08,2197,21034,1474,15908,723,5126,0,0,906,15751,1289,2636,907,18387,California
Ventura,2021-01-09,721,21755,500,16408,221,5347,0,0,319,15668,402,3038,319,18706,California
Ventura,2021-01-10,342,22097,327,16735,15,5362,0,0,128,15582,214,3252,128,18834,California
Ventura,2021-01-11,2446,24543,1488,18223,958,6320,0,0,1494,16127,952,4204,1497,20331,California
Ventura,2021-01-12,3042,27585,1612,19835,1430,7750,0,0,2017,17119,1025,5229,2017,22348,California
Ventura,2021-01-13,2925,30510,1424,21259,1501,9251,0,0,2041,18280,881,6110,2042,24390,California
Ventura,2021-01-14,2735,33245,1061,22320,1674,10925,0,0,2288,20123,446,6556,2289,26679,California
Ventura,2021-01-15,2889,36134,972,23292,1917,12842,0,0,2676,22587,213,6769,2677,29356,California
Ventura,2021-01-16,484,36618,187,23479,297,13139,0,0,404,22911,80,6849,404,29760,California
Ventura,2021-01-17,259,36877,137,23616,122,13261,0,0,253,23158,6,6855,253,30013,California
Ventura,2021-01-18,2219,39096,1673,25289,546,13807,0,0,1668,24277,550,7405,1669,31682,California
Ventura,2021-01-19,3042,42138,2120,27409,922,14729,0,0,2147,25532,895,8300,2150,33832,California
Ventura,2021-01-20,4091,46229,3140,30549,951,15680,0,0,3039,27523,1049,9349,3040,36872,California
Ventura,2021-01-21,3841,50070,2675,33224,1166,16846,0,0,3166,30019,672,10021,3168,40040,California
Ventura,2021-01-22,3615,53685,2494,35718,1121,17967,0,0,3454,33312,161,10182,3454,43494,California
Ventura,2021-01-23,1184,54869,649,36367,535,18502,0,0,1084,34299,99,10281,1086,44580,California
Ventura,2021-01-24,452,55321,137,36504,315,18817,0,0,439,34725,13,10294,439,45019,California
Ventura,2021-01-25,3153,58474,2031,38535,1122,19939,0,0,2598,36770,554,10848,2599,47618,California
Ventura,2021-01-26,3713,62187,2205,40740,1508,21447,0,0,2714,38487,998,11846,2715,50333,California
Ventura,2021-01-27,3462,65649,1560,42300,1902,23349,0,0,2719,40467,739,12585,2719,53052,California
Ventura,2021-01-28,3874,69523,1993,44293,1881,25230,0,0,3260,43131,597,13182,3261,56313,California
Ventura,2021-01-29,4271,73794,2525,46818,1746,26976,0,0,3768,46409,490,13672,3768,60081,California
Ventura,2021-01-30,3036,76830,1964,48782,1072,28048,0,0,2865,49108,167,13839,2866,62947,California
Ventura,2021-01-31,835,77665,446,49228,389,28437,0,0,748,49770,86,13925,748,63695,California
Ventura,2021-02-01,3942,81607,2112,51340,1830,30267,0,0,3168,52169,771,14696,3170,66865,California
Ventura,2021-02-02,4405,86012,2374,53714,2031,32298,0,0,3380,54529,1021,15717,3381,70246,California
Ventura,2021-02-03,4453,90465,2089,55803,2364,34662,0,0,3443,56968,1005,16722,3444,73690,California
Ventura,2021-02-04,4776,95241,2287,58090,2489,37151,0,0,3519,59240,1249,17971,3521,77211,California
Ventura,2021-02-05,4837,100078,2316,60406,2521,39672,0,0,3344,61106,1480,19451,3346,80557,California
Ventura,2021-02-06,2837,102915,1515,61921,1322,40994,0,0,2434,63138,402,19853,2434,82991,California
Ventura,2021-02-07,710,103625,241,62162,469,41463,0,0,584,63597,126,19979,585,83576,California
Ventura,2021-02-08,3498,107123,1624,63786,1874,43337,0,0,2428,64960,1065,21044,2428,86004,California
Ventura,2021-02-09,4716,111839,1971,65757,2745,46082,0,0,2464,65176,2251,23295,2467,88471,California
Ventura,2021-02-10,4716,116555,2237,67994,2479,48561,0,0,2391,65254,2314,25609,2392,90863,California
Ventura,2021-02-11,4662,121217,1863,69857,2799,51360,0,0,2446,65494,2209,27818,2449,93312,California
Ventura,2021-02-12,6304,127521,2661,72518,3643,55003,0,0,3223,65640,3077,30895,3223,96535,California
Ventura,2021-02-13,3297,130818,1826,74344,1471,56474,0,0,1844,66037,1449,32344,1846,98381,California
Ventura,2021-02-14,1226,132044,124,74468,1102,57576,0,0,1010,66832,216,32560,1011,99392,California
Ventura,2021-02-15,3986,136030,1798,76266,2188,59764,0,0,2117,67083,1866,34426,2117,101509,California
Ventura,2021-02-16,5545,141575,2706,78972,2839,62603,0,0,3011,67568,2526,36952,3011,104520,California
Ventura,2021-02-17,5232,146807,1920,80892,3312,65915,0,0,3265,68875,1958,38910,3265,107785,California
Ventura,2021-02-18,5776,152583,1829,82721,3947,69862,0,0,3633,70376,2132,41042,3633,111418,California
Ventura,2021-02-19,6455,159038,3771,86492,2684,72546,0,0,3010,69950,3438,44480,3012,114430,California
Ventura,2021-02-20,4937,163975,3170,89662,1767,74313,0,0,2771,70565,2160,46640,2775,117205,California
Ventura,2021-02-21,1049,165024,760,90422,289,74602,0,0,432,70386,611,47251,432,117637,California
Ventura,2021-02-22,5369,170393,2409,92831,2960,77562,0,0,3453,71932,1907,49158,3453,121090,California
Ventura,2021-02-23,5932,176325,2968,95799,2964,80526,0,0,3415,72848,2501,51659,3417,124507,California
Ventura,2021-02-24,6994,183319,2608,98407,4386,84912,0,0,4247,74363,2734,54393,4249,128756,California
Ventura,2021-02-25,7493,190812,2571,100978,4922,89834,0,0,4574,76034,2905,57298,4576,133332,California
Ventura,2021-02-26,9345,200157,2766,103744,6579,96413,0,0,6161,79039,3158,60456,6163,139495,California
Ventura,2021-02-27,9994,210151,5273,109017,4721,101134,0,0,7371,83813,2607,63063,7381,146876,California
Ventura,2021-02-28,2569,212720,1634,110651,934,102068,1,1,2096,85443,466,63529,2096,148972,California
Ventura,2021-03-01,6940,219660,2810,113461,4130,106198,0,1,4626,87779,2303,65832,4639,153611,California
Ventura,2021-03-02,7481,227141,3936,117397,3543,109741,2,3,5252,90812,2219,68051,5252,158863,California
Ventura,2021-03-03,8519,235660,3900,121297,4619,114360,0,3,6074,94460,2430,70481,6078,164941,California
Ventura,2021-03-04,8102,243762,3868,125165,4234,118594,0,3,5472,97319,2616,73097,5475,170416,California
Ventura,2021-03-05,9971,253733,4800,129965,5161,123755,10,13,7083,101546,2874,75971,7101,177517,California
Ventura,2021-03-06,7232,260965,4395,134360,2684,126439,153,166,5318,105111,1908,77879,5473,182990,California
Ventura,2021-03-07,1653,262618,605,134965,947,127386,101,267,1236,106031,417,78296,1337,184327,California
Ventura,2021-03-08,6736,269354,3412,138377,3170,130556,154,421,4631,108720,2099,80395,4788,189115,California
Ventura,2021-03-09,6544,275898,2818,141195,3526,134082,200,621,3673,109737,2858,83253,3875,192990,California
Ventura,2021-03-10,6801,282699,2967,144162,3596,137678,238,859,4485,112154,2306,85559,4723,197713,California
Ventura,2021-03-11,6373,289072,2888,147050,3172,140850,313,1172,3421,112947,2939,88498,3732,201445,California
Ventura,2021-03-12,8501,297573,3036,150086,4620,145470,845,2017,4092,113492,4391,92889,4936,206381,California
Ventura,2021-03-13,6683,304256,2498,152584,3343,148813,842,2859,3756,115170,2918,95807,4596,210977,California
Ventura,2021-03-14,2131,306387,478,153062,1158,149971,495,3354,730,114996,1400,97207,1226,212203,California
Ventura,2021-03-15,6914,313301,2048,155110,3518,153489,1348,4702,2973,115399,3916,101123,4319,216522,California
Ventura,2021-03-16,7917,321218,2461,157571,4342,157831,1114,5816,3991,116591,3912,105035,5104,221626,California
Ventura,2021-03-17,7470,328688,2767,160338,4355,162186,348,6164,4470,118433,2978,108013,4820,226446,California
Ventura,2021-03-18,7221,335909,3270,163608,3799,165985,152,6316,4702,120780,2505,110518,4852,231298,California
Ventura,2021-03-19,8399,344308,3777,167385,4511,170496,111,6427,5021,122551,3359,113877,5130,236428,California
Ventura,2021-03-20,8144,352452,5246,172631,2878,173374,20,6447,3893,122238,4227,118104,3914,240342,California
Ventura,2021-03-21,2781,355233,1510,174141,900,174274,371,6818,1318,122474,1452,119556,1688,242030,California
Ventura,2021-03-22,7335,362568,3683,177824,3550,177824,102,6920,4839,124937,2480,122036,4943,246973,California
Ventura,2021-03-23,8178,370746,3882,181706,4223,182047,73,6993,4666,126189,3486,125522,4738,251711,California
Ventura,2021-03-24,8868,379614,3406,185112,5387,187434,75,7068,4431,126287,4408,129930,4506,256217,California
Ventura,2021-03-25,8794,388408,3902,189014,4792,192226,100,7168,4450,126512,4327,134257,4552,260769,California
Ventura,2021-03-26,9820,398228,3345,192359,5822,198048,653,7821,3904,125179,5888,140145,4555,265324,California
Ventura,2021-03-27,8112,406340,3903,196262,4169,202217,40,7861,2403,121933,5690,145835,2444,267768,California
Ventura,2021-03-28,2526,408866,1407,197669,1110,203327,9,7870,1383,122188,1137,146972,1392,269160,California
Ventura,2021-03-29,8448,417314,4257,201926,4148,207475,43,7913,4222,122255,4198,151170,4265,273425,California
Ventura,2021-03-30,8927,426241,4408,206334,4392,211867,127,8040,4531,122529,4382,155552,4656,278081,California
Ventura,2021-03-31,10679,436920,4815,211149,5237,217104,627,8667,4633,121763,6025,161577,5259,283340,California
Ventura,2021-04-01,10643,447563,5182,216331,4584,221688,877,9544,5361,122735,5262,166839,6234,289574,California
Ventura,2021-04-02,11582,459145,4586,220917,5711,227399,1285,10829,5526,123520,6030,172869,6815,296389,California
Ventura,2021-04-03,8012,467157,3953,224870,2922,230321,1137,11966,3363,123378,4639,177508,4497,300886,California
Ventura,2021-04-04,1712,468869,959,225829,621,230942,132,12098,1154,124112,552,178060,1286,302172,California
Ventura,2021-04-05,9262,478131,4865,230694,3328,234270,1069,13167,4720,125369,4531,182591,5788,307960,California
Ventura,2021-04-06,10827,488958,5547,236241,3807,238077,1473,14640,5557,127151,5246,187837,7028,314988,California
Ventura,2021-04-07,11288,500246,5424,241665,4390,242467,1474,16114,5163,127673,6110,193947,6632,321620,California
Ventura,2021-04-08,10216,510462,5294,246959,3987,246454,935,17049,5101,128603,5098,199045,6028,327648,California
Ventura,2021-04-09,11073,521535,4335,251294,5033,251487,1705,18754,4852,128950,6204,205249,6551,334199,California
Ventura,2021-04-10,9134,530669,3506,254800,3476,254963,2152,20906,3006,127991,6112,211361,5153,339352,California
Ventura,2021-04-11,2426,533095,862,255662,995,255958,569,21475,686,127511,1733,213094,1253,340605,California
Ventura,2021-04-12,8874,541969,4464,260126,3604,259562,806,22281,3734,126922,5123,218217,4534,345139,California
Ventura,2021-04-13,8761,550730,4441,264567,4314,263876,6,22287,3745,125689,4984,223201,3751,348890,California
Ventura,2021-04-14,8652,559382,4061,268628,4576,268452,15,22302,3362,123812,5256,228457,3379,352269,California
Ventura,2021-04-15,9284,568666,4516,273144,4761,273213,7,22309,4092,122738,5173,233630,4099,356368,California
Ventura,2021-04-16,10092,578758,4476,277620,5615,278828,1,22310,4835,122332,5243,238873,4837,361205,California
Ventura,2021-04-17,8525,587283,5297,282917,3227,282055,1,22311,4992,123803,3522,242395,4993,366198,California
Ventura,2021-04-18,2128,589411,1012,283929,1116,283171,0,22311,905,123490,1218,243613,905,367103,California
Ventura,2021-04-19,8004,597415,4839,288768,3164,286335,1,22312,4625,124755,3362,246975,4627,371730,California
Ventura,2021-04-20,9209,606624,4897,293665,4311,290646,1,22313,4349,124260,4846,251821,4351,376081,California
Ventura,2021-04-21,8828,615452,4533,298198,4292,294938,3,22316,4200,123848,4616,256437,4204,380285,California
Ventura,2021-04-22,9994,625446,5474,303672,4520,299458,0,22316,4476,122823,5501,261938,4476,384761,California
Ventura,2021-04-23,10770,636216,5380,309052,5390,304848,0,22316,5386,122850,5359,267297,5386,390147,California
Ventura,2021-04-24,10318,646534,5895,314947,4423,309271,0,22316,6116,124775,4192,271489,6117,396264,California
Ventura,2021-04-25,2469,649003,1698,316645,771,310042,0,22316,1140,124589,1326,272815,1140,397404,California
Ventura,2021-04-26,6831,655834,3958,320603,2809,312851,64,22380,2817,123470,3996,276811,2877,400281,California
Ventura,2021-04-27,8017,663851,4443,325046,3408,316259,166,22546,2995,121621,5009,281820,3160,403441,California
Ventura,2021-04-28,8231,672082,4809,329855,3114,319373,308,22854,3212,120141,5000,286820,3520,406961,California
Ventura,2021-04-29,7733,679815,4212,334067,3262,322635,259,23113,2741,118169,4970,291790,2998,409959,California
Ventura,2021-04-30,9276,689091,5427,339494,3581,326216,268,23381,3849,116876,5402,297192,4109,414068,California
Ventura,2021-05-01,4935,694026,3630,343124,1203,327419,102,23483,1867,115792,3053,300245,1969,416037,California
Ventura,2021-05-02,2128,696154,1426,344550,613,328032,89,23572,1032,115821,1092,301337,1121,417158,California
Ventura,2021-05-03,6146,702300,3860,348410,2012,330044,274,23846,1924,113816,4202,305539,2197,419355,California
Ventura,2021-05-04,6207,708507,3266,351676,2649,332693,292,24138,2242,112398,3951,309490,2533,421888,California
Ventura,2021-05-05,4617,713124,2800,354476,1575,334268,242,24380,1683,111403,2917,312407,1922,423810,California
Ventura,2021-05-06,5208,718332,3012,357488,1952,336220,244,24624,1751,109958,3441,315848,1996,425806,California
Ventura,2021-05-07,3891,722223,2115,359603,1637,337857,139,24763,1267,108756,2607,318455,1405,427211,California
Ventura,2021-05-08,3787,726010,3461,363064,244,338101,82,24845,547,106154,3231,321686,629,427840,California
Yolo,2020-12-15,39,39,39,39,0,0,0,0,39,39,0,0,39,39,California
Yolo,2020-12-16,78,117,78,117,0,0,0,0,78,117,0,0,78,117,California
Yolo,2020-12-17,101,218,101,218,0,0,0,0,101,218,0,0,101,218,California
Yolo,2020-12-18,210,428,210,428,0,0,0,0,210,428,0,0,210,428,California
Yolo,2020-12-19,88,516,88,516,0,0,0,0,88,516,0,0,88,516,California
Yolo,2020-12-20,100,616,100,616,0,0,0,0,100,616,0,0,100,616,California
Yolo,2020-12-21,253,869,253,869,0,0,0,0,253,869,0,0,253,869,California
Yolo,2020-12-22,381,1250,380,1249,1,1,0,0,381,1250,0,0,381,1250,California
Yolo,2020-12-23,432,1682,412,1661,20,21,0,0,432,1682,0,0,432,1682,California
Yolo,2020-12-24,151,1833,95,1756,56,77,0,0,151,1833,0,0,151,1833,California
Yolo,2020-12-25,1,1834,1,1757,0,77,0,0,1,1834,0,0,1,1834,California
Yolo,2020-12-26,75,1909,25,1782,50,127,0,0,75,1909,0,0,75,1909,California
Yolo,2020-12-27,46,1955,19,1801,27,154,0,0,46,1955,0,0,46,1955,California
Yolo,2020-12-28,346,2301,179,1980,167,321,0,0,346,2301,0,0,346,2301,California
Yolo,2020-12-29,487,2788,267,2247,220,541,0,0,487,2788,0,0,487,2788,California
Yolo,2020-12-30,621,3409,254,2501,367,908,0,0,621,3409,0,0,621,3409,California
Yolo,2020-12-31,185,3594,95,2596,90,998,0,0,185,3594,0,0,185,3594,California
Yolo,2021-01-01,58,3652,56,2652,2,1000,0,0,58,3652,0,0,58,3652,California
Yolo,2021-01-02,68,3720,25,2677,43,1043,0,0,68,3720,0,0,68,3720,California
Yolo,2021-01-03,44,3764,19,2696,25,1068,0,0,44,3764,0,0,44,3764,California
Yolo,2021-01-04,193,3957,43,2739,150,1218,0,0,193,3957,0,0,193,3957,California
Yolo,2021-01-05,612,4569,236,2975,376,1594,0,0,551,4447,61,61,551,4508,California
Yolo,2021-01-06,480,5049,183,3158,297,1891,0,0,349,4665,131,192,349,4857,California
Yolo,2021-01-07,709,5758,233,3391,476,2367,0,0,520,4997,188,380,520,5377,California
Yolo,2021-01-08,632,6390,311,3702,321,2688,0,0,416,5198,215,595,416,5793,California
Yolo,2021-01-09,410,6800,69,3771,341,3029,0,0,364,5516,46,641,364,6157,California
Yolo,2021-01-10,393,7193,80,3851,313,3342,0,0,323,5769,70,711,323,6480,California
Yolo,2021-01-11,562,7755,325,4176,237,3579,0,0,293,5795,269,980,295,6775,California
Yolo,2021-01-12,481,8236,364,4540,117,3696,0,0,173,5661,308,1288,174,6949,California
Yolo,2021-01-13,770,9006,312,4852,458,4154,0,0,520,5931,250,1538,520,7469,California
Yolo,2021-01-14,376,9382,182,5034,194,4348,0,0,272,6099,104,1642,272,7741,California
Yolo,2021-01-15,623,10005,318,5352,305,4653,0,0,544,6565,79,1721,545,8286,California
Yolo,2021-01-16,740,10745,95,5447,645,5298,0,0,709,7243,31,1752,709,8995,California
Yolo,2021-01-17,186,10931,117,5564,69,5367,0,0,179,7415,7,1759,179,9174,California
Yolo,2021-01-18,478,11409,303,5867,175,5542,0,0,379,7695,99,1858,379,9553,California
Yolo,2021-01-19,556,11965,372,6239,184,5726,0,0,381,7901,175,2033,381,9934,California
Yolo,2021-01-20,659,12624,379,6618,280,6006,0,0,474,8191,184,2217,474,10408,California
Yolo,2021-01-21,647,13271,382,7000,265,6271,0,0,459,8462,188,2405,459,10867,California
Yolo,2021-01-22,745,14016,250,7250,495,6766,0,0,628,8975,115,2520,628,11495,California
Yolo,2021-01-23,613,14629,123,7373,490,7256,0,0,566,9494,47,2567,566,12061,California
Yolo,2021-01-24,207,14836,124,7497,83,7339,0,0,166,9619,41,2608,166,12227,California
Yolo,2021-01-25,728,15564,153,7650,575,7914,0,0,514,9919,214,2822,514,12741,California
Yolo,2021-01-26,817,16381,327,7977,490,8404,0,0,428,9958,389,3211,428,13169,California
Yolo,2021-01-27,556,16937,223,8200,333,8737,0,0,383,10168,173,3384,383,13552,California
Yolo,2021-01-28,1051,17988,566,8766,485,9222,0,0,925,10968,125,3509,925,14477,California
Yolo,2021-01-29,870,18858,263,9029,607,9829,0,0,788,11675,81,3590,788,15265,California
Yolo,2021-01-30,1515,20373,915,9944,600,10429,0,0,1406,12978,103,3693,1406,16671,California
Yolo,2021-01-31,249,20622,211,10155,38,10467,0,0,214,13158,34,3727,214,16885,California
Yolo,2021-02-01,844,21466,360,10515,484,10951,0,0,614,13545,227,3954,614,17499,California
Yolo,2021-02-02,1323,22789,746,11261,577,11528,0,0,931,14085,392,4346,932,18431,California
Yolo,2021-02-03,1515,24304,398,11659,1117,12645,0,0,1182,14937,330,4676,1182,19613,California
Yolo,2021-02-04,1787,26091,282,11941,1505,14150,0,0,1237,15636,539,5215,1238,20851,California
Yolo,2021-02-05,1592,27683,900,12841,692,14842,0,0,1197,16439,395,5610,1198,22049,California
Yolo,2021-02-06,1917,29600,1247,14088,670,15512,0,0,1556,17635,361,5971,1557,23606,California
Yolo,2021-02-07,519,30119,249,14337,270,15782,0,0,171,17459,347,6318,171,23777,California
Yolo,2021-02-08,948,31067,332,14669,616,16398,0,0,605,17724,340,6658,605,24382,California
Yolo,2021-02-09,860,31927,387,15056,473,16871,0,0,577,18018,283,6941,577,24959,California
Yolo,2021-02-10,1454,33381,476,15532,978,17849,0,0,817,18200,637,7578,819,25778,California
Yolo,2021-02-11,1567,34948,799,16331,768,18617,0,0,1185,19003,382,7960,1185,26963,California
Yolo,2021-02-12,1909,36857,749,17080,1160,19777,0,0,1441,19980,464,8424,1441,28404,California
Yolo,2021-02-13,2056,38913,712,17792,1344,21121,0,0,1391,20706,665,9089,1391,29795,California
Yolo,2021-02-14,570,39483,154,17946,416,21537,0,0,445,21027,124,9213,445,30240,California
Yolo,2021-02-15,531,40014,189,18135,342,21879,0,0,266,21029,265,9478,267,30507,California
Yolo,2021-02-16,1129,41143,426,18561,703,22582,0,0,811,21522,318,9796,811,31318,California
Yolo,2021-02-17,1386,42529,701,19262,685,23267,0,0,991,22118,395,10191,991,32309,California
Yolo,2021-02-18,2496,45025,814,20076,1682,24949,0,0,1727,23077,769,10960,1728,34037,California
Yolo,2021-02-19,1742,46767,745,20821,997,25946,0,0,1121,23579,619,11579,1121,35158,California
Yolo,2021-02-20,2434,49201,940,21761,1494,27440,0,0,1364,23879,1065,12644,1365,36523,California
Yolo,2021-02-21,282,49483,225,21986,57,27497,0,0,73,23744,208,12852,73,36596,California
Yolo,2021-02-22,1361,50844,601,22587,760,28257,0,0,692,23768,668,13520,692,37288,California
Yolo,2021-02-23,1124,51968,842,23429,282,28539,0,0,438,23522,684,14204,438,37726,California
Yolo,2021-02-24,2091,54059,590,24019,1501,30040,0,0,1381,24195,708,14912,1381,39107,California
Yolo,2021-02-25,1342,55401,447,24466,895,30935,0,0,876,24606,465,15377,876,39983,California
Yolo,2021-02-26,2600,58001,1012,25478,1588,32523,0,0,1394,24797,1203,16580,1394,41377,California
Yolo,2021-02-27,1657,59658,766,26244,891,33414,0,0,1207,25554,450,17030,1207,42584,California
Yolo,2021-02-28,1775,61433,1493,27737,282,33696,0,0,680,25141,1093,18123,680,43264,California
Yolo,2021-03-01,1102,62535,365,28102,737,34433,0,0,670,25381,430,18553,670,43934,California
Yolo,2021-03-02,1462,63997,681,28783,781,35214,0,0,931,25781,531,19084,931,44865,California
Yolo,2021-03-03,1839,65836,630,29413,1209,36423,0,0,833,25610,1004,20088,833,45698,California
Yolo,2021-03-04,2909,68745,1453,30866,1456,37879,0,0,1575,25854,1331,21419,1575,47273,California
Yolo,2021-03-05,2350,71095,1398,32264,941,38820,11,11,1473,26462,876,22295,1484,48757,California
Yolo,2021-03-06,1468,72563,1120,33384,319,39139,29,40,836,26698,629,22924,865,49622,California
Yolo,2021-03-07,907,73470,672,34056,221,39360,14,54,772,27349,135,23059,786,50408,California
Yolo,2021-03-08,1091,74561,486,34542,562,39922,43,97,763,27829,327,23386,807,51215,California
Yolo,2021-03-09,1243,75804,671,35213,512,40434,60,157,754,28156,487,23873,814,52029,California
Yolo,2021-03-10,1794,77598,1048,36261,457,40891,289,446,752,28152,1039,24912,1035,53064,California
Yolo,2021-03-11,2282,79880,1539,37800,677,41568,66,512,1570,29078,711,25623,1637,54701,California
Yolo,2021-03-12,2889,82769,1344,39144,1465,43033,80,592,1367,29010,1514,27137,1446,56147,California
Yolo,2021-03-13,1843,84612,730,39874,936,43969,177,769,1008,29363,832,27969,1185,57332,California
Yolo,2021-03-14,1004,85616,211,40085,643,44612,150,919,522,29550,481,28450,668,58000,California
Yolo,2021-03-15,1323,86939,774,40859,373,44985,176,1095,707,29817,614,29064,881,58881,California
Yolo,2021-03-16,1869,88808,717,41576,1080,46065,72,1167,1104,30228,765,29829,1176,60057,California
Yolo,2021-03-17,2487,91295,969,42545,1446,47511,72,1239,1705,31257,779,30608,1808,61865,California
Yolo,2021-03-18,2896,94191,899,43444,1773,49284,224,1463,1178,30945,1714,32322,1402,63267,California
Yolo,2021-03-19,2072,96263,849,44293,1155,50439,68,1531,1081,31109,985,33307,1149,64416,California
Yolo,2021-03-20,2748,99011,817,45110,1890,52329,41,1572,1115,30640,1627,34934,1158,65574,California
Yolo,2021-03-21,316,99327,215,45325,93,52422,8,1580,229,30791,86,35020,237,65811,California
Yolo,2021-03-22,1395,100722,487,45812,853,53275,55,1635,919,31291,473,35493,973,66784,California
Yolo,2021-03-23,1730,102452,932,46744,742,54017,56,1691,1072,31761,657,36150,1127,67911,California
Yolo,2021-03-24,2849,105301,1393,48137,1407,55424,49,1740,1421,31816,1416,37566,1471,69382,California
Yolo,2021-03-25,2433,107734,1303,49440,1103,56527,27,1767,1168,31756,1255,38821,1195,70577,California
Yolo,2021-03-26,2387,110121,1244,50684,1124,57651,19,1786,1024,31442,1356,40177,1042,71619,California
Yolo,2021-03-27,1650,111771,455,51139,1179,58830,16,1802,762,31333,887,41064,778,72397,California
Yolo,2021-03-28,1107,112878,862,52001,227,59057,18,1820,277,30802,826,41890,295,72692,California
Yolo,2021-03-29,2011,114889,821,52822,1160,60217,30,1850,982,30789,1025,42915,1012,73704,California
Yolo,2021-03-30,2269,117158,1069,53891,1177,61394,23,1873,1181,30910,1083,43998,1204,74908,California
Yolo,2021-03-31,2340,119498,1214,55105,1090,62484,36,1909,1196,30999,1143,45141,1232,76140,California
Yolo,2021-04-01,3752,123250,1767,56872,1511,63995,474,2383,1557,30837,2192,47333,2030,78170,California
Yolo,2021-04-02,3373,126623,1502,58374,1727,65722,144,2527,2087,31788,1280,48613,2231,80401,California
Yolo,2021-04-03,1786,128409,1078,59452,493,66215,215,2742,797,31812,988,49601,1012,81413,California
Yolo,2021-04-04,386,128795,150,59602,174,66389,62,2804,145,31778,241,49842,207,81620,California
Yolo,2021-04-05,1902,130697,729,60331,1075,67464,98,2902,1007,31993,890,50732,1105,82725,California
Yolo,2021-04-06,2563,133260,1301,61632,1091,68555,171,3073,1311,32233,1243,51975,1483,84208,California
Yolo,2021-04-07,2964,136224,1508,63140,1105,69660,351,3424,1914,33458,1044,53019,2269,86477,California
Yolo,2021-04-08,2411,138635,997,64137,943,70603,471,3895,1022,33562,1385,54404,1489,87966,California
Yolo,2021-04-09,2432,141067,886,65023,1051,71654,495,4390,809,33244,1620,56024,1302,89268,California
Yolo,2021-04-10,1690,142757,794,65817,724,72378,172,4562,1001,33731,685,56709,1172,90440,California
Yolo,2021-04-11,862,143619,257,66074,560,72938,45,4607,339,33594,520,57229,383,90823,California
Yolo,2021-04-12,1759,145378,520,66594,1095,74033,144,4751,1090,34162,666,57895,1234,92057,California
Yolo,2021-04-13,1938,147316,882,67476,1056,75089,0,4751,1008,34242,928,58823,1008,93065,California
Yolo,2021-04-14,2756,150072,756,68232,2000,77089,0,4751,1371,34232,1381,60204,1371,94436,California
Yolo,2021-04-15,3222,153294,1047,69279,2175,79264,0,4751,2261,35536,957,61161,2261,96697,California
Yolo,2021-04-16,2902,156196,1843,71122,1059,80323,0,4751,1831,36302,1065,62226,1831,98528,California
Yolo,2021-04-17,1516,157712,421,71543,1095,81418,0,4751,747,36283,766,62992,747,99275,California
Yolo,2021-04-18,592,158304,264,71807,328,81746,0,4751,348,36390,241,63233,348,99623,California
Yolo,2021-04-19,1667,159971,719,72526,947,82693,1,4752,769,36267,893,64126,770,100393,California
Yolo,2021-04-20,1998,161969,1011,73537,987,83680,0,4752,1073,36417,923,65049,1073,101466,California
Yolo,2021-04-21,1993,163962,992,74529,1001,84681,0,4752,1094,36615,896,65945,1094,102560,California
Yolo,2021-04-22,1795,165757,738,75267,1057,85738,0,4752,948,36722,842,66787,949,103509,California
Yolo,2021-04-23,2582,168339,1495,76762,1087,86825,0,4752,1157,36464,1415,68202,1157,104666,California
Yolo,2021-04-24,1152,169491,630,77392,520,87345,2,4754,454,36230,690,68892,456,105122,California
Yolo,2021-04-25,943,170434,402,77794,541,87886,0,4754,722,36732,220,69112,722,105844,California
Yolo,2021-04-26,1159,171593,436,78230,720,88606,3,4757,474,36527,683,69795,478,106322,California
Yolo,2021-04-27,1454,173047,665,78895,780,89386,9,4766,557,36198,897,70692,568,106890,California
Yolo,2021-04-28,2011,175058,994,79889,990,90376,27,4793,705,35627,1303,71995,732,107622,California
Yolo,2021-04-29,1527,176585,692,80581,752,91128,83,4876,550,35284,976,72971,633,108255,California
Yolo,2021-04-30,1968,178553,955,81536,956,92084,57,4933,941,35261,1021,73992,998,109253,California
Yolo,2021-05-01,794,179347,509,82045,265,92349,20,4953,319,35125,475,74467,339,109592,California
Yolo,2021-05-02,494,179841,401,82446,70,92419,23,4976,321,35296,173,74640,344,109936,California
Yolo,2021-05-03,1086,180927,372,82818,681,93100,33,5009,292,34829,791,75431,324,110260,California
Yolo,2021-05-04,1446,182373,658,83476,762,93862,26,5035,492,34397,950,76381,518,110778,California
Yolo,2021-05-05,1537,183910,419,83895,1057,94919,61,5096,436,33801,1093,77474,497,111275,California
Yolo,2021-05-06,1439,185349,666,84561,695,95614,78,5174,454,33354,978,78452,531,111806,California
Yolo,2021-05-07,2080,187429,1236,85797,812,96426,32,5206,364,32040,1710,80162,396,112202,California
Yolo,2021-05-08,599,188028,267,86064,284,96710,48,5254,192,31875,404,80566,239,112441,California
Yuba,2020-12-16,4,4,4,4,0,0,0,0,4,4,0,0,4,4,California
Yuba,2020-12-17,4,8,4,8,0,0,0,0,4,8,0,0,4,8,California
Yuba,2020-12-18,8,16,8,16,0,0,0,0,8,16,0,0,8,16,California
Yuba,2020-12-19,12,28,12,28,0,0,0,0,12,28,0,0,12,28,California
Yuba,2020-12-20,20,48,20,48,0,0,0,0,20,48,0,0,20,48,California
Yuba,2020-12-21,40,88,40,88,0,0,0,0,40,88,0,0,40,88,California
Yuba,2020-12-22,86,174,86,174,0,0,0,0,86,174,0,0,86,174,California
Yuba,2020-12-23,64,238,62,236,2,2,0,0,64,238,0,0,64,238,California
Yuba,2020-12-24,20,258,10,246,10,12,0,0,20,258,0,0,20,258,California
Yuba,2020-12-26,15,273,13,259,2,14,0,0,15,273,0,0,15,273,California
Yuba,2020-12-27,15,288,15,274,0,14,0,0,15,288,0,0,15,288,California
Yuba,2020-12-28,51,339,35,309,16,30,0,0,51,339,0,0,51,339,California
Yuba,2020-12-29,75,414,10,319,65,95,0,0,75,414,0,0,75,414,California
Yuba,2020-12-30,64,478,20,339,44,139,0,0,64,478,0,0,64,478,California
Yuba,2020-12-31,38,516,7,346,31,170,0,0,38,516,0,0,38,516,California
Yuba,2021-01-02,23,539,22,368,1,171,0,0,23,539,0,0,23,539,California
Yuba,2021-01-03,10,549,6,374,4,175,0,0,10,549,0,0,10,549,California
Yuba,2021-01-04,90,639,21,395,69,244,0,0,90,639,0,0,90,639,California
Yuba,2021-01-05,70,709,38,433,32,276,0,0,69,707,1,1,69,708,California
Yuba,2021-01-06,154,863,76,509,78,354,0,0,148,849,6,7,148,856,California
Yuba,2021-01-07,75,938,19,528,56,410,0,0,72,917,4,11,72,928,California
Yuba,2021-01-08,73,1011,25,553,48,458,0,0,66,976,7,18,66,994,California
Yuba,2021-01-09,19,1030,16,569,3,461,0,0,11,979,8,26,11,1005,California
Yuba,2021-01-10,117,1147,22,591,95,556,0,0,95,1052,22,48,95,1100,California
Yuba,2021-01-11,72,1219,50,641,22,578,0,0,32,1044,40,88,32,1132,California
Yuba,2021-01-12,107,1326,77,718,30,608,0,0,42,1021,65,153,42,1174,California
Yuba,2021-01-13,119,1445,72,790,47,655,0,0,54,1011,64,217,54,1228,California
Yuba,2021-01-14,109,1554,43,833,66,721,0,0,97,1096,12,229,97,1325,California
Yuba,2021-01-15,206,1760,88,921,118,839,0,0,195,1280,11,240,195,1520,California
Yuba,2021-01-16,184,1944,21,942,163,1002,0,0,172,1439,13,253,172,1692,California
Yuba,2021-01-17,13,1957,9,951,4,1006,0,0,7,1440,6,259,7,1699,California
Yuba,2021-01-18,60,2017,32,983,28,1034,0,0,35,1450,25,284,35,1734,California
Yuba,2021-01-19,80,2097,29,1012,51,1085,0,0,65,1500,15,299,65,1799,California
Yuba,2021-01-20,133,2230,87,1099,46,1131,0,0,110,1587,23,322,110,1909,California
Yuba,2021-01-21,212,2442,96,1195,116,1247,0,0,204,1783,8,330,204,2113,California
Yuba,2021-01-22,103,2545,6,1201,97,1344,0,0,94,1868,9,339,94,2207,California
Yuba,2021-01-23,200,2745,7,1208,193,1537,0,0,197,2062,3,342,197,2404,California
Yuba,2021-01-24,10,2755,7,1215,3,1540,0,0,8,2068,2,344,8,2412,California
Yuba,2021-01-25,84,2839,28,1243,56,1596,0,0,53,2091,30,374,53,2465,California
Yuba,2021-01-26,148,2987,39,1282,109,1705,0,0,90,2123,58,432,90,2555,California
Yuba,2021-01-27,183,3170,128,1410,55,1760,0,0,115,2170,68,500,115,2670,California
Yuba,2021-01-28,217,3387,79,1489,138,1898,0,0,175,2303,42,542,175,2845,California
Yuba,2021-01-29,159,3546,56,1545,103,2001,0,0,112,2368,47,589,112,2957,California
Yuba,2021-01-30,410,3956,23,1568,387,2388,0,0,399,2756,11,600,399,3356,California
Yuba,2021-01-31,17,3973,12,1580,5,2393,0,0,15,2769,2,602,15,3371,California
Yuba,2021-02-01,155,4128,75,1655,80,2473,0,0,131,2878,23,625,132,3503,California
Yuba,2021-02-02,123,4251,23,1678,100,2573,0,0,101,2957,22,647,101,3604,California
Yuba,2021-02-03,226,4477,29,1707,197,2770,0,0,114,2960,111,758,114,3718,California
Yuba,2021-02-04,295,4772,120,1827,175,2945,0,0,252,3169,43,801,252,3970,California
Yuba,2021-02-05,147,4919,32,1859,115,3060,0,0,71,3164,76,877,71,4041,California
Yuba,2021-02-06,449,5368,26,1885,423,3483,0,0,441,3597,8,885,441,4482,California
Yuba,2021-02-07,18,5386,11,1896,7,3490,0,0,15,3609,3,888,15,4497,California
Yuba,2021-02-08,96,5482,35,1931,61,3551,0,0,66,3645,30,918,66,4563,California
Yuba,2021-02-09,153,5635,55,1986,98,3649,0,0,84,3660,69,987,84,4647,California
Yuba,2021-02-10,352,5987,172,2158,180,3829,0,0,114,3537,237,1224,114,4761,California
Yuba,2021-02-11,396,6383,63,2221,333,4162,0,0,299,3741,95,1319,299,5060,California
Yuba,2021-02-12,265,6648,27,2248,238,4400,0,0,151,3778,114,1433,151,5211,California
Yuba,2021-02-13,435,7083,35,2283,400,4800,0,0,387,4117,48,1481,387,5598,California
Yuba,2021-02-14,54,7137,11,2294,43,4843,0,0,49,4161,5,1486,49,5647,California
Yuba,2021-02-15,87,7224,36,2330,51,4894,0,0,68,4210,19,1505,68,5715,California
Yuba,2021-02-16,199,7423,53,2383,146,5040,0,0,140,4292,58,1563,140,5855,California
Yuba,2021-02-17,372,7795,156,2539,216,5256,0,0,99,4119,272,1835,99,5954,California
Yuba,2021-02-18,317,8112,46,2585,271,5527,0,0,194,4190,123,1958,194,6148,California
Yuba,2021-02-19,225,8337,83,2668,142,5669,0,0,142,4249,83,2041,142,6290,California
Yuba,2021-02-20,389,8726,30,2698,359,6028,0,0,335,4530,54,2095,335,6625,California
Yuba,2021-02-21,17,8743,14,2712,3,6031,0,0,7,4527,10,2105,7,6632,California
Yuba,2021-02-22,128,8871,79,2791,49,6080,0,0,38,4476,89,2194,38,6670,California
Yuba,2021-02-23,113,8984,25,2816,88,6168,0,0,46,4456,66,2260,46,6716,California
Yuba,2021-02-24,481,9465,135,2951,346,6514,0,0,107,4189,374,2634,107,6823,California
Yuba,2021-02-25,337,9802,133,3084,204,6718,0,0,208,4268,129,2763,208,7031,California
Yuba,2021-02-26,256,10058,67,3151,189,6907,0,0,143,4300,111,2874,143,7174,California
Yuba,2021-02-27,472,10530,47,3198,425,7332,0,0,383,4596,87,2961,383,7557,California
Yuba,2021-02-28,66,10596,21,3219,45,7377,0,0,45,4620,21,2982,45,7602,California
Yuba,2021-03-01,156,10752,40,3259,116,7493,0,0,80,4625,75,3057,80,7682,California
Yuba,2021-03-02,159,10911,36,3295,123,7616,0,0,79,4624,80,3137,79,7761,California
Yuba,2021-03-03,622,11533,159,3454,463,8079,0,0,200,4403,421,3558,200,7961,California
Yuba,2021-03-04,466,11999,270,3724,196,8275,0,0,325,4588,140,3698,325,8286,California
Yuba,2021-03-05,317,12316,60,3784,256,8531,1,1,249,4770,68,3766,250,8536,California
Yuba,2021-03-06,474,12790,35,3819,435,8966,4,5,368,5036,106,3872,372,8908,California
Yuba,2021-03-07,49,12839,27,3846,21,8987,1,6,33,5054,16,3888,34,8942,California
Yuba,2021-03-08,160,12999,49,3895,95,9082,16,22,101,5112,59,3947,117,9059,California
Yuba,2021-03-09,176,13175,47,3942,110,9192,19,41,84,5123,92,4039,103,9162,California
Yuba,2021-03-10,736,13911,233,4175,473,9665,30,71,232,4882,503,4542,262,9424,California
Yuba,2021-03-11,428,14339,187,4362,229,9894,12,83,295,5056,133,4675,307,9731,California
Yuba,2021-03-12,461,14800,86,4448,321,10215,54,137,150,4949,311,4986,204,9935,California
Yuba,2021-03-13,455,15255,335,4783,105,10320,15,152,361,5232,93,5079,376,10311,California
Yuba,2021-03-14,107,15362,21,4804,76,10396,10,162,46,5228,60,5139,56,10367,California
Yuba,2021-03-15,190,15552,49,4853,124,10520,17,179,96,5247,94,5233,113,10480,California
Yuba,2021-03-16,290,15842,71,4924,194,10714,25,204,177,5337,112,5345,202,10682,California
Yuba,2021-03-17,739,16581,162,5086,548,11262,29,233,193,5015,544,5889,222,10904,California
Yuba,2021-03-18,571,17152,150,5236,309,11571,112,345,349,5253,222,6111,460,11364,California
Yuba,2021-03-19,325,17477,120,5356,156,11727,49,394,186,5350,138,6249,235,11599,California
Yuba,2021-03-20,555,18032,81,5437,456,12183,18,412,475,5764,79,6328,493,12092,California
Yuba,2021-03-21,60,18092,35,5472,25,12208,0,412,48,5800,12,6340,48,12140,California
Yuba,2021-03-22,190,18282,70,5542,113,12321,7,419,148,5913,42,6382,155,12295,California
Yuba,2021-03-23,264,18546,80,5622,157,12478,27,446,177,6032,85,6467,204,12499,California
Yuba,2021-03-24,767,19313,254,5876,432,12910,81,527,188,5723,577,7044,268,12767,California
Yuba,2021-03-25,497,19810,263,6139,212,13122,22,549,244,5736,253,7297,266,13033,California
Yuba,2021-03-26,390,20200,143,6282,220,13342,27,576,224,5822,165,7462,251,13284,California
Yuba,2021-03-27,460,20660,27,6309,430,13772,3,579,405,6175,54,7516,407,13691,California
Yuba,2021-03-28,99,20759,40,6349,55,13827,4,583,37,6154,62,7578,41,13732,California
Yuba,2021-03-29,295,21054,86,6435,177,14004,32,615,179,6249,116,7694,211,13943,California
Yuba,2021-03-30,274,21328,68,6503,198,14202,8,623,190,6363,84,7778,198,14141,California
Yuba,2021-03-31,667,21995,113,6616,542,14744,12,635,237,6183,429,8207,249,14390,California
Yuba,2021-04-01,614,22609,282,6898,303,15047,29,664,281,6160,333,8540,310,14700,California
Yuba,2021-04-02,493,23102,94,6992,316,15363,83,747,187,6124,305,8845,269,14969,California
Yuba,2021-04-03,653,23755,55,7047,116,15479,482,1229,87,6128,565,9410,569,15538,California
Yuba,2021-04-04,58,23813,11,7058,41,15520,6,1235,33,6142,25,9435,39,15577,California
Yuba,2021-04-05,245,24058,78,7136,146,15666,21,1256,123,6165,120,9555,143,15720,California
Yuba,2021-04-06,354,24412,114,7250,179,15845,61,1317,170,6213,183,9738,231,15951,California
Yuba,2021-04-07,770,25182,396,7646,321,16166,53,1370,346,6190,421,10159,398,16349,California
Yuba,2021-04-08,721,25903,288,7934,171,16337,262,1632,255,6241,465,10624,516,16865,California
Yuba,2021-04-09,390,26293,169,8103,157,16494,64,1696,158,6232,231,10855,222,17087,California
Yuba,2021-04-10,594,26887,73,8176,74,16568,447,2143,73,6231,519,11374,518,17605,California
Yuba,2021-04-11,96,26983,20,8196,64,16632,12,2155,37,6221,59,11433,49,17654,California
Yuba,2021-04-12,210,27193,46,8242,135,16767,29,2184,80,6201,129,11562,109,17763,California
Yuba,2021-04-13,394,27587,100,8342,294,17061,0,2184,202,6212,191,11753,202,17965,California
Yuba,2021-04-14,692,28279,109,8451,583,17644,0,2184,118,5757,573,12326,118,18083,California
Yuba,2021-04-15,330,28609,123,8574,207,17851,0,2184,144,5715,186,12512,144,18227,California
Yuba,2021-04-16,331,28940,101,8675,230,18081,0,2184,179,5742,152,12664,179,18406,California
Yuba,2021-04-17,392,29332,55,8730,337,18418,0,2184,321,5993,70,12734,321,18727,California
Yuba,2021-04-18,52,29384,9,8739,43,18461,0,2184,24,5989,28,12762,24,18751,California
Yuba,2021-04-19,245,29629,102,8841,143,18604,0,2184,104,5952,141,12903,104,18855,California
Yuba,2021-04-20,301,29930,78,8919,223,18827,0,2184,175,6003,125,13028,176,19031,California
Yuba,2021-04-21,705,30635,287,9206,418,19245,0,2184,304,5906,401,13429,304,19335,California
Yuba,2021-04-22,314,30949,120,9326,194,19439,0,2184,180,5952,134,13563,180,19515,California
Yuba,2021-04-23,336,31285,107,9433,229,19668,0,2184,162,5941,173,13736,162,19677,California
Yuba,2021-04-24,216,31501,68,9501,148,19816,0,2184,123,5971,93,13829,123,19800,California
Yuba,2021-04-25,74,31575,30,9531,44,19860,0,2184,37,5971,37,13866,37,19837,California
Yuba,2021-04-26,217,31792,47,9578,166,20026,4,2188,99,5956,118,13984,103,19940,California
Yuba,2021-04-27,458,32250,149,9727,299,20325,10,2198,225,5960,231,14215,235,20175,California
Yuba,2021-04-28,430,32680,174,9901,251,20576,5,2203,144,5829,280,14495,149,20324,California
Yuba,2021-04-29,421,33101,63,9964,357,20933,1,2204,142,5694,278,14773,143,20467,California
Yuba,2021-04-30,322,33423,87,10051,206,21139,29,2233,138,5679,182,14955,167,20634,California
Yuba,2021-05-01,199,33622,91,10142,90,21229,18,2251,87,5673,111,15066,105,20739,California
Yuba,2021-05-02,64,33686,34,10176,26,21255,4,2255,37,5687,27,15093,41,20780,California
Yuba,2021-05-03,141,33827,64,10240,68,21323,9,2264,45,5648,93,15186,54,20834,California
Yuba,2021-05-04,285,34112,93,10333,171,21494,21,2285,127,5638,158,15344,148,20982,California
Yuba,2021-05-05,304,34416,76,10409,221,21715,7,2292,105,5551,199,15543,112,21094,California
Yuba,2021-05-06,226,34642,98,10507,90,21805,38,2330,75,5516,148,15691,113,21207,California
Yuba,2021-05-07,287,34929,56,10563,210,22015,21,2351,91,5431,196,15887,111,21318,California
Yuba,2021-05-08,64,34993,17,10580,45,22060,2,2353,14,5397,50,15937,16,21334,California
